ts_code,trade_date,open,high,low,close,pre_close,change,pct_chg,vol,amount
000573.SZ,20200601,2.59,2.62,2.56,2.61,2.57,0.04,1.5564,84419.94,21853.828
000573.SZ,20200529,2.55,2.6,2.53,2.57,2.56,0.01,0.3906,38159.28,9818.645
000573.SZ,20200528,2.57,2.6,2.53,2.56,2.56,0.0,0.0,37897.35,9698.143
000573.SZ,20200527,2.58,2.58,2.55,2.56,2.57,-0.01,-0.3891,22267.72,5710.626
000573.SZ,20200526,2.55,2.58,2.54,2.57,2.55,0.02,0.7843,25512.62,6552.441
000573.SZ,20200525,2.54,2.56,2.53,2.55,2.55,0.0,0.0,23032.77,5849.014
000573.SZ,20200522,2.58,2.6,2.53,2.55,2.59,-0.04,-1.5444,32744.25,8366.422
000573.SZ,20200521,2.63,2.63,2.58,2.59,2.62,-0.03,-1.145,35443.87,9209.379
000573.SZ,20200520,2.64,2.65,2.61,2.62,2.65,-0.03,-1.1321,24030.99,6311.445
000573.SZ,20200519,2.68,2.68,2.63,2.65,2.65,0.0,0.0,26424.81,6986.374
000573.SZ,20200518,2.64,2.69,2.63,2.65,2.64,0.01,0.3788,49570.22,13216.524
000573.SZ,20200515,2.63,2.65,2.61,2.64,2.62,0.02,0.7634,31222.65,8219.047
000573.SZ,20200514,2.65,2.65,2.61,2.62,2.66,-0.04,-1.5038,26443.46,6946.121
000573.SZ,20200513,2.65,2.66,2.62,2.66,2.64,0.02,0.7576,26501.32,6985.384
000573.SZ,20200512,2.66,2.68,2.63,2.64,2.68,-0.04,-1.4925,30109.82,7971.755
000573.SZ,20200511,2.73,2.73,2.65,2.68,2.68,0.0,0.0,48386.87,12945.336
000573.SZ,20200508,2.68,2.72,2.66,2.68,2.7,-0.02,-0.7407,86785.18,23372.457
000573.SZ,20200507,2.65,2.7,2.64,2.7,2.72,-0.02,-0.7353,106894.85,28529.714
000573.SZ,20200506,2.71,2.93,2.68,2.72,2.66,0.06,2.2556,145531.03,39906.897
000573.SZ,20200430,2.59,2.68,2.58,2.66,2.59,0.07,2.7027,96793.67,25476.293
000573.SZ,20200429,2.57,2.6,2.55,2.59,2.59,0.0,0.0,44239.51,11393.558
000573.SZ,20200428,2.57,2.61,2.45,2.59,2.57,0.02,0.7782,97171.49,24626.048
000573.SZ,20200427,2.55,2.6,2.54,2.57,2.56,0.01,0.3906,39541.38,10178.344
000573.SZ,20200424,2.62,2.62,2.56,2.56,2.61,-0.05,-1.9157,41921.08,10817.196
000573.SZ,20200423,2.64,2.64,2.61,2.61,2.63,-0.02,-0.7605,32758.53,8583.686
000573.SZ,20200422,2.6,2.63,2.58,2.63,2.62,0.01,0.3817,57482.5,14954.46
000573.SZ,20200421,2.64,2.64,2.59,2.62,2.65,-0.03,-1.1321,61899.64,16177.258
000573.SZ,20200420,2.67,2.67,2.63,2.65,2.65,0.0,0.0,50836.8,13434.5
000573.SZ,20200417,2.68,2.69,2.64,2.65,2.67,-0.02,-0.7491,50918.21,13576.308
000573.SZ,20200416,2.66,2.68,2.63,2.67,2.67,0.0,0.0,55671.18,14786.74
000573.SZ,20200415,2.73,2.74,2.67,2.67,2.76,-0.09,-3.2609,130885.61,35280.789
000573.SZ,20200414,2.73,2.76,2.7,2.76,2.74,0.02,0.7299,86810.55,23699.971
000573.SZ,20200413,2.75,2.76,2.7,2.74,2.77,-0.03,-1.083,57120.62,15582.611
000573.SZ,20200410,2.78,2.81,2.75,2.77,2.79,-0.02,-0.7168,57958.17,16090.205
000573.SZ,20200409,2.79,2.82,2.77,2.79,2.79,0.0,0.0,55764.47,15590.487
000573.SZ,20200408,2.76,2.81,2.75,2.79,2.77,0.02,0.722,58454.62,16297.233
000573.SZ,20200407,2.76,2.8,2.76,2.77,2.74,0.03,1.0949,72422.12,20099.199
000573.SZ,20200403,2.74,2.76,2.71,2.74,2.76,-0.02,-0.7246,40515.17,11069.498
000573.SZ,20200402,2.69,2.76,2.67,2.76,2.71,0.05,1.845,48169.01,13072.812
000573.SZ,20200401,2.7,2.78,2.68,2.71,2.72,-0.01,-0.3676,54810.1,14957.021
000573.SZ,20200331,2.73,2.76,2.7,2.72,2.73,-0.01,-0.3663,51403.95,14048.921
000573.SZ,20200330,2.76,2.76,2.63,2.73,2.76,-0.03,-1.087,50711.5,13657.201
000573.SZ,20200327,2.79,2.82,2.75,2.76,2.76,0.0,0.0,43770.08,12173.24
000573.SZ,20200326,2.78,2.81,2.75,2.76,2.8,-0.04,-1.4286,53116.41,14711.114
000573.SZ,20200325,2.77,2.84,2.73,2.8,2.73,0.07,2.5641,80983.27,22455.743
000573.SZ,20200324,2.65,2.75,2.65,2.73,2.61,0.12,4.5977,84054.78,22665.327
000573.SZ,20200323,2.7,2.7,2.61,2.61,2.74,-0.13,-4.7445,69610.36,18454.333
000573.SZ,20200320,2.74,2.77,2.69,2.74,2.73,0.01,0.3663,71108.47,19404.593
000573.SZ,20200319,2.76,2.78,2.67,2.73,2.76,-0.03,-1.087,76115.37,20678.652
000573.SZ,20200318,2.9,2.9,2.75,2.76,2.87,-0.11,-3.8328,95859.5,27214.202
000573.SZ,20200317,2.88,2.92,2.77,2.87,2.9,-0.03,-1.0345,85019.15,24248.83
000573.SZ,20200316,2.99,3.02,2.87,2.9,2.96,-0.06,-2.027,95957.35,28365.882
000573.SZ,20200313,2.88,2.98,2.81,2.96,2.96,0.0,0.0,101246.91,29302.598
000573.SZ,20200312,2.98,3.05,2.92,2.96,3.04,-0.08,-2.6316,89364.9,26593.556
000573.SZ,20200311,3.01,3.1,2.96,3.04,3.0,0.04,1.3333,142391.33,43442.567
000573.SZ,20200310,2.89,3.02,2.87,3.0,2.94,0.06,2.0408,109405.01,32503.602
000573.SZ,20200309,3.0,3.02,2.92,2.94,3.04,-0.1,-3.2895,96715.0,28763.623
000573.SZ,20200306,3.04,3.08,3.01,3.04,3.07,-0.03,-0.9772,112459.2,34169.303
000573.SZ,20200305,3.04,3.09,2.99,3.07,3.07,0.0,0.0,187536.58,57347.964
000573.SZ,20200304,2.89,3.12,2.85,3.07,2.9,0.17,5.8621,228556.25,68959.346
000573.SZ,20200303,2.9,2.93,2.87,2.9,2.89,0.01,0.346,71406.95,20698.786
000573.SZ,20200302,2.77,2.9,2.77,2.89,2.77,0.12,4.3321,83199.03,23809.134
000573.SZ,20200228,2.82,2.87,2.76,2.77,2.89,-0.12,-4.1522,105337.46,29564.133
000573.SZ,20200227,2.88,2.92,2.86,2.89,2.87,0.02,0.6969,75300.93,21772.716
000573.SZ,20200226,2.81,2.94,2.79,2.87,2.83,0.04,1.4134,145535.67,42178.693
000573.SZ,20200225,2.87,2.88,2.75,2.83,2.9,-0.07,-2.4138,110768.96,31225.592
000573.SZ,20200224,2.89,2.9,2.86,2.9,2.9,0.0,0.0,55354.27,15966.181
000573.SZ,20200221,2.9,2.92,2.88,2.9,2.91,-0.01,-0.3436,62663.02,18167.354
000573.SZ,20200220,2.85,2.92,2.85,2.91,2.87,0.04,1.3937,50496.0,14572.176
000573.SZ,20200219,2.85,2.96,2.84,2.87,2.86,0.01,0.3497,84864.1,24559.834
000573.SZ,20200218,2.86,2.87,2.83,2.86,2.85,0.01,0.3509,62643.69,17861.086
000573.SZ,20200217,2.78,2.86,2.77,2.85,2.78,0.07,2.518,68967.36,19547.674
000573.SZ,20200214,2.76,2.78,2.74,2.78,2.77,0.01,0.361,48046.0,13270.708
000573.SZ,20200213,2.77,2.83,2.75,2.77,2.77,0.0,0.0,68970.01,19228.783
000573.SZ,20200212,2.76,2.78,2.74,2.77,2.76,0.01,0.3623,42973.0,11870.969
000573.SZ,20200211,2.77,2.8,2.75,2.76,2.77,-0.01,-0.361,56078.0,15549.851
000573.SZ,20200210,2.67,2.77,2.66,2.77,2.7,0.07,2.5926,65045.88,17767.683
000573.SZ,20200207,2.69,2.71,2.63,2.7,2.68,0.02,0.7463,69139.11,18489.127
000573.SZ,20200206,2.72,2.72,2.64,2.68,2.67,0.01,0.3745,63322.75,16958.354
000573.SZ,20200205,2.59,2.76,2.58,2.67,2.59,0.08,3.0888,111737.71,29974.182
000573.SZ,20200204,2.46,2.68,2.46,2.59,2.7,-0.11,-4.0741,141346.43,36291.942
000573.SZ,20200203,2.7,2.7,2.7,2.7,3.0,-0.3,-10.0,18484.0,4990.68
000573.SZ,20200123,3.07,3.08,2.97,3.0,3.1,-0.1,-3.2258,81537.58,24673.541
000573.SZ,20200122,3.06,3.11,3.03,3.1,3.08,0.02,0.6494,57339.36,17617.442
000573.SZ,20200121,3.08,3.12,3.05,3.08,3.08,0.0,0.0,60008.98,18497.014
000573.SZ,20200120,3.08,3.09,3.02,3.08,3.08,0.0,0.0,53657.68,16415.3
000573.SZ,20200117,3.09,3.11,3.07,3.08,3.08,0.0,0.0,50569.69,15615.522
000573.SZ,20200116,3.13,3.13,3.07,3.08,3.14,-0.06,-1.9108,65550.0,20333.346
000573.SZ,20200115,3.14,3.16,3.09,3.14,3.16,-0.02,-0.6329,66677.0,20796.15
000573.SZ,20200114,3.16,3.18,3.14,3.16,3.17,-0.01,-0.3155,78609.69,24822.56
000573.SZ,20200113,3.17,3.19,3.1,3.17,3.17,0.0,0.0,109013.74,34169.628
000573.SZ,20200110,3.15,3.18,3.14,3.17,3.14,0.03,0.9554,99739.0,31587.779
000573.SZ,20200109,3.12,3.15,3.1,3.14,3.1,0.04,1.2903,53149.06,16641.335
000573.SZ,20200108,3.15,3.15,3.09,3.1,3.17,-0.07,-2.2082,80676.0,25145.41
000573.SZ,20200107,3.13,3.17,3.12,3.17,3.13,0.04,1.278,65895.58,20762.132
000573.SZ,20200106,3.1,3.14,3.08,3.13,3.13,0.0,0.0,75060.9,23402.553
000573.SZ,20200103,3.11,3.15,3.1,3.13,3.11,0.02,0.6431,55406.23,17285.38
000573.SZ,20200102,3.1,3.14,3.1,3.11,3.09,0.02,0.6472,77157.21,24063.259
000573.SZ,20191231,3.08,3.1,3.06,3.09,3.07,0.02,0.6515,56924.0,17527.345
000573.SZ,20191230,3.03,3.09,3.02,3.07,3.03,0.04,1.3201,71271.88,21831.406
000573.SZ,20191227,3.08,3.09,3.03,3.03,3.08,-0.05,-1.6234,53169.71,16272.371
000573.SZ,20191226,3.03,3.09,3.03,3.08,3.02,0.06,1.9868,68286.51,20889.119
000573.SZ,20191225,3.04,3.05,3.0,3.02,3.04,-0.02,-0.6579,39387.0,11921.574
000573.SZ,20191224,2.99,3.04,2.98,3.04,3.0,0.04,1.3333,47238.46,14273.865
000573.SZ,20191223,3.05,3.08,2.99,3.0,3.06,-0.06,-1.9608,54783.8,16588.65
000573.SZ,20191220,3.06,3.09,3.04,3.06,3.05,0.01,0.3279,81498.0,25069.291
000573.SZ,20191219,3.04,3.06,3.03,3.05,3.04,0.01,0.3289,45946.0,14005.278
000573.SZ,20191218,3.03,3.06,3.02,3.04,3.04,0.0,0.0,47124.99,14317.296
000573.SZ,20191217,3.01,3.06,3.0,3.04,3.01,0.03,0.9967,61429.9,18648.272
000573.SZ,20191216,2.98,3.02,2.97,3.01,2.97,0.04,1.3468,55065.3,16496.08
000573.SZ,20191213,2.96,2.99,2.93,2.97,2.95,0.02,0.678,56825.36,16849.419
000573.SZ,20191212,2.97,2.97,2.93,2.95,2.95,0.0,0.0,31897.49,9421.939
000573.SZ,20191211,2.95,2.97,2.93,2.95,2.96,-0.01,-0.3378,35092.85,10350.083
000573.SZ,20191210,2.94,2.97,2.93,2.96,2.95,0.01,0.339,31237.76,9209.301
000573.SZ,20191209,2.94,2.97,2.93,2.95,2.95,0.0,0.0,35845.52,10592.782
000573.SZ,20191206,2.95,2.95,2.92,2.95,2.95,0.0,0.0,24826.0,7286.011
000573.SZ,20191205,2.94,2.95,2.92,2.95,2.93,0.02,0.6826,38475.01,11320.275
000573.SZ,20191204,2.91,2.93,2.9,2.93,2.92,0.01,0.3425,26244.17,7654.724
000573.SZ,20191203,2.9,2.92,2.88,2.92,2.91,0.01,0.3436,32822.55,9517.941
000573.SZ,20191202,2.9,2.92,2.88,2.91,2.9,0.01,0.3448,24996.22,7262.964
000573.SZ,20191129,2.9,2.92,2.88,2.9,2.9,0.0,0.0,35013.47,10162.28
000573.SZ,20191128,2.93,2.93,2.89,2.9,2.91,-0.01,-0.3436,27492.0,7988.743
000573.SZ,20191127,2.91,2.94,2.9,2.91,2.92,-0.01,-0.3425,31808.0,9285.249
000573.SZ,20191126,2.94,2.95,2.91,2.92,2.94,-0.02,-0.6803,43263.0,12673.662
000573.SZ,20191125,2.9,2.95,2.88,2.94,2.9,0.04,1.3793,61610.13,17989.028
000573.SZ,20191122,2.92,2.96,2.89,2.9,2.93,-0.03,-1.0239,48815.01,14227.533
000573.SZ,20191121,2.89,2.93,2.87,2.93,2.9,0.03,1.0345,40247.52,11677.009
000573.SZ,20191120,2.95,2.95,2.89,2.9,2.95,-0.05,-1.6949,48626.07,14169.169
000573.SZ,20191119,2.93,2.96,2.92,2.95,2.94,0.01,0.3401,52612.99,15465.079
000573.SZ,20191118,2.95,2.95,2.91,2.94,2.93,0.01,0.3413,30261.86,8842.993
000573.SZ,20191115,2.94,2.96,2.93,2.93,2.94,-0.01,-0.3401,21166.72,6224.564
000573.SZ,20191114,2.96,2.96,2.91,2.94,2.97,-0.03,-1.0101,36011.0,10571.464
000573.SZ,20191113,3.0,3.0,2.93,2.97,2.98,-0.01,-0.3356,26931.77,7966.849
000573.SZ,20191112,2.92,2.98,2.92,2.98,2.95,0.03,1.0169,38437.89,11356.056
000573.SZ,20191111,3.01,3.01,2.94,2.95,3.01,-0.06,-1.9934,59430.1,17646.991
000573.SZ,20191108,3.06,3.07,3.01,3.01,3.06,-0.05,-1.634,50831.01,15425.801
000573.SZ,20191107,3.03,3.09,3.01,3.06,3.03,0.03,0.9901,51767.43,15793.248
000573.SZ,20191106,3.08,3.1,3.01,3.03,3.08,-0.05,-1.6234,54958.73,16707.033
000573.SZ,20191105,3.05,3.09,3.03,3.08,3.04,0.04,1.3158,74390.3,22846.97
000573.SZ,20191104,3.04,3.1,3.03,3.04,3.05,-0.01,-0.3279,78835.43,24153.275
000573.SZ,20191101,3.0,3.06,2.99,3.05,3.0,0.05,1.6667,82491.0,25049.356
000573.SZ,20191031,2.99,3.08,2.98,3.0,2.99,0.01,0.3344,121798.97,36905.034
000573.SZ,20191030,2.97,3.02,2.94,2.99,2.99,0.0,0.0,56138.44,16650.646
000573.SZ,20191029,3.05,3.05,2.99,2.99,3.04,-0.05,-1.6447,51742.29,15593.625
000573.SZ,20191028,3.0,3.05,2.98,3.04,3.01,0.03,0.9967,61726.36,18678.751
000573.SZ,20191025,2.96,3.01,2.94,3.01,2.97,0.04,1.3468,61664.17,18390.306
000573.SZ,20191024,2.96,2.99,2.93,2.97,2.96,0.01,0.3378,41721.9,12353.17
000573.SZ,20191023,2.99,3.0,2.95,2.96,2.98,-0.02,-0.6711,46747.05,13860.2
000573.SZ,20191022,2.97,2.98,2.94,2.98,2.94,0.04,1.3605,42343.97,12546.727
000573.SZ,20191021,2.95,2.96,2.91,2.94,2.96,-0.02,-0.6757,46905.0,13781.718
000573.SZ,20191018,3.01,3.04,2.96,2.96,3.03,-0.07,-2.3102,85064.47,25420.518
000573.SZ,20191017,3.08,3.08,3.02,3.03,3.02,0.01,0.3311,82723.54,25158.374
000573.SZ,20191016,3.1,3.12,3.01,3.02,3.09,-0.07,-2.2654,154783.56,47477.719
000573.SZ,20191015,3.04,3.12,3.03,3.09,3.03,0.06,1.9802,198965.12,61467.524
000573.SZ,20191014,3.05,3.08,3.01,3.03,3.0,0.03,1.0,144603.59,44003.17
000573.SZ,20191011,3.0,3.03,2.96,3.0,3.09,-0.09,-2.9126,270499.04,80978.801
000573.SZ,20191010,3.14,3.25,3.08,3.09,3.14,-0.05,-1.5924,493086.52,155333.472
000573.SZ,20191009,3.14,3.14,3.06,3.14,2.85,0.29,10.1754,334203.45,104891.389
000573.SZ,20191008,2.84,2.88,2.82,2.85,2.83,0.02,0.7067,50512.26,14414.298
000573.SZ,20190930,2.86,2.86,2.82,2.83,2.85,-0.02,-0.7018,29711.3,8437.32
000573.SZ,20190927,2.84,2.87,2.8,2.85,2.81,0.04,1.4235,39467.66,11227.277
000573.SZ,20190926,2.9,2.91,2.8,2.81,2.88,-0.07,-2.4306,68980.0,19548.607
000573.SZ,20190925,2.94,2.94,2.87,2.88,2.95,-0.07,-2.3729,53550.18,15517.99
000573.SZ,20190924,2.95,2.98,2.93,2.95,2.95,0.0,0.0,34596.59,10204.837
000573.SZ,20190923,2.98,2.98,2.92,2.95,2.99,-0.04,-1.3378,53131.04,15624.204
000573.SZ,20190920,3.01,3.02,2.97,2.99,3.01,-0.02,-0.6645,42068.41,12608.971
000573.SZ,20190919,2.99,3.01,2.94,3.01,2.98,0.03,1.0067,45015.35,13367.979
000573.SZ,20190918,2.98,3.02,2.98,2.98,2.99,-0.01,-0.3344,44724.01,13411.832
000573.SZ,20190917,3.09,3.1,2.97,2.99,3.08,-0.09,-2.9221,79007.0,23838.866
000573.SZ,20190916,3.11,3.12,3.06,3.08,3.1,-0.02,-0.6452,68021.75,21046.352
000573.SZ,20190912,3.09,3.11,3.07,3.1,3.08,0.02,0.6494,37154.83,11490.134
000573.SZ,20190911,3.09,3.13,3.07,3.08,3.07,0.01,0.3257,80496.01,24960.22
000573.SZ,20190910,3.07,3.09,3.05,3.07,3.06,0.01,0.3268,49418.2,15152.913
000573.SZ,20190909,3.05,3.07,3.02,3.06,3.03,0.03,0.9901,77618.46,23641.67
000573.SZ,20190906,3.06,3.07,3.01,3.03,3.06,-0.03,-0.9804,46905.4,14243.319
000573.SZ,20190905,3.04,3.09,3.03,3.06,3.04,0.02,0.6579,87428.58,26788.944
000573.SZ,20190904,2.98,3.04,2.96,3.04,2.99,0.05,1.6722,81118.98,24380.555
000573.SZ,20190903,3.03,3.05,2.96,2.99,3.05,-0.06,-1.9672,95787.7,28701.644
000573.SZ,20190902,3.02,3.05,2.94,3.05,3.02,0.03,0.9934,77734.38,23398.334
000573.SZ,20190830,3.04,3.09,3.0,3.02,3.03,-0.01,-0.33,66814.11,20418.544
000573.SZ,20190829,3.1,3.11,3.02,3.03,3.07,-0.04,-1.3029,44254.0,13490.234
000573.SZ,20190828,3.03,3.09,3.01,3.07,3.02,0.05,1.6556,63413.53,19368.951
000573.SZ,20190827,3.02,3.04,2.96,3.02,2.98,0.04,1.3423,51491.58,15527.277
000573.SZ,20190826,2.96,2.99,2.91,2.98,2.99,-0.01,-0.3344,53793.1,15875.501
000573.SZ,20190823,3.03,3.03,2.99,2.99,3.0,-0.01,-0.3333,34073.87,10253.486
000573.SZ,20190822,2.99,3.03,2.98,3.0,2.99,0.01,0.3344,37473.24,11255.745
000573.SZ,20190821,2.96,3.01,2.96,2.99,2.98,0.01,0.3356,39769.0,11895.16
000573.SZ,20190820,2.96,3.06,2.93,2.98,2.97,0.01,0.3367,71124.31,21367.246
000573.SZ,20190819,2.95,2.97,2.91,2.97,2.88,0.09,3.125,56178.85,16528.129
000573.SZ,20190816,2.83,2.9,2.83,2.88,2.84,0.04,1.4085,38834.01,11184.16
000573.SZ,20190815,2.8,2.86,2.75,2.84,2.85,-0.01,-0.3509,50207.31,14078.973
000573.SZ,20190814,2.86,2.89,2.85,2.85,2.84,0.01,0.3521,32184.0,9248.317
000573.SZ,20190813,2.86,2.87,2.82,2.84,2.88,-0.04,-1.3889,24207.0,6867.307
000573.SZ,20190812,2.84,2.88,2.82,2.88,2.84,0.04,1.4085,30531.0,8696.053
000573.SZ,20190809,2.89,2.89,2.82,2.84,2.86,-0.02,-0.6993,37127.69,10604.864
000573.SZ,20190808,2.9,2.91,2.85,2.86,2.88,-0.02,-0.6944,45565.17,13122.772
000573.SZ,20190807,2.9,2.92,2.86,2.88,2.9,-0.02,-0.6897,47442.68,13718.23
000573.SZ,20190806,2.92,2.92,2.81,2.9,2.96,-0.06,-2.027,60605.32,17355.395
000573.SZ,20190805,2.99,3.03,2.95,2.96,3.01,-0.05,-1.6611,54040.79,16117.15
000573.SZ,20190802,3.05,3.08,3.0,3.01,3.11,-0.1,-3.2154,55640.44,16835.262
000573.SZ,20190801,3.14,3.14,3.09,3.11,3.12,-0.01,-0.3205,45852.29,14255.3
000573.SZ,20190731,3.17,3.18,3.11,3.12,3.2,-0.08,-2.5,76041.53,23828.241
000573.SZ,20190730,3.21,3.23,3.17,3.2,3.23,-0.03,-0.9288,109804.0,35091.775
000573.SZ,20190729,3.25,3.25,3.2,3.23,3.24,-0.01,-0.3086,29181.46,9398.869
000573.SZ,20190726,3.24,3.27,3.22,3.24,3.24,0.0,0.0,27322.01,8846.208
000573.SZ,20190725,3.26,3.27,3.21,3.24,3.25,-0.01,-0.3077,26896.01,8717.455
000573.SZ,20190724,3.23,3.28,3.22,3.25,3.23,0.02,0.6192,39788.34,12935.804
000573.SZ,20190723,3.25,3.26,3.21,3.23,3.21,0.02,0.6231,25078.93,8105.378
000573.SZ,20190722,3.34,3.34,3.21,3.21,3.33,-0.12,-3.6036,47381.31,15423.285
000573.SZ,20190719,3.27,3.35,3.27,3.33,3.27,0.06,1.8349,36681.0,12166.004
000573.SZ,20190718,3.32,3.32,3.26,3.27,3.3,-0.03,-0.9091,26360.0,8655.744
000573.SZ,20190717,3.31,3.32,3.27,3.3,3.31,-0.01,-0.3021,29251.0,9654.587
000573.SZ,20190716,3.31,3.32,3.26,3.31,3.29,0.02,0.6079,30193.34,9931.523
000573.SZ,20190715,3.23,3.3,3.22,3.29,3.23,0.06,1.8576,51802.0,16928.886
000573.SZ,20190712,3.26,3.26,3.21,3.23,3.22,0.01,0.3106,21626.33,6995.902
000573.SZ,20190711,3.18,3.26,3.18,3.22,3.2,0.02,0.625,32369.45,10470.165
000573.SZ,20190710,3.26,3.26,3.2,3.2,3.26,-0.06,-1.8405,41022.65,13221.295
000573.SZ,20190709,3.3,3.3,3.2,3.26,3.23,0.03,0.9288,62889.9,20388.872
000573.SZ,20190708,3.42,3.43,3.23,3.23,3.4,-0.17,-5.0,75772.8,24943.407
000573.SZ,20190705,3.4,3.42,3.36,3.4,3.4,0.0,0.0,40214.87,13622.019
000573.SZ,20190704,3.41,3.47,3.37,3.4,3.38,0.02,0.5917,72949.3,24975.232
000573.SZ,20190703,3.41,3.41,3.35,3.38,3.4,-0.02,-0.5882,38675.08,13024.52
000573.SZ,20190702,3.41,3.42,3.39,3.4,3.42,-0.02,-0.5848,39449.75,13423.136
000573.SZ,20190701,3.36,3.43,3.36,3.42,3.35,0.07,2.0896,62950.63,21415.853
000573.SZ,20190628,3.36,3.39,3.31,3.35,3.36,-0.01,-0.2976,40360.93,13535.656
000573.SZ,20190627,3.4,3.4,3.36,3.36,3.36,0.0,0.0,32593.37,11013.764
000573.SZ,20190626,3.36,3.41,3.34,3.36,3.34,0.02,0.5988,43660.46,14736.218
000573.SZ,20190625,3.39,3.39,3.32,3.34,3.38,-0.04,-1.1834,45246.15,15161.811
000573.SZ,20190624,3.37,3.4,3.34,3.38,3.35,0.03,0.8955,61704.12,20863.974
000573.SZ,20190621,3.36,3.39,3.33,3.35,3.28,0.07,2.1341,55544.08,18603.156
000573.SZ,20190620,3.29,3.36,3.28,3.34,3.29,0.05,1.5198,52994.76,17628.55
000573.SZ,20190619,3.28,3.34,3.27,3.29,3.24,0.05,1.5432,44002.21,14558.332
000573.SZ,20190618,3.26,3.28,3.22,3.24,3.28,-0.04,-1.2195,33443.0,10861.849
000573.SZ,20190617,3.26,3.3,3.25,3.28,3.28,0.0,0.0,35891.0,11725.328
000573.SZ,20190614,3.34,3.36,3.26,3.28,3.33,-0.05,-1.5015,47480.04,15752.207
000573.SZ,20190613,3.3,3.35,3.28,3.33,3.3,0.03,0.9091,34835.36,11564.241
000573.SZ,20190612,3.33,3.36,3.3,3.3,3.32,-0.02,-0.6024,47399.24,15781.441
000573.SZ,20190611,3.2,3.33,3.2,3.32,3.22,0.1,3.1056,58420.1,19153.24
000573.SZ,20190610,3.17,3.22,3.14,3.22,3.17,0.05,1.5773,46104.17,14742.157
000573.SZ,20190606,3.24,3.25,3.15,3.17,3.23,-0.06,-1.8576,37789.0,12044.053
000573.SZ,20190605,3.31,3.32,3.22,3.23,3.27,-0.04,-1.2232,76116.0,24902.741
000573.SZ,20190604,3.4,3.4,3.22,3.27,3.39,-0.12,-3.5398,75482.01,24980.761
000573.SZ,20190603,3.35,3.45,3.34,3.39,3.36,0.03,0.8929,111761.01,37956.077
000573.SZ,20190531,3.35,3.39,3.34,3.36,3.34,0.02,0.5988,37300.0,12546.9
000573.SZ,20190530,3.37,3.39,3.32,3.34,3.37,-0.03,-0.8902,42399.21,14199.647
000573.SZ,20190529,3.38,3.41,3.37,3.37,3.38,-0.01,-0.2959,31846.0,10790.794
000573.SZ,20190528,3.37,3.41,3.36,3.38,3.38,0.0,0.0,45426.0,15381.002
000573.SZ,20190527,3.32,3.39,3.28,3.38,3.32,0.06,1.8072,43237.09,14447.025
000573.SZ,20190524,3.3,3.35,3.28,3.32,3.33,-0.01,-0.3003,40952.37,13561.271
000573.SZ,20190523,3.41,3.43,3.31,3.33,3.42,-0.09,-2.6316,50347.17,16921.932
000573.SZ,20190522,3.45,3.47,3.4,3.42,3.47,-0.05,-1.4409,41488.0,14240.57
000573.SZ,20190521,3.38,3.48,3.37,3.47,3.41,0.06,1.7595,52190.01,18028.882
000573.SZ,20190520,3.45,3.47,3.36,3.41,3.45,-0.04,-1.1594,46801.58,15902.814
000573.SZ,20190517,3.59,3.6,3.44,3.45,3.59,-0.14,-3.8997,75135.19,26476.724
000573.SZ,20190516,3.54,3.62,3.53,3.59,3.53,0.06,1.6997,69264.36,24780.612
000573.SZ,20190515,3.49,3.56,3.48,3.53,3.46,0.07,2.0231,55870.55,19695.705
000573.SZ,20190514,3.48,3.55,3.46,3.46,3.52,-0.06,-1.7045,70981.47,24834.832
000573.SZ,20190513,3.48,3.57,3.45,3.52,3.54,-0.02,-0.565,59217.32,20805.717
000573.SZ,20190510,3.44,3.54,3.41,3.54,3.43,0.11,3.207,93825.0,32708.374
000573.SZ,20190509,3.47,3.47,3.42,3.43,3.49,-0.06,-1.7192,61197.7,21066.51
000573.SZ,20190508,3.41,3.53,3.41,3.49,3.52,-0.03,-0.8523,74658.3,25902.259
000573.SZ,20190507,3.47,3.52,3.38,3.52,3.45,0.07,2.029,107237.77,37124.327
000573.SZ,20190506,3.58,3.61,3.39,3.45,3.68,-0.23,-6.25,122176.89,42832.977
000573.SZ,20190430,3.53,3.69,3.51,3.68,3.54,0.14,3.9548,118842.17,42858.096
000573.SZ,20190429,3.6,3.65,3.52,3.54,3.57,-0.03,-0.8403,134488.56,48316.097
000573.SZ,20190426,3.66,3.76,3.57,3.57,3.77,-0.2,-5.305,160745.47,58705.228
000573.SZ,20190425,3.81,4.06,3.76,3.77,3.86,-0.09,-2.3316,210014.8,81843.682
000573.SZ,20190424,3.87,3.88,3.77,3.86,3.86,0.0,0.0,88091.12,33764.623
000573.SZ,20190423,3.93,3.97,3.82,3.86,3.98,-0.12,-3.0151,110283.0,42834.572
000573.SZ,20190422,3.94,4.05,3.92,3.98,3.93,0.05,1.2723,147492.34,58780.463
000573.SZ,20190419,3.9,3.98,3.89,3.93,3.91,0.02,0.5115,89451.78,35095.835
000573.SZ,20190418,3.96,3.98,3.89,3.91,3.9,0.01,0.2564,110155.33,43251.003
000573.SZ,20190417,3.85,3.96,3.83,3.9,3.86,0.04,1.0363,139596.03,54560.432
000573.SZ,20190416,3.74,3.87,3.72,3.86,3.76,0.1,2.6596,143866.17,54658.275
000573.SZ,20190415,3.95,4.12,3.76,3.76,3.78,-0.02,-0.5291,183150.59,71029.93
000573.SZ,20190412,3.8,3.84,3.72,3.78,3.82,-0.04,-1.0471,82550.08,31197.295
000573.SZ,20190411,3.81,3.88,3.77,3.82,3.83,-0.01,-0.2611,126466.0,48382.23
000573.SZ,20190410,3.85,3.86,3.8,3.83,3.88,-0.05,-1.2887,112504.85,43021.309
000573.SZ,20190409,3.81,3.95,3.77,3.88,3.83,0.05,1.3055,122458.09,46974.068
000573.SZ,20190408,3.81,3.88,3.75,3.83,3.8,0.03,0.7895,118498.73,45203.331
000573.SZ,20190404,3.8,3.82,3.74,3.8,3.79,0.01,0.2639,93998.73,35571.093
000573.SZ,20190403,3.74,3.85,3.7,3.79,3.74,0.05,1.3369,135395.63,51177.445
000573.SZ,20190402,3.75,3.78,3.69,3.74,3.74,0.0,0.0,122802.86,45812.934
000573.SZ,20190401,3.67,3.75,3.64,3.74,3.64,0.1,2.7473,151393.36,56123.806
000573.SZ,20190329,3.57,3.68,3.51,3.64,3.58,0.06,1.676,100732.19,36272.698
000573.SZ,20190328,3.6,3.62,3.53,3.58,3.6,-0.02,-0.5556,76658.33,27405.055
000573.SZ,20190327,3.62,3.64,3.54,3.6,3.62,-0.02,-0.5525,63637.35,22809.751
000573.SZ,20190326,3.71,3.76,3.56,3.62,3.71,-0.09,-2.4259,82804.76,30313.24
000573.SZ,20190325,3.7,3.8,3.67,3.71,3.76,-0.05,-1.3298,99384.17,37193.458
000573.SZ,20190322,3.72,3.76,3.65,3.76,3.72,0.04,1.0753,104157.83,38679.159
000573.SZ,20190321,3.73,3.82,3.71,3.72,3.73,-0.01,-0.2681,162609.25,60949.058
000573.SZ,20190320,3.73,3.75,3.6,3.73,3.66,0.07,1.9126,116835.03,43043.105
000573.SZ,20190319,3.68,3.69,3.6,3.66,3.66,0.0,0.0,86506.9,31586.982
000573.SZ,20190318,3.54,3.67,3.51,3.66,3.55,0.11,3.0986,104431.61,37704.121
000573.SZ,20190315,3.44,3.55,3.44,3.55,3.44,0.11,3.1977,105309.65,36981.325
000573.SZ,20190314,3.55,3.62,3.39,3.44,3.58,-0.14,-3.9106,126727.49,44099.05
000573.SZ,20190313,3.67,3.7,3.55,3.58,3.66,-0.08,-2.1858,165440.31,60165.438
000573.SZ,20190312,3.65,3.72,3.59,3.66,3.59,0.07,1.9499,122118.62,44669.367
000573.SZ,20190311,3.48,3.59,3.48,3.59,3.48,0.11,3.1609,94548.83,33564.461
000573.SZ,20190308,3.68,3.69,3.48,3.48,3.72,-0.24,-6.4516,121636.91,43796.353
000573.SZ,20190307,3.64,3.77,3.63,3.72,3.66,0.06,1.6393,120507.65,44693.481
000573.SZ,20190306,3.64,3.68,3.58,3.66,3.6,0.06,1.6667,121298.19,44051.483
000573.SZ,20190305,3.53,3.61,3.53,3.6,3.54,0.06,1.6949,96158.27,34430.746
000573.SZ,20190304,3.55,3.63,3.52,3.54,3.54,0.0,0.0,129016.56,46120.915
000573.SZ,20190301,3.54,3.57,3.5,3.54,3.57,-0.03,-0.8403,72454.78,25541.63
000573.SZ,20190228,3.52,3.57,3.48,3.57,3.51,0.06,1.7094,136948.99,48354.079
000573.SZ,20190227,3.52,3.57,3.43,3.51,3.52,-0.01,-0.2841,175699.56,61886.293
000573.SZ,20190226,3.49,3.59,3.39,3.52,3.49,0.03,0.8596,173024.47,60620.216
000573.SZ,20190225,3.35,3.5,3.35,3.49,3.35,0.14,4.1791,121544.95,41906.219
000573.SZ,20190222,3.29,3.35,3.25,3.35,3.29,0.06,1.8237,50568.7,16780.634
000573.SZ,20190221,3.33,3.38,3.28,3.29,3.35,-0.06,-1.791,62942.82,21009.332
000573.SZ,20190220,3.25,3.36,3.24,3.35,3.34,0.01,0.2994,66417.65,21984.995
000573.SZ,20190219,3.4,3.48,3.31,3.34,3.31,0.03,0.9063,134171.03,45537.549
000573.SZ,20190218,3.26,3.32,3.25,3.31,3.24,0.07,2.1605,71321.61,23365.939
000573.SZ,20190215,3.25,3.28,3.21,3.24,3.24,0.0,0.0,52355.21,16951.909
000573.SZ,20190214,3.22,3.26,3.21,3.24,3.24,0.0,0.0,47657.0,15428.078
000573.SZ,20190213,3.18,3.24,3.14,3.24,3.19,0.05,1.5674,66396.13,21230.763
000573.SZ,20190212,3.11,3.2,3.1,3.19,3.11,0.08,2.5723,46316.22,14644.068
000573.SZ,20190211,3.04,3.12,3.04,3.11,3.05,0.06,1.9672,24106.8,7439.803
000573.SZ,20190201,3.03,3.05,2.99,3.05,3.01,0.04,1.3289,29691.32,8977.197
000573.SZ,20190131,3.02,3.07,2.99,3.01,3.03,-0.02,-0.6601,24731.0,7466.293
000573.SZ,20190130,3.05,3.07,3.01,3.03,3.07,-0.04,-1.3029,20336.26,6183.07
000573.SZ,20190129,3.14,3.15,3.01,3.07,3.14,-0.07,-2.2293,27741.01,8502.102
000573.SZ,20190128,3.19,3.2,3.13,3.14,3.16,-0.02,-0.6329,15473.0,4893.187
000573.SZ,20190125,3.19,3.25,3.15,3.16,3.19,-0.03,-0.9404,24423.0,7786.871
000573.SZ,20190124,3.18,3.22,3.16,3.19,3.17,0.02,0.6309,23697.0,7561.437
000573.SZ,20190123,3.19,3.24,3.16,3.17,3.2,-0.03,-0.9375,19193.44,6117.319
000573.SZ,20190122,3.24,3.26,3.19,3.2,3.21,-0.01,-0.3115,17685.0,5713.651
000573.SZ,20190121,3.27,3.3,3.21,3.21,3.25,-0.04,-1.2308,19195.44,6207.726
000573.SZ,20190118,3.2,3.26,3.18,3.25,3.16,0.09,2.8481,37158.0,11967.344
000573.SZ,20190117,3.2,3.23,3.16,3.16,3.2,-0.04,-1.25,18469.21,5901.182
000573.SZ,20190116,3.22,3.22,3.18,3.2,3.21,-0.01,-0.3115,17931.57,5738.352
000573.SZ,20190115,3.18,3.22,3.14,3.21,3.21,0.0,0.0,20738.02,6599.088
000573.SZ,20190114,3.25,3.31,3.2,3.21,3.18,0.03,0.9434,38995.92,12639.278
000573.SZ,20190111,3.16,3.18,3.15,3.18,3.15,0.03,0.9524,17504.87,5540.093
000573.SZ,20190110,3.14,3.18,3.14,3.15,3.14,0.01,0.3185,17543.17,5541.663
000573.SZ,20190109,3.15,3.21,3.14,3.14,3.13,0.01,0.3195,24844.77,7887.31
000573.SZ,20190108,3.15,3.17,3.12,3.13,3.15,-0.02,-0.6349,13658.9,4287.85
000573.SZ,20190107,3.15,3.17,3.12,3.15,3.11,0.04,1.2862,26159.94,8240.984
000573.SZ,20190104,3.0,3.14,2.98,3.11,3.01,0.1,3.3223,50471.94,15570.848
000573.SZ,20190103,3.02,3.08,3.0,3.01,3.03,-0.02,-0.6601,13308.38,4037.465
000573.SZ,20190102,3.05,3.07,3.01,3.03,3.05,-0.02,-0.6557,13703.0,4157.251
000573.SZ,20181228,3.02,3.06,3.01,3.05,3.03,0.02,0.6601,19118.0,5797.386
000573.SZ,20181227,3.08,3.1,3.01,3.03,3.03,0.0,0.0,26124.32,8000.69
000573.SZ,20181226,3.05,3.07,3.02,3.03,3.05,-0.02,-0.6557,11632.87,3529.466
000573.SZ,20181225,3.03,3.05,2.96,3.05,3.05,0.0,0.0,34421.22,10361.118
000573.SZ,20181224,3.09,3.09,3.01,3.05,3.09,-0.04,-1.2945,31185.83,9522.679
000573.SZ,20181221,3.08,3.13,3.06,3.09,3.18,-0.09,-2.8302,31839.85,9847.469
000573.SZ,20181220,3.24,3.31,3.14,3.18,3.23,-0.05,-1.548,42520.16,13622.641
000573.SZ,20181219,3.3,3.32,3.22,3.23,3.3,-0.07,-2.1212,32435.0,10605.717
000573.SZ,20181218,3.3,3.33,3.22,3.3,3.35,-0.05,-1.4925,49982.97,16326.503
000573.SZ,20181217,3.2,3.36,3.17,3.35,3.18,0.17,5.3459,87547.77,28815.077
000573.SZ,20181214,3.23,3.27,3.18,3.18,3.26,-0.08,-2.454,31841.97,10309.613
000573.SZ,20181213,3.25,3.29,3.23,3.26,3.26,0.0,0.0,28758.59,9397.391
000573.SZ,20181212,3.22,3.28,3.21,3.26,3.22,0.04,1.2422,22616.79,7357.66
000573.SZ,20181211,3.19,3.24,3.18,3.22,3.19,0.03,0.9404,20050.0,6434.653
000573.SZ,20181210,3.26,3.26,3.17,3.19,3.28,-0.09,-2.7439,25273.08,8079.394
000573.SZ,20181207,3.28,3.28,3.24,3.28,3.26,0.02,0.6135,20488.93,6682.191
000573.SZ,20181206,3.27,3.28,3.23,3.26,3.3,-0.04,-1.2121,26688.46,8686.495
000573.SZ,20181205,3.3,3.3,3.23,3.3,3.34,-0.04,-1.1976,49892.45,16301.433
000573.SZ,20181204,3.26,3.34,3.26,3.34,3.28,0.06,1.8293,48817.14,16150.039
000573.SZ,20181203,3.26,3.31,3.23,3.28,3.19,0.09,2.8213,55029.08,18030.396
000573.SZ,20181130,3.22,3.24,3.13,3.19,3.22,-0.03,-0.9317,51233.33,16323.749
000573.SZ,20181129,3.35,3.38,3.22,3.22,3.35,-0.13,-3.8806,49585.63,16396.314
000573.SZ,20181128,3.3,3.35,3.22,3.35,3.3,0.05,1.5152,38034.36,12517.168
000573.SZ,20181127,3.3,3.36,3.27,3.3,3.28,0.02,0.6098,40413.24,13363.72
000573.SZ,20181126,3.4,3.4,3.26,3.28,3.34,-0.06,-1.7964,56568.8,18752.151
000573.SZ,20181123,3.52,3.55,3.31,3.34,3.56,-0.22,-6.1798,112029.34,38274.328
000573.SZ,20181122,3.6,3.68,3.56,3.56,3.56,0.0,0.0,100351.51,36229.753
000573.SZ,20181121,3.5,3.59,3.45,3.56,3.47,0.09,2.5937,130816.18,46348.176
000573.SZ,20181120,3.46,3.62,3.44,3.47,3.52,-0.05,-1.4205,122936.32,43448.478
000573.SZ,20181119,3.53,3.55,3.43,3.52,3.58,-0.06,-1.676,137870.91,48198.208
000573.SZ,20181116,3.56,3.63,3.53,3.58,3.66,-0.08,-2.1858,189395.23,67756.259
000573.SZ,20181115,3.81,3.97,3.59,3.66,3.7,-0.04,-1.0811,364302.48,137242.171
000573.SZ,20181114,3.3,3.7,3.29,3.7,3.36,0.34,10.119,89586.03,32388.51
000573.SZ,20181113,3.29,3.56,3.26,3.36,3.24,0.12,3.7037,163379.31,55743.245
000573.SZ,20181112,3.09,3.25,3.06,3.24,3.09,0.15,4.8544,89851.51,28610.816
000573.SZ,20181109,3.07,3.1,3.03,3.09,3.1,-0.01,-0.3226,37901.64,11622.874
000573.SZ,20181108,3.06,3.22,3.05,3.1,3.06,0.04,1.3072,57475.44,17997.355
000573.SZ,20181107,3.08,3.08,3.04,3.06,3.08,-0.02,-0.6494,29066.02,8918.241
000573.SZ,20181106,3.07,3.09,3.04,3.08,3.11,-0.03,-0.9646,23993.02,7340.954
000573.SZ,20181105,3.05,3.11,3.02,3.11,3.05,0.06,1.9672,50865.0,15668.16
000573.SZ,20181102,3.03,3.08,3.01,3.05,3.02,0.03,0.9934,41761.02,12670.636
000573.SZ,20181101,3.01,3.04,3.01,3.02,3.02,0.0,0.0,24729.0,7470.632
000573.SZ,20181031,3.01,3.04,2.98,3.02,3.0,0.02,0.6667,31374.21,9456.33
000573.SZ,20181030,2.96,3.01,2.92,3.0,2.98,0.02,0.6711,27858.03,8287.095
000573.SZ,20181029,3.0,3.04,2.92,2.98,3.05,-0.07,-2.2951,38537.58,11448.858
000573.SZ,20181026,2.95,3.19,2.95,3.05,2.96,0.09,3.0405,61931.8,19062.9
000573.SZ,20181025,2.95,2.97,2.88,2.96,2.98,-0.02,-0.6711,17661.01,5183.033
000573.SZ,20181024,2.97,3.0,2.94,2.98,2.97,0.01,0.3367,37977.68,11231.259
000573.SZ,20181023,3.0,3.0,2.94,2.97,2.98,-0.01,-0.3356,23618.35,6999.521
000573.SZ,20181022,2.87,3.02,2.86,2.98,2.82,0.16,5.6738,32180.28,9508.461
000573.SZ,20181019,2.81,2.86,2.75,2.82,2.84,-0.02,-0.7042,22945.0,6470.546
000573.SZ,20181018,2.93,2.93,2.83,2.84,2.92,-0.08,-2.7397,14070.0,4040.183
000573.SZ,20181017,2.95,2.98,2.88,2.92,2.9,0.02,0.6897,11518.87,3374.212
000573.SZ,20181016,3.03,3.04,2.9,2.9,2.97,-0.07,-2.3569,14000.0,4124.711
000573.SZ,20181015,3.0,3.03,2.93,2.97,2.99,-0.02,-0.6689,15617.89,4652.572
000573.SZ,20181012,3.04,3.04,2.81,2.99,3.05,-0.06,-1.9672,61440.98,18024.801
000573.SZ,20181011,3.25,3.25,2.99,3.05,3.25,-0.2,-6.1538,78143.41,24520.545
000573.SZ,20181010,3.27,3.31,3.24,3.25,3.27,-0.02,-0.6116,35212.0,11553.135
000573.SZ,20181009,3.25,3.29,3.2,3.27,3.26,0.01,0.3067,40508.0,13162.706
000573.SZ,20181008,3.28,3.28,3.19,3.26,3.33,-0.07,-2.1021,57398.83,18560.623
000573.SZ,20180928,3.3,3.34,3.26,3.33,3.27,0.06,1.8349,36752.93,12188.824
000573.SZ,20180927,3.3,3.33,3.27,3.27,3.3,-0.03,-0.9091,39073.68,12843.262
000573.SZ,20180926,3.24,3.34,3.24,3.3,3.25,0.05,1.5385,51187.94,16974.234
000573.SZ,20180925,3.29,3.29,3.23,3.25,3.34,-0.09,-2.6946,43212.0,14063.804
000573.SZ,20180921,3.3,3.34,3.26,3.34,3.31,0.03,0.9063,47015.43,15604.732
000573.SZ,20180920,3.29,3.36,3.26,3.31,3.29,0.02,0.6079,45013.51,14894.439
000573.SZ,20180919,3.22,3.32,3.2,3.29,3.22,0.07,2.1739,39752.83,12993.876
000573.SZ,20180918,3.13,3.26,3.12,3.22,3.14,0.08,2.5478,32209.68,10301.902
000573.SZ,20180917,3.18,3.18,3.14,3.14,3.18,-0.04,-1.2579,13956.0,4405.769
000573.SZ,20180914,3.2,3.23,3.17,3.18,3.19,-0.01,-0.3135,14013.0,4465.659
000573.SZ,20180913,3.2,3.23,3.17,3.19,3.17,0.02,0.6309,24608.0,7868.595
000573.SZ,20180912,3.16,3.23,3.15,3.17,3.25,-0.08,-2.4615,57623.76,18350.085
000573.SZ,20180911,3.39,3.43,3.22,3.25,3.16,0.09,2.8481,94815.52,31570.019
000573.SZ,20180910,3.28,3.28,3.16,3.16,3.26,-0.1,-3.0675,17438.0,5595.726
000573.SZ,20180907,3.27,3.3,3.24,3.26,3.26,0.0,0.0,18197.01,5965.347
000573.SZ,20180906,3.3,3.3,3.22,3.26,3.26,0.0,0.0,15366.01,4987.819
000573.SZ,20180905,3.24,3.29,3.22,3.26,3.26,0.0,0.0,24287.01,7908.85
000573.SZ,20180904,3.22,3.28,3.19,3.26,3.22,0.04,1.2422,34604.58,11216.219
000573.SZ,20180903,3.16,3.22,3.15,3.22,3.15,0.07,2.2222,28452.0,9079.366
000573.SZ,20180831,3.17,3.18,3.14,3.15,3.17,-0.02,-0.6309,10474.0,3305.113
000573.SZ,20180830,3.19,3.21,3.17,3.17,3.2,-0.03,-0.9375,15512.02,4943.148
000573.SZ,20180829,3.21,3.23,3.19,3.2,3.22,-0.02,-0.6211,22320.0,7158.668
000573.SZ,20180828,3.26,3.27,3.21,3.22,3.25,-0.03,-0.9231,27668.88,8929.941
000573.SZ,20180827,3.21,3.25,3.19,3.25,3.21,0.04,1.2461,29217.0,9440.663
000573.SZ,20180824,3.22,3.25,3.18,3.21,3.24,-0.03,-0.9259,31966.5,10265.727
000573.SZ,20180823,3.21,3.27,3.18,3.24,3.31,-0.07,-2.1148,55689.0,17951.717
000573.SZ,20180822,3.4,3.48,3.28,3.31,3.18,0.13,4.0881,139540.69,46987.495
000573.SZ,20180821,3.17,3.2,3.13,3.18,3.16,0.02,0.6329,13301.0,4222.2
000573.SZ,20180820,3.16,3.2,3.1,3.16,3.16,0.0,0.0,23383.0,7338.054
000573.SZ,20180817,3.23,3.25,3.15,3.16,3.22,-0.06,-1.8634,14903.0,4766.578
000573.SZ,20180816,3.27,3.27,3.18,3.22,3.26,-0.04,-1.227,21988.51,7070.449
000573.SZ,20180815,3.31,3.31,3.25,3.26,3.32,-0.06,-1.8072,22107.01,7261.099
000573.SZ,20180814,3.31,3.33,3.27,3.32,3.31,0.01,0.3021,18586.17,6134.631
000573.SZ,20180813,3.3,3.31,3.18,3.31,3.37,-0.06,-1.7804,28333.53,9233.49
000573.SZ,20180810,3.3,3.4,3.3,3.37,3.3,0.07,2.1212,39266.94,13183.691
000573.SZ,20180809,3.26,3.31,3.24,3.3,3.26,0.04,1.227,24352.0,8019.159
000573.SZ,20180808,3.28,3.29,3.24,3.26,3.31,-0.05,-1.5106,20536.95,6704.969
000573.SZ,20180807,3.26,3.31,3.19,3.31,3.24,0.07,2.1605,28116.18,9125.041
000573.SZ,20180806,3.23,3.28,3.19,3.24,3.25,-0.01,-0.3077,18887.0,6107.659
000573.SZ,20180803,3.25,3.31,3.25,3.25,3.3,-0.05,-1.5152,21297.0,6983.887
000573.SZ,20180802,3.38,3.4,3.19,3.3,3.37,-0.07,-2.0772,55295.88,18032.651
000573.SZ,20180801,3.49,3.52,3.36,3.37,3.52,-0.15,-4.2614,50173.17,17221.488
000573.SZ,20180731,3.43,3.54,3.33,3.52,3.37,0.15,4.451,74278.59,25706.425
000573.SZ,20180730,3.4,3.43,3.32,3.37,3.41,-0.04,-1.173,45238.0,15214.007
000573.SZ,20180727,3.4,3.43,3.39,3.41,3.45,-0.04,-1.1594,43312.88,14772.694
000573.SZ,20180726,3.35,3.5,3.31,3.45,3.35,0.1,2.9851,74413.27,25613.16
000573.SZ,20180725,3.28,3.35,3.28,3.35,3.3,0.05,1.5152,45901.88,15254.97
000573.SZ,20180724,3.21,3.3,3.21,3.3,3.21,0.09,2.8037,42288.6,13826.034
000573.SZ,20180723,3.22,3.23,3.17,3.21,3.21,0.0,0.0,27339.0,8728.252
000573.SZ,20180720,3.11,3.22,3.1,3.21,3.11,0.1,3.2154,41962.93,13275.645
000573.SZ,20180719,3.24,3.24,3.1,3.11,3.24,-0.13,-4.01,41173.0,13044.38
000573.SZ,20180718,3.23,3.27,3.2,3.24,3.22,0.02,0.62,38300.42,12400.18
000573.SZ,20180717,3.25,3.25,3.2,3.22,3.24,-0.02,-0.62,24600.0,7930.712
000573.SZ,20180716,3.27,3.29,3.21,3.24,3.3,-0.06,-1.82,23679.0,7671.837
000573.SZ,20180713,3.26,3.34,3.26,3.3,3.28,0.02,0.61,37042.0,12211.005
000573.SZ,20180712,3.24,3.3,3.22,3.28,3.26,0.02,0.61,45520.41,14884.574
000573.SZ,20180711,3.32,3.32,3.13,3.26,3.38,-0.12,-3.55,47443.52,15293.787
000573.SZ,20180710,3.35,3.42,3.33,3.38,3.34,0.04,1.2,26996.0,9092.988
000573.SZ,20180709,3.26,3.4,3.26,3.34,3.26,0.08,2.45,43246.39,14369.768
000573.SZ,20180706,3.32,3.35,3.2,3.26,3.32,-0.06,-1.81,43298.0,14240.307
000573.SZ,20180705,3.36,3.38,3.32,3.32,3.37,-0.05,-1.48,23117.0,7736.138
000573.SZ,20180704,3.44,3.47,3.35,3.37,3.49,-0.12,-3.44,42200.0,14348.265
000573.SZ,20180703,3.49,3.5,3.3,3.49,3.47,0.02,0.58,86035.1,29130.959
000573.SZ,20180702,3.56,3.63,3.42,3.47,3.6,-0.13,-3.61,111865.0,39869.385
000573.SZ,20180629,3.52,3.61,3.51,3.6,3.53,0.07,1.98,31421.18,11194.335
000573.SZ,20180628,3.59,3.64,3.49,3.53,3.61,-0.08,-2.22,31474.0,11332.057
000573.SZ,20180627,3.63,3.68,3.6,3.61,3.66,-0.05,-1.37,28447.28,10344.969
000573.SZ,20180626,3.63,3.71,3.59,3.66,3.68,-0.02,-0.54,25951.94,9447.788
000573.SZ,20180625,3.72,3.75,3.65,3.68,3.7,-0.02,-0.54,22287.0,8245.374
000573.SZ,20180622,3.66,3.73,3.63,3.7,3.66,0.04,1.09,24350.94,8980.204
000573.SZ,20180621,3.68,3.79,3.65,3.66,3.68,-0.02,-0.54,40736.45,15105.877
000573.SZ,20180620,3.57,3.72,3.52,3.68,3.63,0.05,1.38,40702.45,14907.846
000573.SZ,20180619,4.03,4.03,3.63,3.63,4.03,-0.4,-9.93,83307.0,31327.208
000573.SZ,20180615,4.13,4.17,4.02,4.03,4.13,-0.1,-2.42,34226.0,14008.58
000573.SZ,20180614,4.13,4.19,4.12,4.13,4.13,0.0,0.0,22667.35,9419.415
000573.SZ,20180613,4.19,4.21,4.1,4.13,4.22,-0.09,-2.13,41348.1,17218.831
000573.SZ,20180612,4.2,4.24,4.12,4.22,4.22,0.0,0.0,30199.7,12659.015
000573.SZ,20180611,4.18,4.29,4.16,4.22,4.18,0.04,0.96,39143.1,16614.354
000573.SZ,20180608,4.21,4.23,4.16,4.18,4.22,-0.04,-0.95,35021.38,14648.739
000573.SZ,20180607,4.28,4.3,4.21,4.22,4.26,-0.04,-0.94,28953.97,12251.012
000573.SZ,20180606,4.28,4.29,4.21,4.26,4.27,-0.01,-0.23,24526.21,10402.645
000573.SZ,20180605,4.19,4.32,4.17,4.27,4.19,0.08,1.91,59759.59,25422.927
000573.SZ,20180604,4.2,4.25,4.17,4.19,4.21,-0.02,-0.48,36792.11,15485.929
000573.SZ,20180601,4.31,4.37,4.17,4.21,4.37,-0.16,-3.66,72141.21,30811.646
000573.SZ,20180531,4.35,4.39,4.3,4.37,4.31,0.06,1.39,73521.0,31968.845
000573.SZ,20180530,4.42,4.59,4.27,4.31,4.48,-0.17,-3.79,128727.69,57186.917
000573.SZ,20180529,4.46,4.56,4.35,4.48,4.46,0.02,0.45,111822.13,49932.456
000573.SZ,20180528,4.61,4.75,4.43,4.46,4.83,-0.37,-7.66,191265.66,88262.348
000573.SZ,20180525,4.58,5.05,4.45,4.83,4.7,0.13,2.77,396290.27,187489.707
000573.SZ,20180524,4.62,4.7,4.62,4.7,4.27,0.43,10.07,295280.85,138551.819
000573.SZ,20180523,4.23,4.27,4.23,4.27,4.26,0.01,0.23,36510.33,15539.574
000573.SZ,20180522,4.23,4.27,4.18,4.26,4.24,0.02,0.47,40336.69,17081.728
000573.SZ,20180521,4.23,4.26,4.23,4.24,4.23,0.01,0.24,27170.1,11534.685
000573.SZ,20180518,4.21,4.25,4.19,4.23,4.24,-0.01,-0.24,22273.01,9372.644
000573.SZ,20180517,4.32,4.32,4.2,4.24,4.22,0.02,0.47,31444.01,13303.722
000573.SZ,20180516,4.28,4.28,4.21,4.22,4.28,-0.06,-1.4,17456.0,7395.234
000573.SZ,20180515,4.28,4.28,4.24,4.28,4.28,0.0,0.0,16988.0,7230.892
000573.SZ,20180514,4.28,4.31,4.27,4.28,4.28,0.0,0.0,13686.0,5864.36
000573.SZ,20180511,4.31,4.35,4.27,4.28,4.33,-0.05,-1.15,24911.0,10688.206
000573.SZ,20180510,4.28,4.37,4.26,4.33,4.26,0.07,1.64,30081.2,12978.749
000573.SZ,20180509,4.31,4.31,4.24,4.26,4.31,-0.05,-1.16,14865.71,6340.809
000573.SZ,20180508,4.31,4.33,4.28,4.31,4.32,-0.01,-0.23,15518.33,6674.325
000573.SZ,20180507,4.28,4.34,4.28,4.32,4.28,0.04,0.93,18691.0,8058.741
000573.SZ,20180504,4.23,4.31,4.2,4.28,4.23,0.05,1.18,26108.65,11118.754
000573.SZ,20180503,4.16,4.23,4.13,4.23,4.16,0.07,1.68,26533.31,11071.782
000573.SZ,20180502,4.22,4.24,4.08,4.16,4.2,-0.04,-0.95,24345.85,10107.328
000573.SZ,20180427,4.25,4.26,4.18,4.2,4.21,-0.01,-0.24,20235.0,8522.715
000573.SZ,20180426,4.28,4.32,4.2,4.21,4.29,-0.08,-1.86,26144.1,11086.865
000573.SZ,20180425,4.28,4.31,4.24,4.29,4.3,-0.01,-0.23,20379.0,8732.839
000573.SZ,20180424,4.25,4.32,4.22,4.3,4.27,0.03,0.7,37380.18,16021.884
000573.SZ,20180423,4.23,4.27,4.17,4.27,4.23,0.04,0.95,48964.18,20662.356
000573.SZ,20180420,4.33,4.33,4.21,4.23,4.33,-0.1,-2.31,43062.92,18402.539
000573.SZ,20180419,4.45,4.45,4.31,4.33,4.44,-0.11,-2.48,106434.86,46315.951
000573.SZ,20180418,4.45,4.53,4.36,4.44,4.42,0.02,0.45,30592.0,13583.739
000573.SZ,20180417,4.53,4.56,4.38,4.42,4.55,-0.13,-2.86,42402.44,18931.595
000573.SZ,20180416,4.6,4.6,4.48,4.55,4.63,-0.08,-1.73,26976.0,12286.907
000573.SZ,20180413,4.62,4.68,4.58,4.63,4.6,0.03,0.65,46734.0,21614.748
000573.SZ,20180412,4.58,4.68,4.56,4.6,4.58,0.02,0.44,53667.68,24748.525
000573.SZ,20180411,4.59,4.63,4.57,4.58,4.58,0.0,0.0,26640.01,12237.1
000573.SZ,20180410,4.61,4.64,4.55,4.58,4.61,-0.03,-0.65,38379.0,17579.81
000573.SZ,20180409,4.62,4.67,4.52,4.61,4.7,-0.09,-1.91,48294.0,22075.952
000573.SZ,20180404,4.62,4.86,4.6,4.7,4.6,0.1,2.17,72171.75,34242.609
000573.SZ,20180403,4.65,4.65,4.56,4.6,4.67,-0.07,-1.5,25474.0,11730.474
000573.SZ,20180402,4.68,4.73,4.66,4.67,4.68,-0.01,-0.21,29444.57,13815.618
000573.SZ,20180330,4.73,4.75,4.67,4.68,4.78,-0.1,-2.09,51445.68,24215.597
000573.SZ,20180329,4.63,4.85,4.59,4.78,4.62,0.16,3.46,49940.72,23511.955
000573.SZ,20180328,4.65,4.72,4.6,4.62,4.67,-0.05,-1.07,22841.0,10620.852
000573.SZ,20180327,4.65,4.72,4.65,4.67,4.62,0.05,1.08,32577.0,15249.347
000573.SZ,20180326,4.59,4.64,4.48,4.62,4.62,0.0,0.0,30424.38,13867.862
000573.SZ,20180323,4.85,4.85,4.46,4.62,4.93,-0.31,-6.29,57421.87,26788.275
000573.SZ,20180322,4.94,4.97,4.9,4.93,4.94,-0.01,-0.2,24152.63,11893.494
000573.SZ,20180321,4.94,5.02,4.93,4.94,4.95,-0.01,-0.2,26614.01,13249.057
000573.SZ,20180320,4.95,4.98,4.89,4.95,4.96,-0.01,-0.2,27064.14,13341.032
000573.SZ,20180319,4.99,5.03,4.96,4.96,4.98,-0.02,-0.4,23747.31,11858.15
000573.SZ,20180316,4.97,5.07,4.93,4.98,4.97,0.01,0.2,25304.79,12674.727
000573.SZ,20180315,4.97,5.04,4.94,4.97,5.01,-0.04,-0.8,24465.05,12187.564
000573.SZ,20180314,5.07,5.13,4.98,5.01,5.07,-0.06,-1.18,31620.78,15904.063
000573.SZ,20180313,5.07,5.22,5.03,5.07,5.07,0.0,0.0,48733.83,24943.544
000573.SZ,20180312,4.93,5.14,4.92,5.07,4.93,0.14,2.84,66765.56,33585.3
000573.SZ,20180309,4.88,4.93,4.84,4.93,4.86,0.07,1.44,29734.07,14552.538
000573.SZ,20180308,4.84,4.87,4.81,4.86,4.84,0.02,0.41,21772.0,10545.979
000573.SZ,20180307,4.84,4.89,4.82,4.84,4.84,0.0,0.0,39455.65,19169.068
000573.SZ,20180306,4.78,4.86,4.75,4.84,4.78,0.06,1.26,44803.24,21570.101
000573.SZ,20180305,4.79,4.83,4.76,4.78,4.81,-0.03,-0.62,17714.87,8474.075
000573.SZ,20180302,4.8,4.86,4.78,4.81,4.8,0.01,0.21,27831.82,13388.267
000573.SZ,20180301,4.79,4.83,4.77,4.8,4.82,-0.02,-0.41,22108.0,10604.183
000573.SZ,20180228,4.78,4.82,4.72,4.82,4.8,0.02,0.42,27837.85,13296.5
000573.SZ,20180227,4.79,4.83,4.74,4.8,4.8,0.0,0.0,23721.87,11327.566
000573.SZ,20180226,4.74,4.83,4.74,4.8,4.74,0.06,1.27,30834.0,14756.093
000573.SZ,20180223,4.73,4.78,4.69,4.74,4.72,0.02,0.42,25325.0,12001.05
000573.SZ,20180222,4.69,4.8,4.69,4.72,4.64,0.08,1.72,23478.0,11122.141
000573.SZ,20180214,4.6,4.66,4.58,4.64,4.61,0.03,0.65,11118.0,5153.182
000573.SZ,20180213,4.59,4.7,4.59,4.61,4.59,0.02,0.44,28287.0,13135.642
000573.SZ,20180212,4.48,4.6,4.48,4.59,4.46,0.13,2.91,24740.0,11289.273
000573.SZ,20180209,4.43,4.51,4.38,4.46,4.55,-0.09,-1.98,45850.78,20338.01
000573.SZ,20180208,4.48,4.61,4.47,4.55,4.47,0.08,1.79,36300.41,16532.743
000573.SZ,20180207,4.41,4.68,4.36,4.47,4.35,0.12,2.76,42458.86,18973.457
000573.SZ,20180206,4.43,4.55,4.33,4.35,4.57,-0.22,-4.81,59323.39,26517.362
000573.SZ,20180205,4.42,4.6,4.4,4.57,4.47,0.1,2.24,56106.49,25517.935
000573.SZ,20180202,4.52,4.61,4.31,4.47,4.55,-0.08,-1.76,83517.4,37206.251
000573.SZ,20180201,4.8,4.85,4.5,4.55,4.8,-0.25,-5.21,71341.44,33205.971
000573.SZ,20180131,4.93,4.93,4.77,4.8,4.92,-0.12,-2.44,52067.19,25089.588
000573.SZ,20180130,4.93,5.07,4.86,4.92,4.91,0.01,0.2,49185.39,24357.609
000573.SZ,20180129,5.16,5.18,4.9,4.91,5.17,-0.26,-5.03,105568.22,53026.908
000573.SZ,20180126,5.14,5.3,5.1,5.17,5.15,0.02,0.39,100207.29,52122.622
000573.SZ,20180125,5.15,5.19,5.1,5.15,5.18,-0.03,-0.58,59466.33,30520.053
000573.SZ,20180124,5.23,5.25,5.15,5.18,5.24,-0.06,-1.15,61134.95,31693.729
000573.SZ,20180123,5.17,5.32,5.17,5.24,5.2,0.04,0.77,78672.63,41365.184
000573.SZ,20180122,5.12,5.24,5.1,5.2,5.12,0.08,1.56,58803.3,30452.643
000573.SZ,20180119,5.14,5.23,5.1,5.12,5.14,-0.02,-0.39,61056.17,31507.667
000573.SZ,20180118,5.17,5.25,5.12,5.14,5.15,-0.01,-0.19,47736.96,24618.327
000573.SZ,20180117,5.35,5.35,5.14,5.15,5.38,-0.23,-4.28,118720.24,61820.216
000573.SZ,20180116,5.13,5.49,5.08,5.38,5.27,0.11,2.09,176720.33,93288.245
000573.SZ,20180115,5.44,5.5,5.2,5.27,5.57,-0.3,-5.39,166232.41,88776.02
000573.SZ,20180112,5.41,5.85,5.4,5.57,5.54,0.03,0.54,274166.59,154729.931
000573.SZ,20180111,5.3,5.65,5.23,5.54,5.49,0.05,0.91,239592.02,129361.255
000573.SZ,20180110,5.65,5.75,5.35,5.49,5.53,-0.04,-0.72,345333.76,191534.165
000573.SZ,20180109,5.0,5.53,4.96,5.53,5.03,0.5,9.94,287863.67,155231.076
000573.SZ,20180108,4.92,5.13,4.92,5.03,4.98,0.05,1.0,96498.14,48644.259
000573.SZ,20180105,4.83,5.23,4.8,4.98,4.83,0.15,3.11,121809.57,61254.17
000573.SZ,20180104,4.84,4.86,4.81,4.83,4.83,0.0,0.0,34546.0,16719.799
000573.SZ,20180103,4.8,4.84,4.77,4.83,4.8,0.03,0.63,36038.97,17336.834
000573.SZ,20180102,4.71,4.85,4.71,4.8,4.72,0.08,1.69,33236.0,15979.44
000573.SZ,20171229,4.72,4.73,4.68,4.72,4.71,0.01,0.21,24008.52,11292.613
000573.SZ,20171228,4.68,4.73,4.66,4.71,4.67,0.04,0.86,42855.0,20150.036
000573.SZ,20171227,4.69,4.72,4.64,4.67,4.69,-0.02,-0.43,22324.79,10438.331
000573.SZ,20171226,4.7,4.71,4.59,4.69,4.72,-0.03,-0.64,38736.47,17994.545
000573.SZ,20171225,4.83,4.88,4.66,4.72,4.85,-0.13,-2.68,42599.0,20277.222
000573.SZ,20171222,4.85,4.89,4.82,4.85,4.88,-0.03,-0.61,15322.46,7434.719
000573.SZ,20171221,4.88,4.93,4.81,4.88,4.89,-0.01,-0.2,26150.86,12752.5
000573.SZ,20171220,4.95,4.96,4.88,4.89,4.95,-0.06,-1.21,20603.33,10102.505
000573.SZ,20171219,4.93,4.97,4.9,4.95,4.93,0.02,0.41,18126.93,8949.967
000573.SZ,20171218,4.97,4.99,4.89,4.93,4.96,-0.03,-0.6,26232.29,12948.044
000573.SZ,20171215,4.99,5.0,4.93,4.96,4.97,-0.01,-0.2,24816.0,12303.768
000573.SZ,20171214,5.02,5.08,4.95,4.97,5.03,-0.06,-1.19,33126.18,16616.274
000573.SZ,20171213,5.03,5.07,5.0,5.03,5.03,0.0,0.0,23234.11,11680.243
000573.SZ,20171212,5.13,5.14,5.02,5.03,5.1,-0.07,-1.37,33447.03,16943.342
000573.SZ,20171211,5.14,5.18,5.1,5.1,5.16,-0.06,-1.16,34783.26,17862.346
000573.SZ,20171208,5.14,5.17,5.08,5.16,5.15,0.01,0.19,35792.97,18335.499
000573.SZ,20171207,5.0,5.17,5.0,5.15,5.02,0.13,2.59,54099.17,27618.983
000573.SZ,20171206,4.92,5.02,4.9,5.02,4.92,0.1,2.03,33179.76,16504.846
000573.SZ,20171205,5.01,5.07,4.9,4.92,5.03,-0.11,-2.19,35667.0,17830.041
000573.SZ,20171204,4.98,5.12,4.94,5.03,4.98,0.05,1.0,56633.13,28665.304
000573.SZ,20171201,4.94,5.01,4.9,4.98,4.94,0.04,0.81,21481.01,10691.96
000573.SZ,20171130,5.02,5.05,4.92,4.94,5.03,-0.09,-1.79,48778.84,24315.79
000573.SZ,20171129,4.86,5.21,4.82,5.03,4.87,0.16,3.29,74652.76,37133.172
000573.SZ,20171128,4.83,4.91,4.81,4.87,4.85,0.02,0.41,33448.3,16252.427
000573.SZ,20171127,4.93,4.94,4.81,4.85,4.93,-0.08,-1.62,37093.01,18050.134
000573.SZ,20171124,4.99,4.99,4.89,4.93,4.99,-0.06,-1.2,46432.02,22870.826
000573.SZ,20171123,5.13,5.13,4.97,4.99,5.12,-0.13,-2.54,56945.0,28604.872
000573.SZ,20171122,5.16,5.21,5.11,5.12,5.16,-0.04,-0.78,32055.76,16525.175
000573.SZ,20171121,5.23,5.33,5.13,5.16,5.23,-0.07,-1.34,42931.25,22359.063
000573.SZ,20171120,5.3,5.32,5.08,5.23,5.3,-0.07,-1.32,25343.67,13098.816
000573.SZ,20171117,5.38,5.41,5.24,5.3,5.43,-0.13,-2.39,45757.52,24310.685
000573.SZ,20171116,5.27,5.55,5.2,5.43,5.26,0.17,3.23,86884.73,46674.345
000573.SZ,20171115,5.35,5.37,5.25,5.26,5.37,-0.11,-2.05,49541.0,26252.0
000573.SZ,20171114,5.45,5.46,5.36,5.37,5.45,-0.08,-1.47,39469.66,21266.397
000573.SZ,20171113,5.4,5.49,5.38,5.45,5.4,0.05,0.93,44235.96,23988.839
000573.SZ,20171110,5.45,5.46,5.38,5.4,5.46,-0.06,-1.1,36156.03,19539.758
000573.SZ,20171109,5.44,5.47,5.4,5.46,5.42,0.04,0.74,27782.14,15110.355
000573.SZ,20171108,5.41,5.48,5.39,5.42,5.43,-0.01,-0.18,32416.23,17633.339
000573.SZ,20171107,5.43,5.44,5.35,5.43,5.43,0.0,0.0,50548.38,27222.032
000573.SZ,20171106,5.38,5.44,5.36,5.43,5.47,-0.04,-0.73,47521.83,25641.768
000573.SZ,20171103,5.52,5.55,5.41,5.47,5.52,-0.05,-0.91,39684.55,21738.484
000573.SZ,20171102,5.64,5.65,5.52,5.52,5.64,-0.12,-2.13,46115.88,25667.075
000573.SZ,20171101,5.66,5.72,5.61,5.64,5.65,-0.01,-0.18,42692.05,24093.845
000573.SZ,20171031,5.63,5.68,5.6,5.65,5.62,0.03,0.53,39016.42,22006.9
000573.SZ,20171030,5.76,5.83,5.56,5.62,5.8,-0.18,-3.1,71129.54,40090.642
000573.SZ,20171027,5.86,5.9,5.77,5.8,5.88,-0.08,-1.36,39080.5,22847.553
000573.SZ,20171026,5.88,5.9,5.84,5.88,5.87,0.01,0.17,30681.45,18037.028
000573.SZ,20171025,5.9,5.92,5.85,5.87,5.89,-0.02,-0.34,30626.55,18017.163
000573.SZ,20171024,5.84,5.96,5.82,5.89,5.85,0.04,0.68,33721.75,19901.114
000573.SZ,20171023,5.82,5.87,5.81,5.85,5.82,0.03,0.52,21924.44,12814.882
000573.SZ,20171020,5.72,5.84,5.71,5.82,5.74,0.08,1.39,34256.77,19868.142
000573.SZ,20171019,5.88,5.89,5.68,5.74,5.89,-0.15,-2.55,57155.0,32945.188
000573.SZ,20171018,5.88,5.92,5.88,5.89,5.91,-0.02,-0.34,37145.66,21895.057
000573.SZ,20171017,5.94,5.94,5.88,5.91,5.92,-0.01,-0.17,39597.32,23388.185
000573.SZ,20171016,6.03,6.03,5.9,5.92,6.02,-0.1,-1.66,58557.1,34829.056
000573.SZ,20171013,6.0,6.04,5.97,6.02,6.01,0.01,0.17,39451.0,23666.817
000573.SZ,20171012,6.04,6.07,5.96,6.01,6.06,-0.05,-0.83,44730.0,26930.127
000573.SZ,20171011,6.02,6.09,6.0,6.06,6.03,0.03,0.5,56461.01,34169.304
000573.SZ,20171010,6.0,6.03,5.93,6.03,6.03,0.0,0.0,78500.66,46975.599
000573.SZ,20171009,6.28,6.28,6.02,6.03,5.96,0.07,1.17,74388.0,45520.381
000573.SZ,20170929,5.94,6.01,5.91,5.96,5.92,0.04,0.68,41858.63,24933.783
000573.SZ,20170928,6.09,6.09,5.89,5.92,6.07,-0.15,-2.47,66848.94,39883.846
000573.SZ,20170927,5.99,6.08,5.99,6.07,5.99,0.08,1.34,36332.97,21947.373
000573.SZ,20170926,6.03,6.1,5.98,5.99,6.04,-0.05,-0.83,55517.57,33467.348
000573.SZ,20170925,6.1,6.17,6.02,6.04,6.26,-0.22,-3.51,92900.0,56664.714
000573.SZ,20170922,6.24,6.34,6.23,6.26,6.27,-0.01,-0.16,65501.73,41025.703
000573.SZ,20170921,6.48,6.48,6.27,6.27,6.5,-0.23,-3.54,118775.0,75427.884
000573.SZ,20170920,6.47,6.5,6.39,6.5,6.5,0.0,0.0,119705.63,77099.712
000573.SZ,20170919,6.36,6.66,6.34,6.5,6.33,0.17,2.69,233083.64,152140.479
000573.SZ,20170918,6.33,6.42,6.3,6.33,6.36,-0.03,-0.47,131051.0,83276.555
000573.SZ,20170915,6.15,6.49,6.14,6.36,6.17,0.19,3.08,259306.22,164765.194
000573.SZ,20170914,6.18,6.22,6.14,6.17,6.18,-0.01,-0.16,74110.07,45734.417
000573.SZ,20170913,6.13,6.2,6.11,6.18,6.12,0.06,0.98,62559.3,38441.707
000573.SZ,20170912,6.16,6.24,6.12,6.12,6.19,-0.07,-1.13,88710.24,54764.406
000573.SZ,20170911,6.14,6.21,6.1,6.19,6.16,0.03,0.49,107043.9,65933.596
000573.SZ,20170908,6.05,6.16,6.04,6.16,6.09,0.07,1.15,116635.06,71354.131
000573.SZ,20170907,6.05,6.15,6.03,6.09,6.08,0.01,0.16,111016.59,67791.282
000573.SZ,20170906,5.99,6.14,5.97,6.08,5.99,0.09,1.5,137598.26,83617.638
000573.SZ,20170905,5.97,5.99,5.93,5.99,5.97,0.02,0.34,60400.92,36036.304
000573.SZ,20170904,6.0,6.0,5.96,5.97,5.99,-0.02,-0.33,67033.85,40062.233
000573.SZ,20170901,6.02,6.04,5.93,5.99,6.0,-0.01,-0.17,101470.33,60616.741
000573.SZ,20170831,6.04,6.07,5.99,6.0,6.03,-0.03,-0.5,55447.0,33317.42
000573.SZ,20170830,6.0,6.06,5.96,6.03,5.99,0.04,0.67,69559.2,41787.771
000573.SZ,20170829,6.0,6.04,5.96,5.99,5.99,0.0,0.0,46292.0,27792.145
000573.SZ,20170828,5.96,6.01,5.96,5.99,5.96,0.03,0.5,60066.87,35986.26
000573.SZ,20170825,5.87,5.98,5.87,5.96,5.87,0.09,1.53,40600.29,24102.127
000573.SZ,20170824,5.94,5.95,5.86,5.87,5.91,-0.04,-0.68,35604.0,21031.41
000573.SZ,20170823,5.94,5.95,5.89,5.91,5.93,-0.02,-0.34,40003.7,23687.479
000573.SZ,20170822,6.01,6.01,5.93,5.93,6.01,-0.08,-1.33,51718.93,30778.544
000573.SZ,20170821,5.97,6.01,5.95,6.01,5.97,0.04,0.67,69385.03,41595.297
000573.SZ,20170818,5.99,6.0,5.91,5.97,6.02,-0.05,-0.83,71238.24,42455.091
000573.SZ,20170817,6.01,6.02,5.95,6.02,5.97,0.05,0.84,56526.24,33863.891
000573.SZ,20170816,5.96,6.0,5.94,5.97,5.97,0.0,0.0,43445.17,25961.903
000573.SZ,20170815,5.97,6.03,5.95,5.97,5.96,0.01,0.17,44819.0,26810.417
000573.SZ,20170814,5.89,5.97,5.86,5.96,5.89,0.07,1.19,49724.01,29507.775
000573.SZ,20170811,5.99,5.99,5.88,5.89,5.99,-0.1,-1.67,57425.08,33969.353
000573.SZ,20170810,6.08,6.15,5.98,5.99,6.09,-0.1,-1.64,60747.67,36662.087
000573.SZ,20170809,6.08,6.1,6.05,6.09,6.08,0.01,0.16,41328.13,25113.625
000573.SZ,20170808,6.19,6.19,6.08,6.08,6.16,-0.08,-1.3,53592.79,32723.075
000573.SZ,20170807,6.12,6.19,6.07,6.16,6.14,0.02,0.33,57273.23,35054.756
000573.SZ,20170804,6.26,6.28,6.11,6.14,6.23,-0.09,-1.44,60784.0,37735.924
000573.SZ,20170803,6.34,6.34,6.2,6.23,6.31,-0.08,-1.27,71780.79,44855.838
000573.SZ,20170802,6.18,6.32,6.16,6.31,6.17,0.14,2.27,119679.47,75150.801
000573.SZ,20170801,6.2,6.23,6.14,6.17,6.2,-0.03,-0.48,60011.01,37038.969
000573.SZ,20170731,6.23,6.24,6.15,6.2,6.23,-0.03,-0.48,55935.35,34642.487
000573.SZ,20170728,6.24,6.29,6.22,6.23,6.24,-0.01,-0.16,37507.0,23418.212
000573.SZ,20170727,6.17,6.29,6.12,6.24,6.18,0.06,0.97,52100.16,32345.767
000573.SZ,20170726,6.26,6.28,6.11,6.18,6.24,-0.06,-0.96,52368.28,32405.85
000573.SZ,20170725,6.3,6.34,6.22,6.24,6.34,-0.1,-1.58,51677.29,32356.644
000573.SZ,20170724,6.3,6.39,6.21,6.34,6.32,0.02,0.32,61763.04,38997.343
000573.SZ,20170721,6.24,6.39,6.21,6.32,6.28,0.04,0.64,79100.52,49883.008
000573.SZ,20170720,6.05,6.55,6.02,6.28,6.06,0.22,3.63,135724.65,85730.314
000573.SZ,20170719,5.97,6.08,5.93,6.06,5.98,0.08,1.34,57308.33,34299.875
000573.SZ,20170718,5.85,6.01,5.85,5.98,5.93,0.05,0.84,45259.65,26792.578
000573.SZ,20170717,6.23,6.25,5.68,5.93,6.22,-0.29,-4.66,98307.0,58734.019
000573.SZ,20170714,6.28,6.32,6.2,6.22,6.3,-0.08,-1.27,57085.94,35662.824
000573.SZ,20170713,6.36,6.39,6.27,6.3,6.39,-0.09,-1.41,72486.32,45777.344
000573.SZ,20170712,6.26,6.59,6.26,6.39,6.25,0.14,2.24,124240.57,79907.386
000573.SZ,20170711,6.33,6.34,6.22,6.25,6.3,-0.05,-0.79,47829.07,29995.79
000573.SZ,20170710,6.38,6.43,6.28,6.3,6.4,-0.1,-1.56,77823.23,49447.907
000573.SZ,20170707,6.43,6.45,6.36,6.4,6.43,-0.03,-0.47,52505.99,33575.174
000573.SZ,20170706,6.45,6.54,6.4,6.43,6.47,-0.04,-0.62,68593.0,44393.256
000573.SZ,20170705,6.43,6.51,6.42,6.47,6.42,0.05,0.78,42226.79,27296.347
000573.SZ,20170704,6.49,6.5,6.38,6.42,6.49,-0.07,-1.08,47868.0,30803.831
000573.SZ,20170703,6.49,6.52,6.42,6.49,6.48,0.01,0.15,36832.49,23808.625
000573.SZ,20170630,6.42,6.54,6.39,6.48,6.42,0.06,0.93,63233.91,40985.408
000573.SZ,20170629,6.41,6.48,6.39,6.42,6.39,0.03,0.47,47889.13,30757.008
000573.SZ,20170628,6.48,6.48,6.35,6.39,6.5,-0.11,-1.69,48059.29,30749.294
000573.SZ,20170627,6.54,6.59,6.45,6.5,6.54,-0.04,-0.61,60540.04,39374.351
000573.SZ,20170626,6.38,6.57,6.26,6.54,6.38,0.16,2.51,77871.59,50595.884
000573.SZ,20170623,6.4,6.47,6.25,6.38,6.39,-0.01,-0.16,67535.66,42857.383
000573.SZ,20170622,6.63,6.65,6.38,6.39,6.63,-0.24,-3.62,122196.0,79400.806
000573.SZ,20170621,6.63,6.7,6.57,6.63,6.63,0.0,0.0,62837.64,41697.741
000573.SZ,20170620,6.75,6.75,6.63,6.63,6.72,-0.09,-1.34,75546.61,50425.856
000573.SZ,20170619,6.68,6.74,6.65,6.72,6.68,0.04,0.6,50997.53,34198.537
000573.SZ,20170616,6.69,6.79,6.66,6.68,6.68,0.0,0.0,95912.01,64461.334
000573.SZ,20170615,6.65,6.73,6.61,6.68,6.65,0.03,0.45,81326.91,54353.557
000573.SZ,20170614,6.7,6.71,6.62,6.65,6.72,-0.07,-1.04,70732.49,47078.39
000573.SZ,20170613,6.68,6.78,6.61,6.72,6.68,0.04,0.6,92175.99,62054.751
000573.SZ,20170612,6.75,6.85,6.61,6.68,6.8,-0.12,-1.76,132838.27,89062.97
000573.SZ,20170609,7.0,7.03,6.76,6.8,6.99,-0.19,-2.72,156228.9,106782.617
000573.SZ,20170608,6.95,7.21,6.9,7.09,6.99,0.1,1.43,226218.98,160146.568
000573.SZ,20170607,6.88,7.05,6.74,6.99,6.9,0.09,1.3,225286.27,156748.236
000573.SZ,20170606,6.84,7.07,6.7,6.9,6.83,0.07,1.02,235075.01,161723.274
000573.SZ,20170605,6.76,6.98,6.66,6.83,6.67,0.16,2.4,328347.94,223267.619
000573.SZ,20170602,6.08,6.67,6.02,6.67,6.06,0.61,10.07,303685.12,197694.14
000573.SZ,20170601,6.37,6.48,6.03,6.06,6.4,-0.34,-5.31,76009.14,47700.718
000573.SZ,20170531,6.69,6.69,6.38,6.4,6.55,-0.15,-2.29,100320.31,65405.1
000573.SZ,20170526,6.5,6.78,6.37,6.55,6.5,0.05,0.77,230970.07,151671.846
000573.SZ,20170525,5.94,6.5,5.81,6.5,5.91,0.59,9.98,155923.34,96658.004
000573.SZ,20170524,5.86,5.95,5.68,5.91,5.93,-0.02,-0.34,85078.76,49522.769
000573.SZ,20170523,5.96,6.18,5.79,5.93,6.0,-0.07,-1.17,109179.96,64973.776
000573.SZ,20170522,6.14,6.24,5.96,6.0,6.18,-0.18,-2.91,53099.01,32338.169
000573.SZ,20170519,6.12,6.21,6.1,6.18,6.12,0.06,0.98,40951.0,25261.806
000573.SZ,20170518,6.2,6.25,6.1,6.12,6.22,-0.1,-1.61,77193.32,47800.827
000573.SZ,20170517,6.1,6.31,6.07,6.22,6.15,0.07,1.14,71476.5,44573.905
000573.SZ,20170516,6.05,6.15,5.95,6.15,6.02,0.13,2.16,69447.67,41931.116
000573.SZ,20170515,6.05,6.1,5.97,6.02,6.05,-0.03,-0.5,53688.43,32457.729
000573.SZ,20170512,6.03,6.12,5.93,6.05,6.03,0.02,0.33,68358.17,41231.146
000573.SZ,20170511,6.21,6.21,5.81,6.03,6.21,-0.18,-2.9,127164.38,76229.044
000573.SZ,20170510,6.47,6.53,6.17,6.21,6.44,-0.23,-3.57,90696.94,57659.42
000573.SZ,20170509,6.4,6.51,6.31,6.44,6.48,-0.04,-0.62,75194.79,48231.619
000573.SZ,20170508,6.64,6.74,6.47,6.48,6.64,-0.16,-2.41,67524.15,44275.928
000573.SZ,20170505,6.88,6.88,6.63,6.64,6.84,-0.2,-2.92,74223.42,49981.447
000573.SZ,20170504,6.9,7.0,6.81,6.84,6.88,-0.04,-0.58,66615.44,46056.127
000573.SZ,20170503,7.05,7.05,6.82,6.88,7.04,-0.16,-2.27,73518.76,50834.078
000573.SZ,20170502,7.05,7.07,6.99,7.04,7.05,-0.01,-0.14,64011.94,44986.451
000573.SZ,20170428,6.81,7.06,6.8,7.05,6.88,0.17,2.47,81563.6,56865.354
000573.SZ,20170427,7.04,7.04,6.5,6.88,7.0,-0.12,-1.71,204520.72,138967.744
000573.SZ,20170426,7.41,7.41,6.99,7.0,7.34,-0.34,-4.63,161264.88,116463.72
000573.SZ,20170425,7.5,7.7,7.27,7.34,7.46,-0.12,-1.61,107732.27,80602.118
000573.SZ,20170424,7.64,7.8,7.37,7.46,7.64,-0.18,-2.36,135182.01,103051.309
000573.SZ,20170421,7.38,7.78,7.36,7.64,7.37,0.27,3.66,172961.26,131288.713
000573.SZ,20170420,7.44,7.53,7.26,7.37,7.42,-0.05,-0.67,104149.8,76877.035
000573.SZ,20170419,7.64,7.76,7.29,7.42,7.66,-0.24,-3.13,159844.53,119848.509
000573.SZ,20170418,8.01,8.05,7.66,7.66,7.98,-0.32,-4.01,142060.04,111632.745
000573.SZ,20170417,8.25,8.32,7.81,7.98,8.23,-0.25,-3.04,144482.12,116369.228
000573.SZ,20170414,8.58,8.6,8.2,8.23,8.65,-0.42,-4.86,165542.28,138043.004
000573.SZ,20170413,8.67,8.83,8.58,8.65,8.93,-0.28,-3.14,197536.34,171414.038
000573.SZ,20170412,8.73,9.2,8.46,8.93,8.48,0.45,5.31,485923.68,424526.815
000573.SZ,20170411,8.12,8.48,7.94,8.48,8.13,0.35,4.31,237174.32,194101.835
000573.SZ,20170410,8.38,8.38,8.05,8.13,8.38,-0.25,-2.98,134495.42,109527.976
000573.SZ,20170407,8.43,8.46,8.28,8.38,8.43,-0.05,-0.59,94621.89,79447.107
000573.SZ,20170406,8.38,8.52,8.33,8.43,8.36,0.07,0.84,93891.31,79013.113
000573.SZ,20170405,8.29,8.39,8.24,8.36,8.3,0.06,0.72,130081.85,108277.372
000573.SZ,20170331,8.26,8.34,8.13,8.3,8.29,0.01,0.12,99591.97,82000.293
000573.SZ,20170330,8.54,8.54,8.06,8.29,8.53,-0.24,-2.81,175112.65,144458.396
000573.SZ,20170329,8.78,8.78,8.53,8.53,8.67,-0.14,-1.61,79324.62,68344.432
000573.SZ,20170328,8.9,8.92,8.67,8.67,8.88,-0.21,-2.36,132355.19,115876.823
000573.SZ,20170327,9.08,9.13,8.81,8.88,9.14,-0.26,-2.84,98157.58,88210.726
000573.SZ,20170324,9.09,9.15,9.02,9.14,9.14,0.0,0.0,65373.65,59379.821
000573.SZ,20170323,9.12,9.17,8.94,9.14,9.1,0.04,0.44,92872.03,84209.191
000573.SZ,20170322,9.36,9.36,9.07,9.1,9.32,-0.22,-2.36,97766.7,89568.318
000573.SZ,20170321,9.38,9.41,9.29,9.32,9.4,-0.08,-0.85,80377.67,75016.861
000573.SZ,20170320,9.1,9.47,9.01,9.4,9.16,0.24,2.62,201449.2,187517.178
000573.SZ,20170317,9.31,9.39,9.16,9.16,9.37,-0.21,-2.24,102938.22,95431.04
000573.SZ,20170316,9.31,9.49,9.29,9.37,9.31,0.06,0.64,140349.86,131449.864
000573.SZ,20170315,9.39,9.49,9.28,9.31,9.43,-0.12,-1.27,116901.22,109487.6
000573.SZ,20170314,9.42,9.56,9.34,9.43,9.44,-0.01,-0.11,113217.48,106894.469
000573.SZ,20170313,9.49,9.55,9.3,9.44,9.4,0.04,0.43,157750.56,148504.695
000573.SZ,20170310,9.24,9.63,9.21,9.4,9.23,0.17,1.84,164741.93,155329.426
000573.SZ,20170309,9.4,9.51,9.21,9.23,9.44,-0.21,-2.22,151091.88,141029.866
000573.SZ,20170308,9.61,9.77,9.43,9.44,9.68,-0.24,-2.48,187641.63,180363.628
000573.SZ,20170307,9.64,9.85,9.57,9.68,9.68,0.0,0.0,153121.23,148281.792
000573.SZ,20170306,9.62,9.75,9.5,9.68,9.63,0.05,0.52,131034.41,126590.145
000573.SZ,20170303,9.51,9.66,9.42,9.63,9.56,0.07,0.73,136851.01,131023.763
000573.SZ,20170302,9.49,9.6,9.39,9.56,9.59,-0.03,-0.31,121706.01,115475.272
000573.SZ,20170301,9.57,9.65,9.39,9.59,9.57,0.02,0.21,134118.27,127737.131
000573.SZ,20170228,9.45,9.65,9.31,9.57,9.5,0.07,0.74,132935.01,126736.969
000573.SZ,20170227,9.5,9.78,9.26,9.5,9.63,-0.13,-1.35,191959.24,183055.967
000573.SZ,20170224,9.3,9.71,9.09,9.63,9.38,0.25,2.67,252936.71,240392.123
000573.SZ,20170223,9.22,9.65,9.0,9.38,9.22,0.16,1.74,186042.18,170931.802
000573.SZ,20170222,9.19,9.3,9.16,9.22,9.24,-0.02,-0.22,86459.01,79727.142
000573.SZ,20170221,9.18,9.28,9.09,9.24,9.18,0.06,0.65,91927.92,84521.06
000573.SZ,20170220,9.03,9.22,9.0,9.18,9.04,0.14,1.55,103819.36,94996.379
000573.SZ,20170217,9.0,9.25,8.95,9.04,8.99,0.05,0.56,108969.18,99492.728
000573.SZ,20170216,9.0,9.08,8.93,8.99,9.0,-0.01,-0.11,57467.52,51663.986
000573.SZ,20170215,9.21,9.21,8.93,9.0,9.19,-0.19,-2.07,115610.44,104721.838
000573.SZ,20170214,9.28,9.31,9.1,9.19,9.29,-0.1,-1.08,91523.12,83912.085
000573.SZ,20170213,9.27,9.38,9.22,9.29,9.3,-0.01,-0.11,61304.0,56970.356
000573.SZ,20170210,9.35,9.44,9.28,9.3,9.35,-0.05,-0.53,85481.35,79851.985
000573.SZ,20170209,9.14,9.39,9.14,9.35,9.23,0.12,1.3,116919.4,108683.212
000573.SZ,20170208,9.44,9.44,9.12,9.23,9.22,0.01,0.11,137414.47,126952.513
000573.SZ,20170207,8.76,9.64,8.72,9.22,8.76,0.46,5.25,219615.97,203417.896
000573.SZ,20170206,8.76,8.82,8.68,8.76,8.76,0.0,0.0,52462.45,45880.937
000573.SZ,20170203,8.9,8.95,8.7,8.76,8.91,-0.15,-1.68,39533.0,34734.649
000573.SZ,20170126,8.86,8.95,8.82,8.91,8.86,0.05,0.56,43205.66,38424.152
000573.SZ,20170125,8.85,8.89,8.76,8.86,8.85,0.01,0.11,51003.89,45064.998
000573.SZ,20170124,8.92,8.92,8.76,8.85,8.86,-0.01,-0.11,56808.52,50149.424
000573.SZ,20170123,8.76,8.92,8.71,8.86,8.76,0.1,1.14,69914.34,61774.903
000573.SZ,20170120,8.62,8.95,8.53,8.76,8.63,0.13,1.51,79339.52,69991.833
000573.SZ,20170119,8.75,8.77,8.57,8.63,8.69,-0.06,-0.69,51180.69,44404.742
000573.SZ,20170118,8.69,8.91,8.62,8.69,8.8,-0.11,-1.25,103358.95,90927.597
000573.SZ,20170117,8.95,8.95,8.31,8.8,8.95,-0.15,-1.68,199603.45,172039.614
000573.SZ,20170116,9.52,9.87,8.95,8.95,9.94,-0.99,-9.96,286769.18,261370.971
000573.SZ,20170113,10.0,10.04,9.86,9.94,9.97,-0.03,-0.3,97665.23,97108.926
000573.SZ,20170112,9.83,10.03,9.83,9.97,9.83,0.14,1.42,121101.25,120540.804
000573.SZ,20170111,10.0,10.1,9.81,9.83,9.99,-0.16,-1.6,113754.11,112716.739
000573.SZ,20170110,9.79,10.0,9.79,9.99,9.79,0.2,2.04,161957.11,161003.371
000573.SZ,20170109,9.96,9.97,9.61,9.79,9.98,-0.19,-1.9,185896.98,182555.313
000573.SZ,20170106,10.04,10.15,9.95,9.98,10.04,-0.06,-0.6,137687.76,137782.123
000573.SZ,20170105,10.0,10.14,9.91,10.04,10.01,0.03,0.3,160037.24,160709.514
000573.SZ,20170104,10.62,10.65,9.77,10.01,10.63,-0.62,-5.83,485088.91,491300.705
000573.SZ,20170103,10.77,10.9,10.55,10.63,10.73,-0.1,-0.93,152610.9,162752.979
000573.SZ,20161230,10.68,10.94,10.52,10.73,10.72,0.01,0.09,147058.3,158266.055
000573.SZ,20161229,11.0,11.05,10.71,10.72,11.06,-0.34,-3.07,164173.06,178673.699
000573.SZ,20161228,10.69,11.22,10.62,11.06,10.75,0.31,2.88,304639.08,334594.083
000573.SZ,20161227,10.87,10.95,10.52,10.75,10.88,-0.13,-1.19,256556.61,275304.205
000573.SZ,20161226,10.8,11.08,10.5,10.88,10.75,0.13,1.21,272383.84,295093.677
000573.SZ,20161223,11.35,11.5,10.71,10.75,11.5,-0.75,-6.52,389594.63,431744.862
000573.SZ,20161222,11.5,11.75,11.18,11.5,11.57,-0.07,-0.61,344728.42,394419.631
000573.SZ,20161221,11.48,11.95,11.31,11.57,11.4,0.17,1.49,446379.22,522096.676
000573.SZ,20161220,11.37,11.58,11.22,11.4,11.4,0.0,0.0,323401.44,368776.204
000573.SZ,20161219,10.78,11.81,10.65,11.4,10.82,0.58,5.36,696780.72,781382.164
000573.SZ,20161216,9.88,10.82,9.81,10.82,9.84,0.98,9.96,532871.83,557681.774
000573.SZ,20161215,9.72,9.95,9.71,9.84,9.84,0.0,0.0,172807.44,170206.272
000573.SZ,20161214,9.98,10.15,9.76,9.84,10.0,-0.16,-1.6,171233.97,170240.473
000573.SZ,20161213,9.93,10.05,9.68,10.0,10.0,0.0,0.0,175552.84,173762.881
000573.SZ,20161212,10.4,10.41,9.83,10.0,10.4,-0.4,-3.85,338238.05,341696.336
000573.SZ,20161209,10.31,10.56,10.14,10.4,10.31,0.09,0.87,266385.43,276635.342
000573.SZ,20161208,10.35,10.55,10.21,10.31,10.35,-0.04,-0.39,263098.25,273743.39
000573.SZ,20161207,10.32,10.57,10.16,10.35,10.38,-0.03,-0.29,342938.36,355822.131
000573.SZ,20161206,9.88,10.46,9.82,10.38,9.91,0.47,4.74,406517.38,413131.523
000573.SZ,20161205,9.75,10.04,9.51,9.91,9.93,-0.02,-0.2,312216.53,304884.398
000573.SZ,20161202,9.91,10.08,9.68,9.93,9.85,0.08,0.81,304641.6,301230.316
000573.SZ,20161201,9.47,9.98,9.47,9.85,9.48,0.37,3.9,402016.76,393684.233
000573.SZ,20161130,9.42,9.54,9.11,9.48,9.4,0.08,0.85,326792.82,304083.977
000573.SZ,20161129,9.8,10.03,9.35,9.4,9.86,-0.46,-4.67,397042.67,384080.394
000573.SZ,20161128,9.88,10.11,9.62,9.86,9.8,0.06,0.61,305276.32,302798.639
000573.SZ,20161125,9.78,9.85,9.42,9.8,9.78,0.02,0.2,224250.38,216709.885
000573.SZ,20161124,10.0,10.18,9.7,9.78,10.04,-0.26,-2.59,358954.41,356654.647
000573.SZ,20161123,10.0,10.28,9.8,10.04,9.99,0.05,0.5,450962.11,454883.721
000573.SZ,20161122,9.78,10.15,9.78,9.99,9.77,0.22,2.25,490769.86,490529.632
000573.SZ,20161121,9.9,9.98,9.61,9.77,9.75,0.02,0.21,500499.69,489051.246
000573.SZ,20161118,9.35,10.25,9.24,9.75,9.34,0.41,4.39,982950.06,958771.733
000573.SZ,20161117,9.09,9.4,8.94,9.34,9.09,0.25,2.75,467626.03,431622.713
000573.SZ,20161116,9.2,9.25,9.02,9.09,9.21,-0.12,-1.3,362660.98,330387.447
000573.SZ,20161115,8.95,9.38,8.95,9.21,8.92,0.29,3.25,608882.52,561954.182
000573.SZ,20161114,8.95,9.07,8.88,8.92,9.02,-0.1,-1.11,227146.36,203569.091
000573.SZ,20161111,9.1,9.19,8.91,9.02,9.04,-0.02,-0.22,279895.69,252223.962
000573.SZ,20161110,8.8,9.18,8.74,9.04,8.82,0.22,2.49,457968.22,412985.288
000573.SZ,20161109,8.67,9.08,8.63,8.82,8.64,0.18,2.08,454828.91,402689.997
000573.SZ,20161108,8.61,8.77,8.6,8.64,8.6,0.04,0.47,222123.54,192777.452
000573.SZ,20161107,8.58,8.69,8.48,8.6,8.58,0.02,0.23,220412.91,189463.201
000573.SZ,20161104,8.92,9.11,8.48,8.58,8.97,-0.39,-4.35,438906.15,383201.569
000573.SZ,20161103,8.8,9.14,8.78,8.97,8.9,0.07,0.79,405786.15,365623.964
000573.SZ,20161102,9.18,9.28,8.85,8.9,9.38,-0.48,-5.12,567952.71,513834.461
000573.SZ,20161101,9.0,9.59,8.96,9.38,9.13,0.25,2.74,749742.44,701554.01
000573.SZ,20161031,8.9,9.44,8.56,9.13,8.87,0.26,2.93,637637.62,571284.393
000573.SZ,20161028,8.7,9.07,8.63,8.87,8.74,0.13,1.49,623712.85,555086.0141
000573.SZ,20161027,8.99,8.99,8.7,8.74,9.11,-0.37,-4.06,679800.41,597975.5026
000573.SZ,20161026,8.32,9.11,8.28,9.11,8.28,0.83,10.02,1047272.22,930044.3119
000573.SZ,20161025,8.21,8.31,8.18,8.28,8.18,0.1,1.22,215185.05,177404.0227
000573.SZ,20161024,8.2,8.24,8.08,8.18,8.18,0.0,0.0,156365.14,127374.1901
000573.SZ,20161021,8.31,8.41,8.08,8.18,8.24,-0.06,-0.73,202572.37,166223.3854
000573.SZ,20161020,8.0,8.27,7.92,8.24,8.02,0.22,2.74,335293.4,273911.438
000573.SZ,20161019,8.04,8.17,8.0,8.02,7.99,0.03,0.38,196112.37,158441.5757
000573.SZ,20161018,7.91,8.01,7.84,7.99,7.93,0.06,0.76,102097.01,80887.8926
000573.SZ,20161017,7.99,8.07,7.86,7.93,7.99,-0.06,-0.75,122567.19,97821.4508
000573.SZ,20161014,8.02,8.02,7.93,7.99,8.02,-0.03,-0.37,85928.63,68472.9588
000573.SZ,20161013,7.98,8.05,7.97,8.02,7.98,0.04,0.5,90271.28,72374.0449
000573.SZ,20161012,8.01,8.03,7.92,7.98,8.05,-0.07,-0.87,99567.16,79354.615
000573.SZ,20161011,7.87,8.07,7.83,8.05,7.86,0.19,2.42,185028.42,147558.5206
000573.SZ,20161010,7.89,7.98,7.8,7.86,7.99,-0.13,-1.63,211058.71,165879.3495
000573.SZ,20160930,7.98,8.12,7.94,7.99,8.0,-0.01,-0.13,168966.08,135876.4377
000573.SZ,20160929,7.86,8.17,7.79,8.0,7.81,0.19,2.43,221390.01,176974.4456
000573.SZ,20160928,7.88,7.92,7.75,7.81,7.89,-0.08,-1.01,131712.72,103097.8652
000573.SZ,20160927,7.63,7.94,7.62,7.89,7.68,0.21,2.73,203375.99,159553.9162
000573.SZ,20160926,7.93,7.99,7.6,7.68,7.99,-0.31,-3.88,177394.86,139007.0444
000573.SZ,20160923,8.26,8.26,7.98,7.99,8.32,-0.33,-3.97,278364.89,225847.4328
000573.SZ,20160922,8.06,8.4,8.06,8.32,8.04,0.28,3.48,495133.48,410872.4318
000573.SZ,20160921,7.98,8.08,7.98,8.04,8.0,0.04,0.5,128977.0,103493.4139
000573.SZ,20160920,8.01,8.15,7.96,8.0,8.0,0.0,0.0,158820.38,127630.1097
000573.SZ,20160919,7.99,8.06,7.95,8.0,8.01,-0.01,-0.12,119274.88,95395.5388
000573.SZ,20160914,8.01,8.06,7.88,8.01,8.06,-0.05,-0.62,101057.0,80680.7732
000573.SZ,20160913,8.05,8.12,7.98,8.06,8.01,0.05,0.62,105165.56,84457.9254
000573.SZ,20160912,7.98,8.2,7.85,8.01,8.11,-0.1,-1.23,189167.3,152095.2776
000573.SZ,20160909,8.41,8.44,8.11,8.11,8.41,-0.3,-3.57,224988.37,186396.2909
000573.SZ,20160908,8.36,8.5,8.34,8.41,8.4,0.01,0.12,143793.53,121002.4257
000573.SZ,20160907,8.45,8.48,8.35,8.4,8.46,-0.06,-0.71,216992.89,182368.1427
000573.SZ,20160906,8.45,8.5,8.3,8.46,8.45,0.01,0.12,213228.39,178827.4223
000573.SZ,20160905,8.43,8.54,8.34,8.45,8.41,0.04,0.48,180374.66,151773.0523
000573.SZ,20160902,8.3,8.56,8.26,8.41,8.42,-0.01,-0.12,173043.19,145919.828
000573.SZ,20160901,8.82,8.84,8.41,8.42,8.96,-0.54,-6.03,413491.81,353120.9977
000573.SZ,20160831,8.55,9.29,8.52,8.96,8.56,0.4,4.67,624561.82,557257.8179
000573.SZ,20160830,8.61,8.67,8.53,8.56,8.6,-0.04,-0.47,229330.34,196816.4111
000573.SZ,20160829,8.61,8.72,8.57,8.6,8.62,-0.02,-0.23,161276.69,139168.3786
000573.SZ,20160826,8.81,8.86,8.61,8.62,8.81,-0.19,-2.16,261572.15,228573.3053
000573.SZ,20160825,9.2,9.2,8.6,8.81,9.23,-0.42,-4.55,335440.46,296204.265
000573.SZ,20160824,9.22,9.28,9.11,9.23,9.21,0.02,0.22,185894.75,171158.498
000573.SZ,20160823,9.37,9.45,9.1,9.21,9.29,-0.08,-0.86,261051.91,240871.6643
000573.SZ,20160822,9.45,9.67,9.29,9.29,9.51,-0.22,-2.31,278545.0,263124.3122
000573.SZ,20160819,9.7,9.74,9.5,9.51,10.04,-0.53,-5.28,453510.38,434627.3003
000573.SZ,20160818,9.66,10.38,9.55,10.04,9.6,0.44,4.58,807881.12,805937.3426
000573.SZ,20160817,9.96,10.3,9.52,9.6,10.3,-0.7,-6.8,762681.54,746068.5972
000573.SZ,20160816,10.07,10.67,9.78,10.3,10.17,0.13,1.28,1081715.48,1105721.5522
000573.SZ,20160815,9.95,10.77,9.88,10.17,9.91,0.26,2.62,1293061.76,1332829.5713
000573.SZ,20160812,9.07,9.91,8.93,9.91,9.01,0.9,9.99,1069245.67,1016767.8186
000573.SZ,20160811,9.23,9.34,8.95,9.01,9.39,-0.38,-4.05,398827.16,364357.5985
000573.SZ,20160810,9.5,9.57,9.1,9.39,9.65,-0.26,-2.69,668321.81,621223.3532
000573.SZ,20160809,9.72,9.99,9.35,9.65,9.25,0.4,4.32,820462.68,790580.0942
000573.SZ,20160808,8.4,9.25,8.4,9.25,8.41,0.84,9.99,451846.25,405208.0278
000573.SZ,20160805,8.6,8.85,8.33,8.41,8.34,0.07,0.84,305927.0,260685.6298
000573.SZ,20160804,8.03,8.44,7.92,8.34,8.04,0.3,3.73,231043.64,190532.1896
000573.SZ,20160803,7.86,8.1,7.8,8.04,7.87,0.17,2.16,109311.85,86743.3054
000573.SZ,20160802,7.85,7.96,7.8,7.87,7.98,-0.11,-1.38,70689.73,55795.662
000573.SZ,20160801,8.08,8.08,7.48,7.98,8.08,-0.1,-1.24,167609.49,129830.9713
000573.SZ,20160729,8.15,8.25,7.95,8.08,8.2,-0.12,-1.46,111051.24,89865.1998
000573.SZ,20160728,8.1,8.26,7.96,8.2,8.1,0.1,1.23,141916.67,115011.9779
000573.SZ,20160727,8.1,8.34,7.8,8.1,8.07,0.03,0.37,225752.67,182875.9774
000573.SZ,20160726,8.1,8.2,7.98,8.07,8.09,-0.02,-0.25,123777.4,100020.6995
000573.SZ,20160725,7.74,8.2,7.74,8.09,7.75,0.34,4.39,179882.13,145184.9777
000573.SZ,20160722,7.66,7.87,7.6,7.75,7.69,0.06,0.78,145726.13,113157.1239
000573.SZ,20160721,7.51,7.77,7.5,7.69,7.51,0.18,2.4,134159.63,102596.3317
000573.SZ,20160720,7.5,7.55,7.43,7.51,7.51,0.0,0.0,49369.51,37009.7288
000573.SZ,20160719,7.47,7.55,7.41,7.51,7.47,0.04,0.54,44125.1,32941.1057
000573.SZ,20160718,7.48,7.54,7.42,7.47,7.47,0.0,0.0,56916.88,42620.0254
000573.SZ,20160715,7.54,7.58,7.46,7.47,7.54,-0.07,-0.93,51624.61,38709.4467
000573.SZ,20160714,7.59,7.59,7.51,7.54,7.58,-0.04,-0.53,39742.2,29996.3085
000573.SZ,20160713,7.66,7.67,7.53,7.58,7.66,-0.08,-1.04,90606.41,68708.6904
000573.SZ,20160712,7.44,7.66,7.41,7.66,7.48,0.18,2.41,62156.36,46598.8905
000573.SZ,20160711,7.45,7.56,7.39,7.48,7.47,0.01,0.13,107916.0,80542.0569
000573.SZ,20160708,7.51,7.56,7.4,7.47,7.54,-0.07,-0.93,79902.48,59654.9782
000573.SZ,20160707,7.6,7.63,7.48,7.54,7.61,-0.07,-0.92,74930.05,56658.0283
000573.SZ,20160706,7.64,7.72,7.58,7.61,7.63,-0.02,-0.26,68415.52,52233.6556
000573.SZ,20160705,7.61,7.66,7.56,7.63,7.6,0.03,0.39,73358.76,55845.2706
000573.SZ,20160704,7.5,7.72,7.46,7.6,7.58,0.02,0.26,107109.87,81682.2561
000573.SZ,20160701,7.58,7.69,7.47,7.58,7.54,0.04,0.53,119861.33,90894.0723
000573.SZ,20160630,7.53,7.66,7.47,7.54,7.53,0.01,0.13,121048.06,91541.7251
000573.SZ,20160629,7.55,7.62,7.45,7.53,7.52,0.01,0.13,108890.26,82033.2207
000573.SZ,20160628,7.44,7.72,7.4,7.52,7.48,0.04,0.53,127138.43,96078.4009
000573.SZ,20160627,7.3,7.66,7.22,7.48,7.4,0.08,1.08,115422.72,86825.2934
000573.SZ,20160624,7.27,7.48,7.06,7.4,7.25,0.15,2.07,157618.26,115893.2743
000573.SZ,20160623,7.48,7.48,7.2,7.25,7.56,-0.31,-4.1,155125.1,113293.1505
000573.SZ,20160622,7.56,7.65,7.49,7.56,7.69,-0.13,-1.69,73715.27,55720.1828
000573.SZ,20160621,7.55,7.72,7.4,7.69,7.66,0.03,0.39,125231.01,94395.2903
000573.SZ,20160620,7.77,7.77,7.06,7.66,7.84,-0.18,-2.3,283662.86,207901.1836
000573.SZ,20160617,7.88,7.91,7.76,7.84,7.85,-0.01,-0.13,75947.27,59456.0148
000573.SZ,20160616,8.01,8.04,7.85,7.85,8.0,-0.15,-1.88,84807.37,67301.4694
000573.SZ,20160615,7.81,8.05,7.81,8.0,7.92,0.08,1.01,85674.46,68393.4975
000573.SZ,20160614,7.7,7.92,7.68,7.92,7.78,0.14,1.8,77214.91,60253.5892
000573.SZ,20160613,7.99,8.05,7.78,7.78,8.04,-0.26,-3.23,146338.39,115782.2217
000573.SZ,20160608,8.04,8.09,7.96,8.04,8.04,0.0,0.0,114391.88,91736.0907
000573.SZ,20160607,8.11,8.15,7.95,8.04,8.13,-0.09,-1.11,137001.05,110180.0014
000573.SZ,20160606,8.04,8.16,8.0,8.13,8.06,0.07,0.87,106202.61,85970.8105
000573.SZ,20160603,8.19,8.24,7.97,8.06,8.19,-0.13,-1.59,180119.16,145065.24
000573.SZ,20160602,8.2,8.25,8.06,8.19,8.18,0.01,0.12,130702.14,106286.788
000573.SZ,20160601,8.22,8.35,8.15,8.18,8.19,-0.01,-0.12,141591.98,116674.1029
000573.SZ,20160531,8.0,8.25,7.98,8.19,8.01,0.18,2.25,139692.98,114317.9866
000573.SZ,20160530,8.07,8.1,7.93,8.01,8.1,-0.09,-1.11,77273.43,61935.035
000573.SZ,20160527,8.13,8.25,8.08,8.1,8.17,-0.07,-0.86,103987.76,84919.0008
000573.SZ,20160526,7.99,8.17,7.86,8.17,7.99,0.18,2.25,156220.07,124856.9519
000573.SZ,20160525,7.99,8.05,7.96,7.99,7.99,0.0,0.0,69492.05,55558.548
000573.SZ,20160524,8.08,8.08,7.84,7.99,8.1,-0.11,-1.36,120363.07,95174.5214
000573.SZ,20160523,8.11,8.17,8.02,8.1,8.09,0.01,0.12,109663.34,88715.3926
000573.SZ,20160520,7.8,8.09,7.75,8.09,7.88,0.21,2.67,84100.92,66582.8941
000573.SZ,20160519,7.92,8.09,7.85,7.88,7.97,-0.09,-1.13,58754.46,46906.3637
000573.SZ,20160518,8.1,8.19,7.75,7.97,8.22,-0.25,-3.04,120254.1,95540.6874
000573.SZ,20160517,8.1,8.32,8.01,8.22,8.08,0.14,1.73,128309.51,104684.1156
000573.SZ,20160516,7.64,8.16,7.64,8.08,7.76,0.32,4.12,137456.79,109408.1728
000573.SZ,20160513,7.84,7.93,7.65,7.76,7.86,-0.1,-1.27,114586.97,88916.6761
000573.SZ,20160512,7.93,7.94,7.62,7.86,8.07,-0.21,-2.6,152687.28,118923.8423
000573.SZ,20160511,8.15,8.28,7.93,8.07,8.14,-0.07,-0.86,154684.36,125836.5121
000573.SZ,20160510,7.91,8.22,7.9,8.14,8.0,0.14,1.75,124559.67,100877.0403
000573.SZ,20160509,8.51,8.51,7.9,8.0,8.59,-0.59,-6.87,202199.19,165168.3437
000573.SZ,20160506,8.8,9.0,8.5,8.59,8.81,-0.22,-2.5,338322.02,296791.5101
000573.SZ,20160505,8.5,8.88,8.43,8.81,8.55,0.26,3.04,225423.69,195540.8744
000573.SZ,20160504,8.54,8.73,8.49,8.55,8.6,-0.05,-0.58,215383.08,184900.9129
000573.SZ,20160503,8.26,8.75,8.17,8.6,8.35,0.25,2.99,316104.22,267295.8021
000573.SZ,20160429,7.8,8.43,7.7,8.35,7.84,0.51,6.51,323789.43,264344.7117
000573.SZ,20160428,7.96,8.07,7.78,7.84,7.99,-0.15,-1.88,169493.67,133827.3856
000573.SZ,20160427,7.77,8.08,7.77,7.99,7.8,0.19,2.44,227704.96,181885.8884
000573.SZ,20160426,7.79,7.92,7.65,7.8,7.81,-0.01,-0.13,136951.75,106380.451
000573.SZ,20160425,7.56,7.87,7.5,7.81,7.62,0.19,2.49,126773.88,97778.6786
000573.SZ,20160422,7.67,7.75,7.4,7.62,7.75,-0.13,-1.68,109651.82,82998.7172
000573.SZ,20160421,7.77,7.92,7.67,7.75,7.84,-0.09,-1.15,135395.15,105678.6124
000573.SZ,20160420,8.03,8.07,7.3,7.84,8.02,-0.18,-2.24,279524.76,216621.6557
000573.SZ,20160419,8.06,8.16,7.93,8.02,8.06,-0.04,-0.5,157788.83,126920.2122
000573.SZ,20160418,7.96,8.15,7.78,8.06,7.93,0.13,1.64,337823.68,271203.9747
000573.SZ,20160415,7.88,7.99,7.84,7.93,7.91,0.02,0.25,183075.26,144860.2016
000573.SZ,20160414,7.65,8.08,7.61,7.91,7.59,0.32,4.22,335206.39,263924.4491
000573.SZ,20160413,7.69,7.84,7.58,7.59,7.71,-0.12,-1.56,206009.91,159510.8878
000573.SZ,20160412,7.6,7.71,7.37,7.71,7.58,0.13,1.72,159542.06,120036.7243
000573.SZ,20160411,7.51,7.85,7.5,7.58,7.5,0.08,1.07,286174.12,219492.4755
000573.SZ,20160408,7.38,7.53,7.2,7.5,7.44,0.06,0.81,216330.25,159207.2396
000573.SZ,20160407,7.66,7.74,7.3,7.44,7.69,-0.25,-3.25,279840.48,208491.0139
000573.SZ,20160406,7.75,7.83,7.62,7.69,7.77,-0.08,-1.03,113452.64,87630.9
000573.SZ,20160405,7.66,7.86,7.64,7.77,7.69,0.08,1.04,210139.68,162694.0713
000573.SZ,20160401,7.61,7.69,7.46,7.69,7.6,0.09,1.18,101998.28,77335.6832
000573.SZ,20160331,7.79,7.82,7.59,7.6,7.75,-0.15,-1.94,161094.63,124215.5842
000573.SZ,20160330,7.62,7.9,7.62,7.75,7.56,0.19,2.51,152993.34,118725.8065
000573.SZ,20160329,7.98,7.98,7.5,7.56,7.9,-0.34,-4.3,133956.38,102481.0094
000573.SZ,20160328,8.16,8.27,7.86,7.9,8.16,-0.26,-3.19,217949.03,175569.8189
000573.SZ,20160325,7.82,8.16,7.82,8.16,7.89,0.27,3.42,197852.74,158984.9323
000573.SZ,20160324,7.78,8.03,7.71,7.89,7.86,0.03,0.38,192932.1,152834.5476
000573.SZ,20160323,7.88,7.95,7.71,7.86,7.98,-0.12,-1.5,101815.31,79724.0943
000573.SZ,20160322,7.99,8.09,7.8,7.98,7.98,0.0,0.0,158090.2,125134.8707
000573.SZ,20160321,7.99,8.08,7.86,7.98,8.0,-0.02,-0.25,172399.34,137592.4486
000573.SZ,20160318,7.88,8.09,7.84,8.0,7.9,0.1,1.27,183757.85,146685.028
000573.SZ,20160317,7.8,7.99,7.72,7.9,7.84,0.06,0.77,187470.71,147885.8492
000573.SZ,20160316,7.6,7.9,7.5,7.84,7.57,0.27,3.57,179003.79,138371.4902
000573.SZ,20160315,7.36,7.74,7.28,7.57,7.37,0.2,2.71,138329.24,103917.6421
000573.SZ,20160314,7.2,7.55,7.19,7.37,7.14,0.23,3.22,89595.09,66233.2816
000573.SZ,20160311,7.1,7.29,6.97,7.14,7.1,0.04,0.56,65956.08,47049.9601
000573.SZ,20160310,7.34,7.45,7.05,7.1,7.32,-0.22,-3.01,93522.35,67437.7386
000573.SZ,20160309,7.52,7.58,7.3,7.32,7.71,-0.39,-5.06,92165.57,68405.5325
000573.SZ,20160308,7.72,7.76,7.4,7.71,7.72,-0.01,-0.13,119372.4,90425.4959
000573.SZ,20160307,7.6,7.92,7.6,7.72,7.62,0.1,1.31,134797.74,104788.131
000573.SZ,20160304,7.65,7.93,7.28,7.62,7.71,-0.09,-1.17,164118.57,125289.2018
000573.SZ,20160303,7.78,8.25,7.6,7.71,7.79,-0.08,-1.03,238430.68,188753.3604
000573.SZ,20160302,7.26,7.79,7.21,7.79,7.26,0.53,7.3,185286.32,139495.247
000573.SZ,20160301,6.97,7.32,6.91,7.26,6.9,0.36,5.22,143097.17,102053.4674
000573.SZ,20160229,7.23,7.38,6.55,6.9,7.28,-0.38,-5.22,151509.86,103876.6439
000573.SZ,20160226,7.28,7.47,7.08,7.28,7.24,0.04,0.55,126272.92,92437.6325
000573.SZ,20160225,7.99,7.99,7.12,7.24,7.91,-0.67,-8.47,233647.26,173272.5683
000573.SZ,20160224,8.03,8.03,7.7,7.91,8.01,-0.1,-1.25,163184.73,128292.6856
000573.SZ,20160223,7.61,8.06,7.56,8.01,7.63,0.38,4.98,266052.57,207855.6267
000573.SZ,20160222,7.36,7.87,7.36,7.63,7.28,0.35,4.81,257852.26,196539.5194
000573.SZ,20160219,7.25,7.54,7.16,7.28,7.31,-0.03,-0.41,136950.41,100925.0083
000573.SZ,20160218,7.31,7.45,7.08,7.31,7.29,0.02,0.27,212004.85,154133.8947
000573.SZ,20160217,7.18,7.36,7.12,7.29,7.19,0.1,1.39,175758.68,127534.4627
000573.SZ,20160216,7.02,7.22,6.99,7.19,7.0,0.19,2.71,234997.49,166775.2395
000573.SZ,20160215,7.0,7.14,6.95,7.0,7.39,-0.39,-5.28,163057.66,114543.6899
000573.SZ,20160205,7.3,7.62,7.21,7.39,7.3,0.09,1.23,130948.54,97625.8335
000573.SZ,20160204,7.03,7.35,6.93,7.3,6.99,0.31,4.43,134059.11,96204.1102
000573.SZ,20160203,6.73,7.13,6.62,6.99,6.73,0.26,3.86,119098.47,82661.5823
000573.SZ,20160202,6.48,6.76,6.41,6.73,6.4,0.33,5.16,95459.52,63508.421
000573.SZ,20160201,6.3,6.73,6.21,6.4,6.31,0.09,1.43,118068.97,76241.3549
000573.SZ,20160129,6.06,6.34,5.9,6.31,6.06,0.25,4.13,132875.77,82174.53
000573.SZ,20160128,6.21,6.46,6.0,6.06,6.47,-0.41,-6.34,94251.61,58886.1973
000573.SZ,20160127,6.65,6.7,6.01,6.47,6.67,-0.2,-3.0,172828.16,109096.0935
000573.SZ,20160126,7.33,7.35,6.67,6.67,7.41,-0.74,-9.99,159488.99,112213.7735
000573.SZ,20160125,7.28,7.43,7.23,7.41,7.2,0.21,2.92,107850.74,79321.9158
000573.SZ,20160122,7.15,7.25,6.83,7.2,7.05,0.15,2.13,124780.43,88278.1675
000573.SZ,20160121,7.15,7.41,7.0,7.05,7.25,-0.2,-2.76,153470.15,110266.4474
000573.SZ,20160120,7.24,7.54,7.14,7.25,7.23,0.02,0.28,182485.94,133443.6125
000573.SZ,20160119,6.84,7.34,6.81,7.23,6.88,0.35,5.09,186563.22,133021.099
000573.SZ,20160118,6.53,7.08,6.53,6.88,6.8,0.08,1.18,139102.68,95503.4714
000573.SZ,20160115,7.0,7.21,6.61,6.8,7.21,-0.41,-5.69,200978.49,139453.1556
000573.SZ,20160114,6.72,7.38,6.4,7.21,7.0,0.21,3.0,253641.0,173075.036
000573.SZ,20160113,7.5,7.75,7.0,7.0,7.74,-0.74,-9.56,344406.39,251447.5508
000573.SZ,20160112,8.5,8.74,7.74,7.74,8.6,-0.86,-10.0,487225.7,393600.4722
000573.SZ,20160111,8.45,9.06,8.2,8.6,8.68,-0.08,-0.92,597176.19,518407.5568
000573.SZ,20160108,8.24,8.83,7.5,8.68,8.2,0.48,5.85,569125.14,477511.835
000573.SZ,20160107,8.83,8.99,8.2,8.2,9.11,-0.91,-9.99,178909.67,152666.9777
000573.SZ,20160106,8.2,9.11,8.15,9.11,8.28,0.83,10.02,895117.57,796899.5915
000573.SZ,20160105,7.81,8.39,7.6,8.28,8.04,0.24,2.99,522052.26,419980.3589
000573.SZ,20160104,8.37,8.8,8.0,8.04,8.41,-0.37,-4.4,395088.67,336805.1107
000573.SZ,20151231,8.38,8.62,8.26,8.41,8.38,0.03,0.36,272483.38,231462.9581
000573.SZ,20151230,8.37,8.69,8.21,8.38,8.38,0.0,0.0,281643.3,238030.8797
000573.SZ,20151229,8.1,8.43,7.9,8.38,8.16,0.22,2.7,280890.47,228059.8541
000573.SZ,20151228,7.89,8.59,7.78,8.16,7.89,0.27,3.42,394985.97,323630.5737
000573.SZ,20151225,7.74,7.95,7.63,7.89,7.74,0.15,1.94,186493.47,145462.4872
000573.SZ,20151224,7.72,7.87,7.58,7.74,7.76,-0.02,-0.26,144251.43,111848.2384
000573.SZ,20151223,7.98,8.02,7.73,7.76,7.95,-0.19,-2.39,175070.66,136937.5536
000573.SZ,20151222,7.87,8.09,7.67,7.95,7.78,0.17,2.19,289256.0,228666.714
000573.SZ,20151221,7.61,7.92,7.55,7.78,7.7,0.08,1.04,287803.14,223793.1618
000573.SZ,20151218,7.11,7.85,7.08,7.7,7.14,0.56,7.84,494877.62,374912.4648
000573.SZ,20151217,7.05,7.24,7.05,7.14,7.03,0.11,1.56,203186.13,145069.0443
000573.SZ,20151216,7.04,7.15,7.01,7.03,7.02,0.01,0.14,90027.97,63660.78
000573.SZ,20151215,6.91,7.17,6.9,7.02,6.9,0.12,1.74,133330.1,94173.7964
000573.SZ,20151214,6.52,6.93,6.52,6.9,6.71,0.19,2.83,123621.81,83717.312
000573.SZ,20151211,6.95,6.95,6.69,6.71,6.95,-0.24,-3.45,141405.39,95643.0946
000573.SZ,20151210,7.19,7.19,6.9,6.95,7.17,-0.22,-3.07,164595.82,115383.2267
000573.SZ,20151209,7.11,7.35,7.09,7.17,7.17,0.0,0.0,118062.25,84975.2414
000573.SZ,20151208,7.34,7.49,7.04,7.17,7.35,-0.18,-2.45,196597.61,143029.212
000573.SZ,20151207,7.07,7.49,7.0,7.35,7.06,0.29,4.11,224414.95,164632.2428
000573.SZ,20151204,7.03,7.14,6.97,7.06,7.08,-0.02,-0.28,155413.81,109566.2991
000573.SZ,20151203,6.86,7.14,6.78,7.08,6.84,0.24,3.51,151411.06,105554.9626
000573.SZ,20151202,6.98,7.02,6.65,6.84,7.0,-0.16,-2.29,159525.18,108873.4337
000573.SZ,20151201,6.9,7.23,6.67,7.0,6.85,0.15,2.19,244521.07,169621.7763
000573.SZ,20151130,6.83,7.06,6.28,6.85,6.87,-0.02,-0.29,236840.53,159858.1353
000573.SZ,20151127,7.5,7.5,6.78,6.87,7.53,-0.66,-8.76,353341.19,253037.0025
000573.SZ,20151126,7.59,7.71,7.45,7.53,7.62,-0.09,-1.18,201735.08,152257.2919
000573.SZ,20151125,7.58,7.68,7.44,7.62,7.6,0.02,0.26,205432.13,155519.073
000573.SZ,20151124,7.51,7.86,7.5,7.6,7.55,0.05,0.66,248965.56,191658.6416
000573.SZ,20151123,7.85,7.86,7.48,7.55,7.86,-0.31,-3.94,279426.24,212748.4539
000573.SZ,20151120,7.91,8.1,7.8,7.86,7.86,0.0,0.0,256054.95,203538.7303
000573.SZ,20151119,7.8,7.98,7.58,7.86,7.78,0.08,1.03,299247.79,232719.0876
000573.SZ,20151118,7.43,8.15,7.37,7.78,7.43,0.35,4.71,512526.96,401176.2723
000573.SZ,20151117,7.3,7.72,7.25,7.43,7.28,0.15,2.06,475313.71,355511.9315
000573.SZ,20151116,6.7,7.36,6.58,7.28,6.83,0.45,6.59,373207.66,262449.916
000573.SZ,20151113,7.01,7.07,6.73,6.83,7.09,-0.26,-3.67,257112.45,177149.2098
000573.SZ,20151112,7.14,7.21,6.88,7.09,7.04,0.05,0.71,368147.91,259648.7597
000573.SZ,20151111,6.9,7.43,6.82,7.04,6.9,0.14,2.03,301242.43,214857.5567
000573.SZ,20151110,6.99,7.17,6.75,6.9,6.92,-0.02,-0.29,577323.09,400051.9232
000573.SZ,20151109,6.2,6.92,6.15,6.92,6.29,0.63,10.02,643402.1,436154.8491
000573.SZ,20151106,6.09,6.37,6.07,6.29,6.06,0.23,3.8,344098.69,215667.1588
000573.SZ,20151105,6.01,6.16,5.94,6.06,6.01,0.05,0.83,298976.34,180953.4253
000573.SZ,20151104,5.8,6.04,5.76,6.01,5.75,0.26,4.52,251557.51,149634.3118
000573.SZ,20151103,5.82,5.92,5.62,5.75,5.81,-0.06,-1.03,135971.92,78482.3499
000573.SZ,20151102,5.8,6.1,5.71,5.81,6.18,-0.37,-5.99,317771.25,187379.5149
000573.SZ,20151030,5.93,6.26,5.89,6.18,5.92,0.26,4.39,382027.53,233592.1395
000573.SZ,20151029,5.84,6.08,5.8,5.92,5.78,0.14,2.42,295791.01,175793.1237
000573.SZ,20151028,5.76,5.87,5.66,5.78,5.79,-0.01,-0.17,177625.68,102857.7283
000573.SZ,20151027,5.79,5.85,5.31,5.79,5.8,-0.01,-0.17,212501.03,119491.0354
000573.SZ,20151026,6.02,6.05,5.7,5.8,5.87,-0.07,-1.19,297403.33,173475.1307
000573.SZ,20151023,5.75,5.93,5.66,5.87,5.69,0.18,3.16,231635.18,134495.2753
000573.SZ,20151022,5.48,5.72,5.48,5.69,5.54,0.15,2.71,214603.0,120770.7129
000573.SZ,20151021,6.15,6.15,5.54,5.54,6.15,-0.61,-9.92,369114.79,215092.912
000573.SZ,20151020,6.06,6.23,5.96,6.15,6.1,0.05,0.82,300963.84,183316.0063
000573.SZ,20151019,6.18,6.29,5.96,6.1,6.3,-0.2,-3.17,460345.86,280754.9989
000573.SZ,20151016,6.2,6.63,6.1,6.3,6.03,0.27,4.48,662007.04,421639.9983
000573.SZ,20151015,5.65,6.03,5.6,6.03,5.48,0.55,10.04,329495.17,193822.0094
000573.SZ,20151014,5.38,5.72,5.35,5.48,5.39,0.09,1.67,442516.61,244971.63
000573.SZ,20151013,5.36,5.4,5.27,5.39,5.38,0.01,0.19,258299.13,138059.9001
000573.SZ,20151012,5.18,5.44,5.15,5.38,5.16,0.22,4.26,341339.02,181138.7705
000573.SZ,20151009,5.18,5.23,5.07,5.16,5.21,-0.05,-0.96,217443.44,112237.5049
000573.SZ,20151008,5.19,5.25,5.11,5.21,5.06,0.15,2.96,306707.35,159216.3068
000573.SZ,20150930,5.06,5.23,5.01,5.06,5.11,-0.05,-0.98,326797.52,166814.1939
000573.SZ,20150929,4.94,5.29,4.9,5.11,5.01,0.1,2.0,445168.48,226822.5045
000573.SZ,20150928,4.79,5.18,4.72,5.01,4.79,0.22,4.59,331684.03,166120.9442
000573.SZ,20150925,5.02,5.06,4.74,4.79,5.05,-0.26,-5.15,153630.04,75184.6741
000573.SZ,20150924,4.94,5.24,4.88,5.05,4.88,0.17,3.48,397394.87,201018.312
000573.SZ,20150923,4.8,5.03,4.71,4.88,4.9,-0.02,-0.41,197423.57,95967.4169
000573.SZ,20150922,4.72,5.14,4.7,4.9,4.72,0.18,3.81,327931.42,160760.0921
000573.SZ,20150921,4.44,4.76,4.4,4.72,4.53,0.19,4.19,168892.83,78205.7988
000573.SZ,20150918,4.47,4.58,4.42,4.53,4.47,0.06,1.34,111524.36,50185.5554
000573.SZ,20150917,4.6,4.73,4.43,4.47,4.63,-0.16,-3.46,190129.63,87246.4963
000573.SZ,20150916,4.2,4.64,4.2,4.63,4.22,0.41,9.72,186687.98,82420.5056
000573.SZ,20150915,4.36,4.42,4.01,4.22,4.43,-0.21,-4.74,169656.28,71621.7037
000573.SZ,20150914,4.96,4.98,4.43,4.43,4.92,-0.49,-9.96,198615.3,92066.647
000573.SZ,20150911,4.82,4.95,4.8,4.92,4.83,0.09,1.86,127281.66,62172.5861
000573.SZ,20150910,4.92,5.01,4.81,4.83,5.01,-0.18,-3.59,146405.28,71943.4927
000573.SZ,20150909,4.85,5.07,4.84,5.01,4.83,0.18,3.73,243700.85,120816.6584
000573.SZ,20150908,4.52,4.84,4.43,4.83,4.5,0.33,7.33,155156.43,72226.3851
000573.SZ,20150907,4.49,4.69,4.45,4.5,4.37,0.13,2.97,158406.43,72294.3717
000573.SZ,20150902,4.3,4.69,4.15,4.37,4.53,-0.16,-3.53,194450.44,86353.5249
000573.SZ,20150901,5.02,5.02,4.52,4.53,5.02,-0.49,-9.76,236178.35,112311.1009
000573.SZ,20150831,5.26,5.28,5.0,5.02,5.34,-0.32,-5.99,244517.14,125023.0378
000573.SZ,20150828,4.99,5.34,4.98,5.34,4.94,0.4,8.1,284893.6,146357.3122
000573.SZ,20150827,4.89,4.95,4.6,4.94,4.7,0.24,5.11,233345.36,112998.1247
000573.SZ,20150826,4.85,5.1,4.48,4.7,4.76,-0.06,-1.26,342733.59,165549.5732
000573.SZ,20150825,4.76,5.09,4.76,4.76,5.29,-0.53,-10.02,294937.82,142856.0303
000573.SZ,20150824,5.5,5.69,5.29,5.29,5.88,-0.59,-10.03,256466.78,136951.6379
000573.SZ,20150821,6.3,6.39,5.82,5.88,6.41,-0.53,-8.27,306543.02,188035.6431
000573.SZ,20150820,6.82,7.03,6.4,6.41,6.91,-0.5,-7.24,343504.44,229512.844
000573.SZ,20150819,6.82,7.1,6.2,6.91,6.89,0.02,0.29,564616.66,369480.7866
000573.SZ,20150818,7.59,7.86,6.89,6.89,7.65,-0.76,-9.93,551415.35,406506.4265
000573.SZ,20150817,7.8,7.85,7.49,7.65,7.85,-0.2,-2.55,460733.46,352933.626
000573.SZ,20150814,7.74,8.0,7.67,7.85,7.87,-0.02,-0.25,605817.47,475615.2472
000573.SZ,20150813,7.28,7.89,7.03,7.87,7.4,0.47,6.35,667344.68,498280.2801
000573.SZ,20150812,7.78,8.19,7.36,7.4,7.88,-0.48,-6.09,797578.5,619101.5829
000573.SZ,20150811,7.14,7.91,7.06,7.88,7.19,0.69,9.6,968331.82,738043.6919
000573.SZ,20150810,6.86,7.35,6.75,7.19,6.83,0.36,5.27,668813.78,470551.7425
000573.SZ,20150807,6.62,6.84,6.56,6.83,6.56,0.27,4.12,603048.04,405708.4272
000573.SZ,20150806,6.4,6.89,6.3,6.56,6.61,-0.05,-0.76,529686.29,350913.22
000573.SZ,20150805,6.5,6.95,6.3,6.61,6.48,0.13,2.01,837048.93,555634.0645
000573.SZ,20150804,5.98,6.5,5.96,6.48,5.95,0.53,8.91,675218.67,422052.4612
000573.SZ,20150803,5.7,6.26,5.67,5.95,5.85,0.1,1.71,471383.44,281145.4688
000573.SZ,20150731,5.5,6.12,5.5,5.85,5.67,0.18,3.17,407828.63,236383.1157
000573.SZ,20150730,5.8,6.13,5.63,5.67,5.83,-0.16,-2.74,384516.08,225653.9808
000573.SZ,20150729,5.54,5.84,5.41,5.83,5.4,0.43,7.96,421683.54,236091.005
000573.SZ,20150728,5.31,5.86,5.18,5.4,5.76,-0.36,-6.25,429628.94,233638.3785
000573.SZ,20150727,6.18,6.67,5.76,5.76,6.4,-0.64,-10.0,434119.8,269169.6302
000573.SZ,20150724,6.63,6.91,6.3,6.4,6.64,-0.24,-3.61,568478.47,376846.8606
000573.SZ,20150723,6.17,6.78,6.06,6.64,6.19,0.45,7.27,603233.6,384015.6864
000573.SZ,20150722,6.11,6.34,5.91,6.19,6.21,-0.02,-0.32,491076.75,302354.2451
000573.SZ,20150721,5.81,6.39,5.69,6.21,5.95,0.26,4.37,555470.39,340608.8632
000573.SZ,20150720,5.88,6.07,5.71,5.95,5.86,0.09,1.54,498994.11,295651.3529
000573.SZ,20150717,5.47,6.0,5.41,5.86,5.45,0.41,7.52,459042.69,263834.2271
000573.SZ,20150716,4.94,5.64,4.86,5.45,5.36,0.09,1.68,412234.76,219905.9991
000573.SZ,20150715,5.7,5.82,5.36,5.36,5.95,-0.59,-9.92,367206.12,202460.2768
000573.SZ,20150714,5.9,6.23,5.7,5.95,5.67,0.28,4.94,747971.55,448242.2106
000573.SZ,20150713,5.59,5.67,5.35,5.67,5.15,0.52,10.1,392226.18,219854.1072
000573.SZ,20150710,4.9,5.15,4.81,5.15,4.68,0.47,10.04,243950.66,123893.3969
000573.SZ,20150709,3.85,4.68,3.85,4.68,4.25,0.43,10.12,485043.65,210954.4998
000573.SZ,20150708,4.25,4.25,4.25,4.25,4.72,-0.47,-9.96,83246.0,35379.55
000573.SZ,20150707,5.0,5.0,4.72,4.72,5.24,-0.52,-9.92,170284.44,81552.1119
000573.SZ,20150706,6.35,6.35,5.24,5.24,5.82,-0.58,-9.97,438473.54,245109.4351
000573.SZ,20150703,6.08,6.4,5.82,5.82,6.47,-0.65,-10.05,295780.48,176125.3746
000573.SZ,20150702,7.19,7.3,6.47,6.47,7.19,-0.72,-10.01,319847.15,215167.6361
000573.SZ,20150701,7.82,8.05,7.13,7.19,7.92,-0.73,-9.22,312868.06,240970.0986
000573.SZ,20150630,7.25,8.0,6.71,7.92,7.46,0.46,6.17,439739.77,319199.4435
000573.SZ,20150629,8.55,8.68,7.46,7.46,8.29,-0.83,-10.01,364092.08,288343.5177
000573.SZ,20150626,8.88,8.95,8.29,8.29,9.21,-0.92,-9.99,318731.16,271890.7737
000573.SZ,20150625,9.85,10.15,9.09,9.21,9.84,-0.63,-6.4,329714.98,319481.951
000573.SZ,20150624,9.77,10.25,9.58,9.84,9.49,0.35,3.69,309233.32,305996.4371
000573.SZ,20150623,9.71,9.94,8.76,9.49,9.71,-0.22,-2.27,258589.9,242446.5336
000573.SZ,20150619,10.4,10.63,9.71,9.71,10.79,-1.08,-10.01,250591.11,253030.5724
000573.SZ,20150618,11.22,11.51,10.78,10.79,11.21,-0.42,-3.75,303557.0,339459.0186
000573.SZ,20150617,10.42,11.56,10.01,11.21,10.63,0.58,5.46,362028.75,390064.0652
000573.SZ,20150616,11.22,11.49,10.3,10.63,11.4,-0.77,-6.75,415575.2,453988.7414
000573.SZ,20150615,11.88,11.95,11.27,11.4,11.96,-0.56,-4.68,480021.4,555864.5192
000573.SZ,20150612,11.46,12.31,11.38,11.96,11.53,0.43,3.73,477860.79,568187.1983
000573.SZ,20150611,11.61,11.87,11.33,11.53,11.71,-0.18,-1.54,423413.49,488611.6196
000573.SZ,20150610,11.0,12.17,10.7,11.71,11.06,0.65,5.88,577210.03,666644.8779
000573.SZ,20150609,10.8,11.29,10.5,11.06,10.95,0.11,1.0,525492.61,572208.7877
000573.SZ,20150608,10.93,11.98,10.69,10.95,10.91,0.04,0.37,910818.32,1027828.1163
000573.SZ,20150605,10.03,10.91,9.83,10.91,9.92,0.99,9.98,930471.54,966911.4205
000573.SZ,20150604,10.3,10.3,9.15,9.92,10.07,-0.15,-1.49,802322.67,790212.1746
000573.SZ,20150603,9.15,10.07,8.94,10.07,9.15,0.92,10.05,1105602.92,1095358.5613
000573.SZ,20150602,8.7,9.24,8.69,9.15,8.7,0.45,5.17,386647.42,346860.5347
000573.SZ,20150601,8.25,8.88,8.24,8.7,8.24,0.46,5.58,344331.35,294630.2349
000573.SZ,20150529,8.25,8.5,7.7,8.24,8.34,-0.1,-1.2,399035.02,327337.01
000573.SZ,20150528,9.29,9.5,8.33,8.34,9.25,-0.91,-9.84,520074.18,470136.8019
000573.SZ,20150527,9.5,9.52,9.1,9.25,9.49,-0.24,-2.53,427647.49,393978.7165
000573.SZ,20150526,9.17,9.55,9.1,9.49,9.17,0.32,3.49,483890.51,451978.569
000573.SZ,20150525,8.9,9.38,8.74,9.17,8.97,0.2,2.23,520321.1,471511.4271
000573.SZ,20150522,8.65,9.0,8.6,8.97,8.6,0.37,4.3,418299.18,366906.7456
000573.SZ,20150521,8.78,8.78,8.46,8.6,8.8,-0.2,-2.27,419866.37,360239.641
000573.SZ,20150520,8.98,9.0,8.75,8.8,8.98,-0.18,-2.0,357452.59,316817.3069
000573.SZ,20150519,8.5,9.05,8.5,8.98,8.5,0.48,5.65,285682.81,252810.8359
000573.SZ,20150518,8.6,8.65,8.36,8.5,8.65,-0.15,-1.73,188926.59,161068.6558
000573.SZ,20150515,8.98,8.98,8.48,8.65,8.98,-0.33,-3.67,289632.53,250423.0362
000573.SZ,20150514,9.18,9.19,8.83,8.98,9.1,-0.12,-1.32,269786.43,241718.1874
000573.SZ,20150513,9.02,9.39,8.8,9.1,9.02,0.08,0.89,319799.25,291789.9237
000573.SZ,20150512,8.8,9.12,8.6,9.02,8.8,0.22,2.5,384770.86,341017.0094
000573.SZ,20150511,8.2,8.82,8.13,8.8,8.08,0.72,8.91,425959.62,362390.8136
000573.SZ,20150508,8.01,8.24,7.75,8.08,8.03,0.05,0.62,281138.59,222979.9537
000573.SZ,20150507,8.3,8.66,7.85,8.03,8.28,-0.25,-3.02,388716.66,320777.7078
000573.SZ,20150506,7.9,8.6,7.89,8.28,7.84,0.44,5.61,495119.92,409818.0755
000573.SZ,20150505,7.98,8.35,7.76,7.84,7.99,-0.15,-1.88,539144.97,437098.4962
000573.SZ,20150504,7.31,8.03,7.31,7.99,7.3,0.69,9.45,487249.76,375613.6411
000573.SZ,20150430,7.31,7.52,7.23,7.3,7.32,-0.02,-0.27,219193.18,161831.8716
000573.SZ,20150429,7.14,7.34,7.0,7.32,7.18,0.14,1.95,185572.84,134115.9615
000573.SZ,20150428,7.48,7.5,7.09,7.18,7.51,-0.33,-4.39,299232.13,217240.2629
000573.SZ,20150427,7.68,7.77,7.42,7.51,7.59,-0.08,-1.05,325916.13,246267.2197
000573.SZ,20150424,7.27,7.62,7.27,7.59,7.44,0.15,2.02,365247.51,274568.0351
000573.SZ,20150423,7.4,7.65,7.31,7.44,7.36,0.08,1.09,422041.84,315910.8503
000573.SZ,20150422,7.24,7.43,7.2,7.36,7.23,0.13,1.8,309965.44,227287.0996
000573.SZ,20150421,6.89,7.27,6.8,7.23,6.9,0.33,4.78,340445.98,240091.2808
000573.SZ,20150420,6.96,7.14,6.84,6.9,6.99,-0.09,-1.29,284599.28,199000.3337
000573.SZ,20150417,7.1,7.15,6.87,6.99,7.03,-0.04,-0.57,300365.64,210184.1965
000573.SZ,20150416,6.98,7.2,6.78,7.03,7.0,0.03,0.43,170570.2,119344.3207
000573.SZ,20150415,7.35,7.35,6.95,7.0,7.38,-0.38,-5.15,222575.32,158790.3797
000573.SZ,20150414,7.35,7.52,7.15,7.38,7.4,-0.02,-0.27,344340.56,252739.808
000573.SZ,20150413,7.37,7.47,7.23,7.4,7.37,0.03,0.41,262719.47,193501.5328
000573.SZ,20150410,7.18,7.49,7.07,7.37,7.22,0.15,2.08,254975.28,185741.2148
000573.SZ,20150409,7.37,7.37,6.84,7.22,7.37,-0.15,-2.04,354111.59,250484.9939
000573.SZ,20150408,7.75,7.75,7.3,7.37,7.77,-0.4,-5.15,436767.75,325642.4541
000573.SZ,20150407,7.76,7.95,7.61,7.77,7.73,0.04,0.52,322602.87,249460.606
000573.SZ,20150403,7.7,7.86,7.6,7.73,7.7,0.03,0.39,213355.89,164151.5204
000573.SZ,20150402,7.6,7.93,7.55,7.7,7.58,0.12,1.58,263665.83,204429.2144
000573.SZ,20150401,7.51,7.7,7.35,7.58,7.5,0.08,1.07,247280.46,186244.9319
000573.SZ,20150331,7.8,7.88,7.43,7.5,7.7,-0.2,-2.6,274668.63,209634.4937
000573.SZ,20150330,7.43,8.08,7.34,7.7,7.47,0.23,3.08,482248.33,374950.321
000573.SZ,20150327,6.84,7.49,6.83,7.47,6.81,0.66,9.69,393595.62,281802.6468
000573.SZ,20150326,6.95,7.05,6.75,6.81,6.95,-0.14,-2.01,200517.63,137977.2024
000573.SZ,20150325,7.06,7.08,6.88,6.95,7.04,-0.09,-1.28,261024.83,180973.2175
000573.SZ,20150324,7.18,7.2,6.74,7.04,7.11,-0.07,-0.98,439746.71,306852.3321
000573.SZ,20150323,6.82,7.29,6.7,7.11,6.8,0.31,4.56,633156.82,445105.429
000573.SZ,20150320,6.19,6.8,6.18,6.8,6.18,0.62,10.03,543138.04,360346.3841
000573.SZ,20150319,6.27,6.33,6.12,6.18,6.27,-0.09,-1.44,186096.23,115422.1611
000573.SZ,20150318,6.2,6.37,6.13,6.27,6.19,0.08,1.29,241321.39,150893.4622
000573.SZ,20150317,5.93,6.38,5.88,6.19,5.9,0.29,4.92,338209.5,206029.6972
000573.SZ,20150316,5.83,6.03,5.81,5.9,5.74,0.16,2.79,343867.8,203621.0386
000573.SZ,20150313,5.59,5.78,5.5,5.74,5.59,0.15,2.68,200272.96,112441.8908
000573.SZ,20150312,5.69,5.82,5.5,5.59,5.67,-0.08,-1.41,191642.17,108069.909
000573.SZ,20150311,5.53,5.85,5.53,5.67,5.59,0.08,1.43,289417.18,166500.816
000573.SZ,20150310,5.63,5.75,5.56,5.59,5.65,-0.06,-1.06,204115.67,114917.2476
000573.SZ,20150309,5.35,5.75,5.33,5.65,5.4,0.25,4.63,274640.81,152652.8368
000573.SZ,20150306,5.31,5.56,5.1,5.4,5.31,0.09,1.69,409691.31,221198.4688
000573.SZ,20150305,5.3,5.38,5.23,5.31,5.3,0.01,0.19,145177.83,76832.9848
000573.SZ,20150304,5.11,5.44,5.1,5.3,5.13,0.17,3.31,255633.56,135633.5865
000573.SZ,20150303,5.06,5.28,5.01,5.13,5.06,0.07,1.38,253348.64,130642.1153
000573.SZ,20150302,5.04,5.08,4.97,5.06,4.99,0.07,1.4,164358.53,82628.7078
000573.SZ,20150227,4.98,4.99,4.91,4.99,4.98,0.01,0.2,105270.23,52144.9288
000573.SZ,20150226,4.84,5.03,4.81,4.98,4.84,0.14,2.89,164457.14,81410.2804
000573.SZ,20150225,4.81,4.86,4.78,4.84,4.82,0.02,0.41,65675.3,31682.7611
000573.SZ,20150217,4.73,4.89,4.73,4.82,4.72,0.1,2.12,106372.58,51335.449
000573.SZ,20150216,4.71,4.77,4.7,4.72,4.72,0.0,0.0,66861.74,31621.9875
000573.SZ,20150213,4.71,4.78,4.68,4.72,4.71,0.01,0.21,58147.69,27506.0875
000573.SZ,20150212,4.55,4.73,4.52,4.71,4.55,0.16,3.52,70645.44,32721.7819
000573.SZ,20150211,4.53,4.56,4.49,4.55,4.52,0.03,0.66,38985.06,17646.5002
000573.SZ,20150210,4.5,4.56,4.46,4.52,4.51,0.01,0.22,39087.6,17620.5026
000573.SZ,20150209,4.58,4.6,4.49,4.51,4.55,-0.04,-0.88,34693.27,15772.9652
000573.SZ,20150206,4.62,4.63,4.53,4.55,4.61,-0.06,-1.3,51242.3,23427.6706
000573.SZ,20150205,4.79,4.8,4.6,4.61,4.7,-0.09,-1.91,66278.73,31027.1976
000573.SZ,20150204,4.74,4.81,4.69,4.7,4.73,-0.03,-0.63,65438.54,31203.6098
000573.SZ,20150203,4.7,4.74,4.65,4.73,4.7,0.03,0.64,50192.35,23605.4404
000573.SZ,20150202,4.66,4.75,4.54,4.7,4.67,0.03,0.64,69017.21,32060.1813
000573.SZ,20150130,4.78,4.81,4.66,4.67,4.79,-0.12,-2.51,68535.7,32268.7284
000573.SZ,20150129,4.8,4.84,4.75,4.79,4.78,0.01,0.21,91130.4,43695.7984
000573.SZ,20150128,4.78,4.85,4.73,4.78,4.78,0.0,0.0,80812.45,38845.8995
000573.SZ,20150127,4.67,4.83,4.66,4.78,4.7,0.08,1.7,142605.48,68028.0284
000573.SZ,20150126,4.55,4.78,4.52,4.7,4.54,0.16,3.52,116000.35,53941.7047
000573.SZ,20150123,4.62,4.64,4.53,4.54,4.63,-0.09,-1.94,92153.62,42124.5133
000573.SZ,20150122,4.58,4.65,4.57,4.63,4.62,0.01,0.22,57045.94,26299.92
000573.SZ,20150121,4.43,4.63,4.41,4.62,4.43,0.19,4.29,79936.62,36323.4833
000573.SZ,20150120,4.32,4.45,4.32,4.43,4.32,0.11,2.55,57957.45,25542.6874
000573.SZ,20150119,4.63,4.63,4.23,4.32,4.69,-0.37,-7.89,122402.36,54951.164
000573.SZ,20150116,4.65,4.7,4.6,4.69,4.65,0.04,0.86,66420.24,30889.3112
000573.SZ,20150115,4.58,4.65,4.55,4.65,4.57,0.08,1.75,49931.27,22987.624
000573.SZ,20150114,4.69,4.7,4.56,4.57,4.69,-0.12,-2.56,68153.92,31522.935
000573.SZ,20150113,4.68,4.74,4.65,4.69,4.69,0.0,0.0,75277.67,35205.0442
000573.SZ,20150112,4.8,4.8,4.6,4.69,4.84,-0.15,-3.1,98850.41,46168.4273
000573.SZ,20150109,4.85,4.99,4.81,4.84,4.84,0.0,0.0,117114.81,57251.2081
000573.SZ,20150108,4.84,4.87,4.79,4.84,4.84,0.0,0.0,95136.19,45918.8369
000573.SZ,20150107,4.91,4.91,4.8,4.84,4.9,-0.06,-1.22,111965.51,54173.9276
000573.SZ,20150106,4.98,4.98,4.83,4.9,5.02,-0.12,-2.39,138496.73,67993.9378
000573.SZ,20150105,4.95,5.09,4.92,5.02,4.93,0.09,1.83,199056.37,99840.8292
000573.SZ,20141231,4.8,4.93,4.76,4.93,4.8,0.13,2.71,93148.29,45152.6881
000573.SZ,20141230,4.88,4.92,4.79,4.8,4.93,-0.13,-2.64,103845.21,50344.9822
000573.SZ,20141229,5.03,5.03,4.82,4.93,5.03,-0.1,-1.99,155736.05,76547.5448
000573.SZ,20141226,5.08,5.1,5.01,5.03,5.08,-0.05,-0.98,140247.58,70680.5888
000573.SZ,20141225,5.1,5.12,4.99,5.08,5.09,-0.01,-0.2,119490.75,60311.0222
000573.SZ,20141224,4.93,5.1,4.86,5.09,4.9,0.19,3.88,159825.81,79588.8709
000573.SZ,20141223,4.85,4.93,4.8,4.9,4.9,0.0,0.0,119163.07,58021.2423
000573.SZ,20141222,5.0,5.0,4.81,4.9,5.04,-0.14,-2.78,225391.91,109630.8367
000573.SZ,20141219,5.15,5.23,4.95,5.04,5.17,-0.13,-2.51,247762.37,125838.0852
000573.SZ,20141218,5.2,5.23,5.12,5.17,5.25,-0.08,-1.52,207140.05,106896.669
000573.SZ,20141217,5.33,5.42,5.11,5.25,5.39,-0.14,-2.6,517061.58,271282.7897
000573.SZ,20141216,4.92,5.39,4.86,5.39,4.9,0.49,10.0,793192.97,424013.5132
000573.SZ,20141215,4.76,4.93,4.69,4.9,4.73,0.17,3.59,187502.74,90619.2228
000573.SZ,20141212,4.67,4.75,4.66,4.73,4.65,0.08,1.72,102969.69,48529.6331
000573.SZ,20141211,4.57,4.65,4.52,4.65,4.57,0.08,1.75,102515.13,47155.8957
000573.SZ,20141210,4.48,4.61,4.39,4.57,4.49,0.08,1.78,120173.34,54326.7609
000573.SZ,20141209,4.7,4.75,4.45,4.49,4.75,-0.26,-5.47,193850.15,89917.4083
000573.SZ,20141208,4.74,4.79,4.65,4.75,4.78,-0.03,-0.63,150483.53,71203.4298
000573.SZ,20141205,4.95,4.98,4.63,4.78,4.94,-0.16,-3.24,202451.06,97247.793
000573.SZ,20141204,4.77,5.04,4.77,4.94,4.78,0.16,3.35,283654.32,139803.99
000573.SZ,20141203,4.76,4.87,4.73,4.78,4.75,0.03,0.63,169096.0,81022.9495
000573.SZ,20141202,4.67,4.8,4.66,4.75,4.69,0.06,1.28,138545.02,65477.8667
000573.SZ,20141201,4.78,4.8,4.67,4.69,4.77,-0.08,-1.68,126374.58,59616.4227
000573.SZ,20141128,4.75,4.79,4.67,4.77,4.75,0.02,0.42,182105.62,86292.6971
000573.SZ,20141127,4.69,4.84,4.68,4.75,4.68,0.07,1.5,220763.4,105331.2023
000573.SZ,20141126,4.69,4.71,4.6,4.68,4.67,0.01,0.21,139692.87,65165.086
000573.SZ,20141125,4.61,4.68,4.59,4.67,4.61,0.06,1.3,135925.96,62841.1905
000573.SZ,20141124,4.62,4.68,4.58,4.61,4.55,0.06,1.32,180011.64,83371.9978
000573.SZ,20141121,4.52,4.58,4.5,4.55,4.53,0.02,0.44,61942.04,28161.047
000573.SZ,20141120,4.5,4.54,4.48,4.53,4.5,0.03,0.67,44671.05,20183.2464
000573.SZ,20141119,4.53,4.55,4.49,4.5,4.54,-0.04,-0.88,80700.4,36560.093
000573.SZ,20141118,4.46,4.55,4.43,4.54,4.46,0.08,1.79,77176.89,34605.4452
000573.SZ,20141117,4.45,4.55,4.43,4.46,4.37,0.09,2.06,109655.48,49162.3131
000573.SZ,20141114,4.41,4.41,4.33,4.37,4.42,-0.05,-1.13,44721.36,19538.8963
000573.SZ,20141113,4.46,4.47,4.35,4.42,4.47,-0.05,-1.12,63553.01,28025.3961
000573.SZ,20141112,4.41,4.47,4.38,4.47,4.4,0.07,1.59,58847.47,26067.262
000573.SZ,20141111,4.63,4.64,4.38,4.4,4.61,-0.21,-4.56,121566.75,54214.3065
000573.SZ,20141110,4.61,4.63,4.58,4.61,4.59,0.02,0.44,75305.38,34620.3916
000573.SZ,20141107,4.7,4.74,4.55,4.59,4.69,-0.1,-2.13,72501.19,33828.0725
000573.SZ,20141106,4.63,4.74,4.62,4.69,4.64,0.05,1.08,103214.21,48459.9359
000573.SZ,20141105,4.67,4.68,4.62,4.64,4.68,-0.04,-0.85,60290.93,28016.7266
000573.SZ,20141104,4.69,4.71,4.63,4.68,4.68,0.0,0.0,69633.16,32550.5121
000573.SZ,20141103,4.64,4.69,4.62,4.68,4.63,0.05,1.08,89603.72,41749.9014
000573.SZ,20141031,4.64,4.66,4.58,4.63,4.62,0.01,0.22,113230.6,52272.9035
000573.SZ,20141030,4.67,4.68,4.6,4.62,4.67,-0.05,-1.07,99958.42,46203.0854
000573.SZ,20141029,4.58,4.69,4.58,4.67,4.58,0.09,1.97,100188.97,46568.6455
000573.SZ,20141028,4.44,4.62,4.44,4.58,4.46,0.12,2.69,63929.87,29039.6389
000573.SZ,20141027,4.44,4.46,4.38,4.46,4.46,0.0,0.0,52380.23,23185.5006
000573.SZ,20141024,4.45,4.5,4.42,4.46,4.46,0.0,0.0,39946.34,17799.9534
000573.SZ,20141023,4.62,4.62,4.42,4.46,4.63,-0.17,-3.67,89529.72,40225.0934
000573.SZ,20141022,4.74,4.74,4.59,4.63,4.74,-0.11,-2.32,103588.3,48288.8421
000573.SZ,20141021,4.8,4.83,4.74,4.74,4.81,-0.07,-1.46,56903.43,27170.1182
000573.SZ,20141020,4.76,4.81,4.68,4.81,4.76,0.05,1.05,79630.06,37803.828
000573.SZ,20141017,4.76,4.87,4.63,4.76,4.77,-0.01,-0.21,144742.14,68715.5308
000573.SZ,20141016,4.78,4.88,4.76,4.77,4.8,-0.03,-0.63,106379.01,51370.1662
000573.SZ,20141015,4.81,4.84,4.7,4.8,4.81,-0.01,-0.21,83272.35,39744.3376
000573.SZ,20141014,4.8,4.9,4.77,4.81,4.83,-0.02,-0.41,112581.07,54513.367
000573.SZ,20141013,4.72,4.85,4.67,4.83,4.72,0.11,2.33,163786.51,78091.1199
000573.SZ,20141010,4.74,4.77,4.69,4.72,4.76,-0.04,-0.84,98595.21,46535.4979
000573.SZ,20141009,4.74,4.78,4.61,4.76,4.76,0.0,0.0,145723.49,68502.7754
000573.SZ,20141008,4.74,4.79,4.68,4.76,4.7,0.06,1.28,115990.42,54877.0444
000573.SZ,20140930,4.64,4.73,4.62,4.7,4.62,0.08,1.73,101043.78,47332.2619
000573.SZ,20140929,4.58,4.64,4.58,4.62,4.58,0.04,0.87,85172.62,39217.2453
000573.SZ,20140926,4.56,4.61,4.5,4.58,4.58,0.0,0.0,70827.69,32205.3049
000573.SZ,20140925,4.62,4.67,4.57,4.58,4.64,-0.06,-1.29,76527.07,35358.277
000573.SZ,20140924,4.59,4.64,4.55,4.64,4.57,0.07,1.53,96869.88,44618.3829
000573.SZ,20140923,4.52,4.62,4.52,4.57,4.53,0.04,0.88,57333.92,26214.1355
000573.SZ,20140922,4.7,4.7,4.48,4.53,4.7,-0.17,-3.62,93848.49,43044.665
000573.SZ,20140919,4.75,4.75,4.64,4.7,4.73,-0.03,-0.63,67612.1,31712.426
000573.SZ,20140918,4.66,4.85,4.66,4.73,4.69,0.04,0.85,140118.05,66724.0305
000573.SZ,20140917,4.58,4.75,4.53,4.69,4.58,0.11,2.4,121836.67,56733.2692
000573.SZ,20140916,4.72,4.87,4.53,4.58,4.69,-0.11,-2.35,167365.41,79197.4714
000573.SZ,20140915,4.57,4.76,4.53,4.69,4.57,0.12,2.63,154848.54,72289.1234
000573.SZ,20140912,4.51,4.59,4.44,4.57,4.52,0.05,1.11,118471.63,53846.6187
000573.SZ,20140911,4.48,4.64,4.44,4.52,4.49,0.03,0.67,133232.69,60561.1164
000573.SZ,20140910,4.44,4.5,4.38,4.49,4.44,0.05,1.13,97376.05,43278.3065
000573.SZ,20140909,4.4,4.46,4.36,4.44,4.41,0.03,0.68,108676.59,47944.4375
000573.SZ,20140905,4.41,4.41,4.35,4.41,4.41,0.0,0.0,96284.25,42163.1149
000573.SZ,20140904,4.45,4.45,4.36,4.41,4.41,0.0,0.0,123812.33,54469.5818
000573.SZ,20140903,4.42,4.46,4.36,4.41,4.41,0.0,0.0,64340.35,28385.9927
000573.SZ,20140902,4.42,4.44,4.36,4.41,4.38,0.03,0.68,53736.74,23629.4647
000573.SZ,20140901,4.27,4.42,4.25,4.38,4.25,0.13,3.06,69907.91,30462.2704
000573.SZ,20140829,4.23,4.3,4.18,4.25,4.24,0.01,0.24,49155.3,20785.3761
000573.SZ,20140828,4.26,4.3,4.22,4.24,4.3,-0.06,-1.4,43857.08,18621.5956
000573.SZ,20140827,4.22,4.33,4.2,4.3,4.3,0.0,0.0,74874.08,31930.8513
000573.SZ,20140826,4.38,4.46,4.22,4.3,4.38,-0.08,-1.83,87493.92,37919.2873
000573.SZ,20140825,4.47,4.5,4.35,4.38,4.5,-0.12,-2.67,63601.25,28144.0893
000573.SZ,20140822,4.49,4.52,4.42,4.5,4.51,-0.01,-0.22,76980.08,34292.685
000573.SZ,20140821,4.5,4.56,4.4,4.51,4.5,0.01,0.22,77608.52,34809.8394
000573.SZ,20140820,4.38,4.57,4.37,4.5,4.41,0.09,2.04,104109.55,47022.3005
000573.SZ,20140819,4.47,4.5,4.38,4.41,4.47,-0.06,-1.34,97835.78,43196.1638
000573.SZ,20140818,4.21,4.49,4.2,4.47,4.21,0.26,6.18,220554.87,96656.7625
000573.SZ,20140815,4.15,4.21,4.12,4.21,4.13,0.08,1.94,84489.28,35386.5162
000573.SZ,20140814,4.16,4.19,4.12,4.13,4.16,-0.03,-0.72,57503.71,23934.8278
000573.SZ,20140813,4.14,4.18,4.1,4.16,4.16,0.0,0.0,71711.59,29607.4586
000573.SZ,20140812,4.06,4.21,4.05,4.16,4.06,0.1,2.46,120098.17,49744.3068
000573.SZ,20140811,4.03,4.07,4.02,4.06,4.04,0.02,0.5,59517.9,24089.75
000573.SZ,20140808,4.02,4.05,4.02,4.04,4.02,0.02,0.5,37384.05,15062.9653
000573.SZ,20140807,4.08,4.09,4.02,4.02,4.09,-0.07,-1.71,51489.0,20852.1444
000573.SZ,20140806,4.06,4.12,4.04,4.09,4.07,0.02,0.49,55194.04,22550.6633
000573.SZ,20140805,4.04,4.08,4.0,4.07,4.04,0.03,0.74,85914.55,34779.1482
000573.SZ,20140804,4.0,4.04,3.98,4.04,4.0,0.04,1.0,76150.61,30613.5471
000573.SZ,20140801,4.0,4.04,3.96,4.0,4.0,0.0,0.0,86071.54,34476.0679
000573.SZ,20140731,4.0,4.03,3.97,4.0,4.0,0.0,0.0,69358.21,27696.914
000573.SZ,20140730,4.04,4.06,3.99,4.0,4.05,-0.05,-1.23,67590.44,27169.3344
000573.SZ,20140729,4.04,4.09,4.02,4.05,4.05,0.0,0.0,61462.41,24909.0096
000573.SZ,20140728,4.01,4.07,4.0,4.05,4.01,0.04,1.0,86808.41,35103.679
000573.SZ,20140725,3.96,4.01,3.92,4.01,3.96,0.05,1.26,53733.62,21355.5424
000573.SZ,20140724,3.96,4.01,3.92,3.96,3.99,-0.03,-0.75,47473.15,18803.5726
000573.SZ,20140723,4.0,4.02,3.91,3.99,4.01,-0.02,-0.5,74979.87,29804.8504
000573.SZ,20140722,4.0,4.07,3.96,4.01,4.0,0.01,0.25,49136.7,19729.5258
000573.SZ,20140721,3.98,4.05,3.94,4.0,3.99,0.01,0.25,52255.15,20804.3227
000573.SZ,20140718,3.9,4.02,3.87,3.99,3.91,0.08,2.05,105092.32,41770.456
000573.SZ,20140717,3.86,3.92,3.81,3.91,3.88,0.03,0.77,55883.14,21702.1235
000573.SZ,20140716,3.89,3.91,3.84,3.88,3.89,-0.01,-0.26,39301.73,15251.529
000573.SZ,20140715,3.92,3.93,3.89,3.89,3.92,-0.03,-0.77,37947.31,14834.3694
000573.SZ,20140714,3.9,3.94,3.86,3.92,3.89,0.03,0.77,54268.13,21192.4236
000573.SZ,20140711,3.94,3.97,3.89,3.89,3.93,-0.04,-1.02,64947.47,25484.8433
000573.SZ,20140710,3.78,3.97,3.77,3.93,3.8,0.13,3.42,120334.14,46633.0073
000573.SZ,20140709,3.76,3.82,3.72,3.8,3.76,0.04,1.06,75245.11,28432.5635
000573.SZ,20140708,3.76,3.77,3.71,3.76,3.76,0.0,0.0,56674.36,21147.0088
000573.SZ,20140707,3.78,3.83,3.75,3.76,3.78,-0.02,-0.53,53934.89,20391.2335
000573.SZ,20140704,3.83,3.85,3.76,3.78,3.84,-0.06,-1.56,77348.54,29399.7777
000573.SZ,20140703,3.81,3.9,3.75,3.84,3.8,0.04,1.05,95522.1,36701.8708
000573.SZ,20140702,3.84,3.84,3.76,3.8,3.84,-0.04,-1.04,84611.57,32115.154
000573.SZ,20140701,3.58,3.91,3.58,3.84,3.6,0.24,6.67,230015.28,86620.4935
000573.SZ,20140630,3.47,3.69,3.46,3.6,3.48,0.12,3.45,149133.93,53843.8679
000573.SZ,20140627,3.43,3.51,3.42,3.48,3.43,0.05,1.46,47907.21,16582.6104
000573.SZ,20140626,3.39,3.45,3.39,3.43,3.4,0.03,0.88,42169.55,14439.2949
000573.SZ,20140625,3.43,3.43,3.39,3.4,3.44,-0.04,-1.16,26685.41,9097.7451
000573.SZ,20140624,3.45,3.46,3.4,3.44,3.44,0.0,0.0,20206.06,6919.5036
000573.SZ,20140623,3.42,3.46,3.4,3.44,3.44,0.0,0.0,30119.48,10337.1038
000573.SZ,20140620,3.41,3.45,3.4,3.44,3.44,0.0,0.0,20735.52,7106.1155
000573.SZ,20140619,3.55,3.57,3.22,3.44,3.57,-0.13,-3.64,59554.17,20571.0457
000573.SZ,20140618,3.53,3.66,3.5,3.57,3.53,0.04,1.13,104644.97,37656.8361
000573.SZ,20140617,3.61,3.61,3.53,3.53,3.61,-0.08,-2.22,35324.08,12562.6392
000573.SZ,20140616,3.6,3.62,3.57,3.61,3.6,0.01,0.28,37936.46,13648.3823
000573.SZ,20140613,3.58,3.62,3.57,3.6,3.58,0.02,0.56,31683.27,11396.2407
000573.SZ,20140612,3.6,3.6,3.57,3.58,3.6,-0.02,-0.56,30169.77,10809.0442
000573.SZ,20140611,3.6,3.61,3.57,3.6,3.61,-0.01,-0.28,30531.82,10959.4284
000573.SZ,20140610,3.6,3.62,3.56,3.61,3.6,0.01,0.28,43929.36,15765.9489
000573.SZ,20140609,3.54,3.62,3.51,3.6,3.54,0.06,1.69,75231.31,27024.6612
000573.SZ,20140606,3.54,3.55,3.52,3.54,3.54,0.0,0.0,17658.64,6242.5424
000573.SZ,20140605,3.49,3.55,3.48,3.54,3.5,0.04,1.14,30789.3,10816.1236
000573.SZ,20140604,3.52,3.52,3.48,3.5,3.51,-0.01,-0.28,23997.48,8379.1078
000573.SZ,20140603,3.5,3.54,3.49,3.51,3.52,-0.01,-0.28,33752.46,11884.8883
000573.SZ,20140530,3.53,3.55,3.48,3.52,3.53,-0.01,-0.28,32681.46,11481.4567
000573.SZ,20140529,3.57,3.58,3.52,3.53,3.58,-0.05,-1.4,27942.46,9906.6588
000573.SZ,20140528,3.54,3.58,3.52,3.58,3.54,0.04,1.13,35845.62,12731.6737
000573.SZ,20140527,3.59,3.59,3.54,3.54,3.58,-0.04,-1.12,27478.45,9785.0976
000573.SZ,20140526,3.59,3.59,3.55,3.58,3.57,0.01,0.28,25702.86,9164.3231
000573.SZ,20140523,3.53,3.57,3.51,3.57,3.52,0.05,1.42,33094.47,11770.5942
000573.SZ,20140522,3.55,3.58,3.51,3.52,3.55,-0.03,-0.85,29851.13,10591.5004
000573.SZ,20140521,3.48,3.56,3.46,3.55,3.48,0.07,2.01,44833.12,15807.6002
000573.SZ,20140520,3.45,3.52,3.45,3.48,3.45,0.03,0.87,33890.54,11831.3683
000573.SZ,20140519,3.45,3.47,3.41,3.45,3.47,-0.02,-0.58,27674.54,9515.9212
000573.SZ,20140516,3.47,3.48,3.44,3.47,3.48,-0.01,-0.29,47406.11,16395.0434
000573.SZ,20140515,3.57,3.57,3.46,3.48,3.58,-0.1,-2.79,48893.19,17117.0076
000573.SZ,20140514,3.58,3.63,3.56,3.58,3.57,0.01,0.28,36941.53,13272.7054
000573.SZ,20140513,3.58,3.62,3.54,3.57,3.58,-0.01,-0.28,42705.19,15269.3905
000573.SZ,20140512,3.48,3.58,3.45,3.58,3.44,0.14,4.07,79284.69,27985.3268
000573.SZ,20140509,3.52,3.53,3.43,3.44,3.54,-0.1,-2.82,52069.62,18059.5264
000573.SZ,20140508,3.52,3.6,3.47,3.54,3.52,0.02,0.57,66240.57,23325.4991
000573.SZ,20140507,3.65,3.66,3.51,3.52,3.67,-0.15,-4.09,53892.22,19234.8664
000573.SZ,20140506,3.68,3.7,3.64,3.67,3.68,-0.01,-0.27,34050.17,12518.163
000573.SZ,20140505,3.64,3.69,3.62,3.68,3.65,0.03,0.82,43869.19,16018.2862
000573.SZ,20140430,3.61,3.65,3.57,3.65,3.62,0.03,0.83,46465.45,16811.6586
000573.SZ,20140429,3.53,3.62,3.49,3.62,3.52,0.1,2.84,66944.42,23765.9183
000573.SZ,20140428,3.67,3.67,3.51,3.52,3.7,-0.18,-4.86,77399.08,27575.3455
000573.SZ,20140425,3.88,3.88,3.68,3.7,3.88,-0.18,-4.64,82523.91,31246.6265
000573.SZ,20140424,3.91,3.93,3.87,3.88,3.91,-0.03,-0.77,44282.17,17242.0011
000573.SZ,20140423,3.88,3.96,3.88,3.91,3.9,0.01,0.26,59748.77,23397.7725
000573.SZ,20140422,3.89,3.91,3.83,3.9,3.9,0.0,0.0,76927.01,29725.2584
000573.SZ,20140421,3.98,4.0,3.88,3.9,4.0,-0.1,-2.5,118779.74,46948.7454
000573.SZ,20140418,4.16,4.16,3.98,4.0,4.15,-0.15,-3.61,244918.69,98797.0033
000573.SZ,20140417,4.17,4.18,4.13,4.15,4.16,-0.01,-0.24,34271.07,14225.18
000573.SZ,20140416,4.13,4.18,4.13,4.16,4.15,0.01,0.24,33899.41,14097.9814
000573.SZ,20140415,4.22,4.22,4.14,4.15,4.22,-0.07,-1.66,52222.1,21793.0708
000573.SZ,20140414,4.17,4.22,4.17,4.22,4.17,0.05,1.2,49575.62,20817.9548
000573.SZ,20140411,4.22,4.22,4.15,4.17,4.22,-0.05,-1.18,74439.52,31045.0933
000573.SZ,20140410,4.25,4.25,4.21,4.22,4.26,-0.04,-0.94,93776.23,39606.94
000573.SZ,20140409,4.26,4.27,4.23,4.26,4.26,0.0,0.0,69049.56,29337.6394
000573.SZ,20140408,4.24,4.28,4.22,4.26,4.24,0.02,0.47,86123.69,36651.1347
000573.SZ,20140404,4.23,4.27,4.21,4.24,4.23,0.01,0.24,45333.46,19242.6989
000573.SZ,20140403,4.25,4.32,4.21,4.23,4.27,-0.04,-0.94,80231.35,34067.3224
000573.SZ,20140402,4.16,4.34,4.14,4.27,4.15,0.12,2.89,162978.71,69339.0794
000573.SZ,20140401,4.12,4.17,4.11,4.15,4.11,0.04,0.97,78296.02,32427.6383
000573.SZ,20140331,4.17,4.19,4.07,4.11,4.17,-0.06,-1.44,73725.77,30339.5104
000573.SZ,20140328,4.21,4.25,4.15,4.17,4.22,-0.05,-1.18,86614.25,36285.4826
000573.SZ,20140327,4.26,4.29,4.2,4.22,4.29,-0.07,-1.63,145458.97,61773.73
000573.SZ,20140326,4.25,4.3,4.18,4.29,4.24,0.05,1.18,295995.08,125502.0607
000573.SZ,20140325,4.66,4.68,4.24,4.24,4.7,-0.46,-9.79,518730.75,229697.9057
000573.SZ,20140324,4.63,4.86,4.53,4.7,4.6,0.1,2.17,234514.77,109085.1201
000573.SZ,20140321,4.58,4.68,4.55,4.6,4.59,0.01,0.22,68067.89,31401.9008
000573.SZ,20140320,4.63,4.68,4.59,4.59,4.62,-0.03,-0.65,24984.48,11589.2723
000573.SZ,20140319,4.64,4.66,4.54,4.62,4.66,-0.04,-0.86,21279.96,9767.4354
000573.SZ,20140318,4.67,4.69,4.64,4.66,4.67,-0.01,-0.21,14711.08,6860.9372
000573.SZ,20140317,4.6,4.68,4.6,4.67,4.63,0.04,0.86,16653.47,7743.7737
000573.SZ,20140314,4.59,4.65,4.57,4.63,4.6,0.03,0.65,18415.07,8508.4435
000573.SZ,20140313,4.6,4.63,4.5,4.6,4.6,0.0,0.0,32175.44,14704.6326
000573.SZ,20140312,4.56,4.63,4.51,4.6,4.59,0.01,0.22,23041.45,10546.6161
000573.SZ,20140311,4.65,4.65,4.48,4.59,4.63,-0.04,-0.86,37049.07,16889.2088
000573.SZ,20140310,4.72,4.76,4.6,4.63,4.74,-0.11,-2.32,49238.01,23046.3768
000573.SZ,20140307,4.84,4.86,4.73,4.74,4.83,-0.09,-1.86,42751.0,20401.4462
000573.SZ,20140306,4.83,4.87,4.75,4.83,4.83,0.0,0.0,43071.9,20688.3671
000573.SZ,20140305,4.82,4.89,4.8,4.83,4.87,-0.04,-0.82,33796.88,16351.3107
000573.SZ,20140304,4.85,4.92,4.82,4.87,4.88,-0.01,-0.2,33850.02,16458.2487
000573.SZ,20140303,4.89,4.89,4.75,4.88,4.89,-0.01,-0.2,60274.03,29010.8255
000573.SZ,20140228,4.87,4.91,4.77,4.89,4.88,0.01,0.2,46057.01,22256.233
000573.SZ,20140227,4.95,4.97,4.86,4.88,4.94,-0.06,-1.21,54058.73,26510.415
000573.SZ,20140226,4.77,4.95,4.75,4.94,4.76,0.18,3.78,101875.4,49591.5983
000573.SZ,20140225,4.79,4.87,4.7,4.76,4.8,-0.04,-0.83,58358.7,27993.7812
000573.SZ,20140224,4.96,4.97,4.73,4.8,5.0,-0.2,-4.0,85946.35,41285.0626
000573.SZ,20140221,4.96,5.1,4.94,5.0,4.97,0.03,0.6,90622.35,45745.3826
000573.SZ,20140220,5.08,5.08,4.94,4.97,5.08,-0.11,-2.17,73565.79,36823.9852
000573.SZ,20140219,5.07,5.1,5.01,5.08,5.08,0.0,0.0,64734.28,32729.1721
000573.SZ,20140218,5.11,5.14,4.98,5.08,5.1,-0.02,-0.39,113475.34,57215.0256
000573.SZ,20140217,5.19,5.22,5.09,5.1,5.19,-0.09,-1.73,107928.66,55415.9019
000573.SZ,20140214,5.16,5.21,5.12,5.19,5.16,0.03,0.58,41053.3,21187.2949
000573.SZ,20140213,5.27,5.27,5.11,5.16,5.27,-0.11,-2.09,80314.39,41655.8144
000573.SZ,20140212,5.17,5.34,5.15,5.27,5.18,0.09,1.74,167249.88,87955.7263
000573.SZ,20140211,5.18,5.2,5.1,5.18,5.2,-0.02,-0.38,88698.24,45725.3337
000573.SZ,20140210,5.14,5.22,5.12,5.2,5.17,0.03,0.58,101754.17,52598.7232
000573.SZ,20140207,5.15,5.2,5.05,5.17,5.19,-0.02,-0.39,64260.08,32975.3055
000573.SZ,20140130,4.85,5.24,4.83,5.19,4.85,0.34,7.01,95383.37,48158.9943
000573.SZ,20140129,4.9,4.96,4.8,4.85,4.9,-0.05,-1.02,73157.18,35479.0943
000573.SZ,20140128,4.94,5.0,4.86,4.9,4.94,-0.04,-0.81,81968.88,40258.0467
000573.SZ,20140127,5.01,5.09,4.86,4.94,5.01,-0.07,-1.4,102696.88,50852.5292
000573.SZ,20140124,4.94,5.15,4.94,5.01,4.94,0.07,1.42,98662.58,49917.4646
000573.SZ,20140123,5.05,5.06,4.92,4.94,4.99,-0.05,-1.0,35085.11,17420.0471
000573.SZ,20140122,4.84,5.01,4.82,4.99,4.84,0.15,3.1,34027.57,16875.679
000573.SZ,20140121,4.78,4.88,4.78,4.84,4.82,0.02,0.41,14716.34,7122.4605
000573.SZ,20140120,4.77,4.85,4.74,4.82,4.82,0.0,0.0,24741.0,11844.898
000573.SZ,20140117,4.9,4.94,4.82,4.82,4.91,-0.09,-1.83,22207.0,10787.2342
000573.SZ,20140116,4.91,4.93,4.83,4.91,4.91,0.0,0.0,24174.03,11787.8672
000573.SZ,20140115,4.83,4.93,4.83,4.91,4.88,0.03,0.61,17175.26,8364.4921
000573.SZ,20140114,4.79,4.88,4.74,4.88,4.78,0.1,2.09,21071.88,10167.2343
000573.SZ,20140113,4.82,4.93,4.78,4.78,4.83,-0.05,-1.04,20716.0,10020.166
000573.SZ,20140110,5.01,5.01,4.83,4.83,5.03,-0.2,-3.98,42623.55,20899.4302
000573.SZ,20140109,5.02,5.09,5.0,5.03,5.06,-0.03,-0.59,28909.27,14587.7428
000573.SZ,20140108,5.13,5.16,5.02,5.06,5.13,-0.07,-1.36,38765.99,19696.7494
000573.SZ,20140107,5.05,5.13,5.01,5.13,5.05,0.08,1.58,42981.52,21847.7672
000573.SZ,20140106,5.07,5.15,5.0,5.05,5.07,-0.02,-0.39,53197.21,26948.4712
000573.SZ,20140103,5.24,5.24,5.03,5.07,5.21,-0.14,-2.69,50978.84,25983.4157
000573.SZ,20140102,5.2,5.25,5.13,5.21,5.19,0.02,0.39,44495.89,23153.9133
000573.SZ,20131231,5.11,5.25,5.04,5.19,5.1,0.09,1.76,58254.29,30199.9973
000573.SZ,20131230,5.18,5.19,5.08,5.1,5.17,-0.07,-1.35,38265.0,19616.2438
000573.SZ,20131227,4.96,5.17,4.96,5.17,5.02,0.15,2.99,76156.31,39010.4444
000573.SZ,20131226,4.94,5.11,4.94,5.02,4.98,0.04,0.8,49228.19,24812.9344
000573.SZ,20131225,4.95,5.0,4.9,4.98,4.93,0.05,1.01,25215.06,12544.8702
000573.SZ,20131224,4.8,4.97,4.79,4.93,4.79,0.14,2.92,40485.72,19869.5546
000573.SZ,20131223,4.78,4.87,4.69,4.79,4.76,0.03,0.63,35364.23,16948.4145
000573.SZ,20131220,4.8,4.83,4.68,4.76,4.8,-0.04,-0.83,40452.23,19143.9893
000573.SZ,20131219,4.9,4.95,4.72,4.8,4.88,-0.08,-1.64,54508.7,26248.4328
000573.SZ,20131218,4.97,5.01,4.85,4.88,4.97,-0.09,-1.81,36945.22,18193.4977
000573.SZ,20131217,5.11,5.15,4.85,4.97,5.11,-0.14,-2.74,56064.08,27796.9135
000573.SZ,20131216,5.19,5.25,5.06,5.11,5.18,-0.07,-1.35,45437.57,23305.7754
000573.SZ,20131213,5.16,5.23,5.1,5.18,5.18,0.0,0.0,46776.8,24245.4183
000573.SZ,20131212,5.18,5.24,5.09,5.18,5.2,-0.02,-0.38,69351.51,35778.1258
000573.SZ,20131211,5.19,5.31,5.06,5.2,5.18,0.02,0.39,127351.84,66090.8211
000573.SZ,20131210,4.85,5.18,4.85,5.18,4.89,0.29,5.93,195511.22,99429.6413
000573.SZ,20131209,4.89,4.95,4.79,4.89,4.93,-0.04,-0.81,58709.1,28503.2837
000573.SZ,20131206,5.0,5.05,4.88,4.93,4.99,-0.06,-1.2,73584.11,36312.3444
000573.SZ,20131205,4.98,5.0,4.87,4.99,5.0,-0.01,-0.2,98486.78,48637.7801
000573.SZ,20131204,5.0,5.08,4.97,5.0,5.03,-0.03,-0.6,110275.45,55376.5811
000573.SZ,20131203,4.88,5.06,4.84,5.03,4.88,0.15,3.07,184223.16,91313.2428
000573.SZ,20131202,4.81,5.01,4.72,4.88,4.92,-0.04,-0.81,105005.03,51149.9599
000573.SZ,20131129,4.9,5.03,4.84,4.92,4.87,0.05,1.03,86713.03,42835.2271
000573.SZ,20131128,4.71,4.97,4.71,4.87,4.67,0.2,4.28,171777.32,83842.7015
000573.SZ,20131127,4.65,4.71,4.64,4.67,4.65,0.02,0.43,48959.11,22931.5713
000573.SZ,20131126,4.55,4.66,4.55,4.65,4.58,0.07,1.53,51871.27,23961.6402
000573.SZ,20131125,4.51,4.59,4.49,4.58,4.53,0.05,1.1,27831.59,12674.0948
000573.SZ,20131122,4.55,4.55,4.48,4.53,4.55,-0.02,-0.44,28724.22,12958.4648
000573.SZ,20131121,4.56,4.56,4.49,4.55,4.57,-0.02,-0.44,35039.36,15843.2451
000573.SZ,20131120,4.5,4.59,4.5,4.57,4.52,0.05,1.11,37807.85,17142.5221
000573.SZ,20131119,4.54,4.54,4.48,4.52,4.54,-0.02,-0.44,31912.78,14380.1038
000573.SZ,20131118,4.46,4.54,4.45,4.54,4.47,0.07,1.57,36924.06,16633.3198
000573.SZ,20131115,4.42,4.52,4.38,4.47,4.41,0.06,1.36,22810.48,10208.1237
000573.SZ,20131114,4.38,4.43,4.36,4.41,4.42,-0.01,-0.2262,10362.99,4562.3203
000573.SZ,20131113,4.42,4.45,4.41,4.42,4.43,-0.01,-0.23,18324.46,8112.1826
000573.SZ,20131112,4.42,4.45,4.4,4.43,4.42,0.01,0.23,15726.42,6959.8378
000573.SZ,20131111,4.38,4.43,4.33,4.42,4.39,0.03,0.68,13193.46,5777.5924
000573.SZ,20131108,4.38,4.4,4.33,4.39,4.38,0.01,0.23,21687.33,9471.1475
000573.SZ,20131107,4.47,4.47,4.38,4.38,4.49,-0.11,-2.45,29340.38,12940.3414
000573.SZ,20131106,4.51,4.53,4.43,4.49,4.52,-0.03,-0.66,46644.35,20856.799
000573.SZ,20131105,4.5,4.54,4.44,4.52,4.51,0.01,0.22,28271.92,12665.326
000573.SZ,20131104,4.5,4.58,4.46,4.51,4.5,0.01,0.22,32264.74,14524.6918
000573.SZ,20131101,4.63,4.63,4.45,4.5,4.63,-0.13,-2.81,45150.34,20498.1034
000573.SZ,20131031,4.63,4.71,4.6,4.63,4.62,0.01,0.22,46908.51,21774.9904
000573.SZ,20131030,4.58,4.63,4.46,4.62,4.59,0.03,0.65,41642.33,19078.4104
000573.SZ,20131029,4.69,4.77,4.41,4.59,4.71,-0.12,-2.55,79758.75,36564.3334
000573.SZ,20131028,4.7,4.74,4.61,4.71,4.68,0.03,0.64,52418.28,24548.4503
000573.SZ,20131025,4.77,4.82,4.56,4.68,4.77,-0.09,-1.89,93074.78,43687.1469
000573.SZ,20131024,4.68,4.9,4.64,4.77,4.68,0.09,1.92,208154.72,100156.5489
000573.SZ,20131023,4.62,4.69,4.58,4.68,4.64,0.04,0.86,107285.66,49977.2375
000573.SZ,20131022,4.66,4.66,4.55,4.64,4.64,0.0,0.0,59709.76,27516.7317
000573.SZ,20131021,4.62,4.65,4.55,4.64,4.61,0.03,0.65,74643.29,34410.9768
000573.SZ,20131018,4.59,4.64,4.56,4.61,4.59,0.02,0.44,43893.14,20194.7313
000573.SZ,20131017,4.51,4.6,4.5,4.59,4.49,0.1,2.23,50588.78,23142.6287
000573.SZ,20131016,4.59,4.6,4.44,4.49,4.59,-0.1,-2.18,42967.99,19261.9062
000573.SZ,20131015,4.61,4.65,4.56,4.59,4.61,-0.02,-0.43,48163.25,22189.3355
000573.SZ,20131014,4.61,4.65,4.55,4.61,4.61,0.0,0.0,51591.63,23685.1445
000573.SZ,20131011,4.55,4.62,4.55,4.61,4.55,0.06,1.32,83415.32,38281.8714
000573.SZ,20131010,4.48,4.6,4.45,4.55,4.49,0.06,1.34,96748.76,43957.0179
000573.SZ,20131009,4.46,4.49,4.42,4.49,4.48,0.01,0.22,32672.34,14600.8146
000573.SZ,20131008,4.33,4.49,4.31,4.48,4.34,0.14,3.23,59506.87,26293.5579
000573.SZ,20130930,4.33,4.36,4.28,4.34,4.31,0.03,0.7,33250.02,14319.9793
000573.SZ,20130927,4.24,4.33,4.24,4.31,4.23,0.08,1.89,36212.22,15498.6277
000573.SZ,20130926,4.41,4.41,4.23,4.23,4.43,-0.2,-4.51,61526.04,26652.3472
000573.SZ,20130925,4.52,4.52,4.4,4.43,4.52,-0.09,-1.99,62137.92,27803.1163
000573.SZ,20130924,4.55,4.57,4.48,4.52,4.57,-0.05,-1.09,46800.13,21120.6792
000573.SZ,20130923,4.52,4.58,4.51,4.57,4.52,0.05,1.11,42676.21,19390.1276
000573.SZ,20130918,4.48,4.54,4.47,4.52,4.48,0.04,0.89,42559.76,19168.0888
000573.SZ,20130917,4.65,4.66,4.47,4.48,4.66,-0.18,-3.86,68896.51,31583.896
000573.SZ,20130916,4.67,4.71,4.64,4.66,4.65,0.01,0.22,65127.32,30409.1834
000573.SZ,20130913,4.67,4.67,4.61,4.65,4.67,-0.02,-0.43,68124.94,31604.3029
000573.SZ,20130912,4.59,4.67,4.57,4.67,4.6,0.07,1.52,89621.81,41537.3628
000573.SZ,20130911,4.65,4.66,4.57,4.6,4.66,-0.06,-1.29,129199.28,59523.4456
000573.SZ,20130910,4.69,4.71,4.63,4.66,4.69,-0.03,-0.64,125200.55,58357.1177
000573.SZ,20130909,4.66,4.71,4.62,4.69,4.66,0.03,0.64,143803.43,67201.6942
000573.SZ,20130906,4.66,4.69,4.6,4.66,4.64,0.02,0.43,107254.88,49792.0488
000573.SZ,20130905,4.67,4.71,4.59,4.64,4.67,-0.03,-0.64,102385.39,47607.2987
000573.SZ,20130904,4.66,4.76,4.64,4.67,4.76,-0.09,-1.89,257725.66,120632.801
000573.SZ,20130903,4.72,4.8,4.64,4.76,5.16,-0.4,-7.75,410363.31,192590.1388
000573.SZ,20130902,5.16,5.16,5.16,5.16,5.73,-0.57,-9.95,6937.0,3579.492
000573.SZ,20130823,5.4,5.86,5.4,5.73,5.4,0.33,6.11,228256.83,129673.9384
000573.SZ,20130822,5.32,5.41,5.32,5.4,5.34,0.06,1.12,73053.38,39323.7681
000573.SZ,20130821,5.31,5.35,5.2,5.34,5.29,0.05,0.95,86599.05,45909.1561
000573.SZ,20130820,5.12,5.37,5.08,5.29,5.13,0.16,3.12,90866.93,47934.6633
000573.SZ,20130819,5.15,5.22,5.04,5.13,5.15,-0.02,-0.39,74731.13,38333.101
000573.SZ,20130816,5.05,5.29,5.01,5.15,5.11,0.04,0.78,124565.66,64406.4557
000573.SZ,20130815,5.18,5.31,5.05,5.11,5.17,-0.06,-1.16,171587.31,89412.3752
000573.SZ,20130814,4.98,5.2,4.98,5.17,5.0,0.17,3.4,173054.81,88958.8107
000573.SZ,20130813,4.96,5.0,4.93,5.0,4.95,0.05,1.01,59635.44,29639.8152
000573.SZ,20130812,4.98,5.01,4.86,4.95,4.9,0.05,1.02,112728.24,55623.8788
000573.SZ,20130809,4.74,4.9,4.66,4.9,4.69,0.21,4.48,110059.88,52724.4548
000573.SZ,20130808,4.55,4.77,4.54,4.69,4.55,0.14,3.08,87567.26,41069.5097
000573.SZ,20130807,4.47,4.55,4.43,4.55,4.47,0.08,1.79,40414.01,18168.3089
000573.SZ,20130806,4.46,4.49,4.41,4.47,4.45,0.02,0.45,13460.49,5983.8453
000573.SZ,20130805,4.43,4.48,4.4,4.45,4.43,0.02,0.45,28265.37,12550.4509
000573.SZ,20130802,4.43,4.49,4.39,4.43,4.42,0.01,0.23,36073.97,15960.8011
000573.SZ,20130801,4.35,4.43,4.34,4.42,4.35,0.07,1.61,37962.11,16686.2692
000573.SZ,20130731,4.36,4.41,4.33,4.35,4.32,0.03,0.69,35858.04,15696.3816
000573.SZ,20130730,4.31,4.38,4.26,4.32,4.31,0.01,0.23,38295.28,16566.5933
000573.SZ,20130729,4.2,4.37,4.16,4.31,4.2,0.11,2.62,59939.82,25615.4009
000573.SZ,20130726,4.15,4.2,4.11,4.2,4.15,0.05,1.2,15199.02,6336.9332
000573.SZ,20130725,4.16,4.2,4.09,4.15,4.18,-0.03,-0.72,25711.73,10608.5556
000573.SZ,20130724,4.21,4.21,4.14,4.18,4.22,-0.04,-0.95,21990.96,9166.5569
000573.SZ,20130723,4.18,4.25,4.1,4.22,4.18,0.04,0.96,23867.13,10016.2209
000573.SZ,20130722,4.12,4.23,4.11,4.18,4.18,0.0,0.0,19295.02,8016.4892
000573.SZ,20130719,4.24,4.28,4.1,4.18,4.24,-0.06,-1.42,33933.08,14275.8737
000573.SZ,20130718,4.29,4.29,4.18,4.24,4.26,-0.02,-0.47,24107.78,10189.4733
000573.SZ,20130717,4.22,4.34,4.22,4.26,4.27,-0.01,-0.23,37151.54,15947.9752
000573.SZ,20130716,4.26,4.31,4.23,4.27,4.25,0.02,0.47,21627.79,9245.0705
000573.SZ,20130715,4.17,4.27,4.17,4.25,4.21,0.04,0.95,15797.08,6701.5111
000573.SZ,20130712,4.29,4.31,4.2,4.21,4.28,-0.07,-1.64,22074.9,9381.8187
000573.SZ,20130711,4.2,4.32,4.2,4.28,4.2,0.08,1.9,38594.93,16524.5251
000573.SZ,20130710,4.1,4.21,4.09,4.2,4.14,0.06,1.45,11961.57,4973.4536
000573.SZ,20130709,4.15,4.18,4.06,4.14,4.15,-0.01,-0.24,13484.95,5545.5225
000573.SZ,20130708,4.25,4.25,4.1,4.15,4.26,-0.11,-2.58,11759.57,4883.6565
000573.SZ,20130705,4.27,4.38,4.24,4.26,4.3,-0.04,-0.93,17226.75,7399.2925
000573.SZ,20130704,4.12,4.35,4.06,4.3,4.15,0.15,3.61,32176.85,13672.9352
000573.SZ,20130703,4.2,4.2,4.0,4.15,4.22,-0.07,-1.66,24002.06,9867.4264
000573.SZ,20130702,4.28,4.3,4.12,4.22,4.3,-0.08,-1.86,31225.5,13124.4895
000573.SZ,20130701,4.23,4.32,4.23,4.3,4.27,0.03,0.7,17621.52,7552.5347
000573.SZ,20130628,4.26,4.36,4.2,4.27,4.23,0.04,0.95,23422.51,10044.3241
000573.SZ,20130627,4.28,4.35,4.18,4.23,4.25,-0.02,-0.47,20618.96,8789.1963
000573.SZ,20130626,4.25,4.29,4.16,4.25,4.2,0.05,1.19,17061.87,7182.8169
000573.SZ,20130625,4.25,4.36,3.86,4.2,4.28,-0.08,-1.87,43233.81,17895.2952
000573.SZ,20130624,4.47,4.47,4.16,4.28,4.49,-0.21,-4.68,33139.08,14246.5313
000573.SZ,20130621,4.35,4.52,4.35,4.49,4.45,0.04,0.9,17307.26,7679.3297
000573.SZ,20130620,4.5,4.54,4.44,4.45,4.54,-0.09,-1.98,22498.39,10087.3715
000573.SZ,20130619,4.62,4.62,4.5,4.54,4.62,-0.08,-1.73,27273.86,12358.343
000573.SZ,20130618,4.67,4.67,4.59,4.62,4.65,-0.03,-0.65,27842.0,12852.9114
000573.SZ,20130617,4.7,4.72,4.57,4.65,4.7,-0.05,-1.06,32272.48,14931.9761
000573.SZ,20130614,4.56,4.72,4.54,4.7,4.56,0.14,3.07,50494.64,23399.681
000573.SZ,20130613,4.76,4.76,4.49,4.56,4.8,-0.24,-5.0,63266.07,28916.7541
000573.SZ,20130607,4.91,4.93,4.7,4.8,4.91,-0.11,-2.24,73966.43,35557.9263
000573.SZ,20130606,5.02,5.02,4.85,4.91,5.02,-0.11,-2.19,73902.11,36509.596
000573.SZ,20130605,4.95,5.03,4.83,5.02,5.01,0.01,0.2,111133.68,55200.3999
000573.SZ,20130604,5.09,5.29,4.92,5.01,4.92,0.09,1.83,235461.0,119612.6595
000573.SZ,20130603,4.88,4.96,4.76,4.92,4.91,0.01,0.2,87734.42,42647.9858
000573.SZ,20130531,4.73,5.05,4.73,4.91,4.76,0.15,3.15,160206.27,79413.1299
000573.SZ,20130530,4.73,4.78,4.65,4.76,4.74,0.02,0.42,60454.69,28578.1577
000573.SZ,20130529,4.57,4.76,4.54,4.74,4.55,0.19,4.18,101672.13,47616.1631
000573.SZ,20130528,4.5,4.58,4.5,4.55,4.52,0.03,0.66,44787.56,20350.8201
000573.SZ,20130527,4.55,4.57,4.5,4.52,4.54,-0.02,-0.44,39390.06,17856.2506
000573.SZ,20130524,4.53,4.59,4.5,4.54,4.53,0.01,0.22,30862.51,13998.8667
000573.SZ,20130523,4.48,4.53,4.45,4.53,4.49,0.04,0.89,35058.14,15782.1436
000573.SZ,20130522,4.51,4.55,4.45,4.49,4.5,-0.01,-0.22,35390.55,15898.8036
000573.SZ,20130521,4.5,4.52,4.45,4.5,4.51,-0.01,-0.22,32402.57,14526.8077
000573.SZ,20130520,4.55,4.58,4.48,4.51,4.52,-0.01,-0.22,41720.65,18867.4619
000573.SZ,20130517,4.49,4.57,4.43,4.52,4.45,0.07,1.57,52185.6,23534.8638
000573.SZ,20130516,4.44,4.46,4.38,4.45,4.43,0.02,0.45,30906.71,13724.2555
000573.SZ,20130515,4.38,4.45,4.36,4.43,4.38,0.05,1.14,20838.42,9202.924
000573.SZ,20130514,4.43,4.43,4.33,4.38,4.43,-0.05,-1.13,13273.11,5781.1401
000573.SZ,20130513,4.42,4.44,4.37,4.43,4.42,0.01,0.23,11689.08,5133.895
000573.SZ,20130510,4.39,4.42,4.31,4.42,4.39,0.03,0.68,14068.63,6169.5735
000573.SZ,20130509,4.45,4.45,4.31,4.39,4.45,-0.06,-1.35,19986.75,8762.1577
000573.SZ,20130508,4.41,4.45,4.39,4.45,4.39,0.06,1.37,16801.33,7428.3175
000573.SZ,20130507,4.4,4.43,4.37,4.39,4.41,-0.02,-0.45,12436.18,5469.6608
000573.SZ,20130506,4.38,4.45,4.37,4.41,4.37,0.04,0.92,14947.92,6608.3035
000573.SZ,20130503,4.37,4.41,4.31,4.37,4.33,0.04,0.92,10280.56,4505.3087
000573.SZ,20130502,4.3,4.36,4.26,4.33,4.32,0.01,0.23,6615.99,2861.3137
000573.SZ,20130426,4.3,4.34,4.28,4.32,4.34,-0.02,-0.46,10501.26,4521.3474
000573.SZ,20130425,4.35,4.4,4.3,4.34,4.37,-0.03,-0.69,13061.25,5669.933
000573.SZ,20130424,4.33,4.4,4.33,4.37,4.35,0.02,0.46,14297.33,6255.0229
000573.SZ,20130423,4.52,4.54,4.3,4.35,4.53,-0.18,-3.97,26769.67,11740.3683
000573.SZ,20130422,4.58,4.61,4.5,4.53,4.59,-0.06,-1.31,19054.99,8665.7782
000573.SZ,20130419,4.56,4.61,4.53,4.59,4.55,0.04,0.88,28600.56,13057.7421
000573.SZ,20130418,4.53,4.56,4.47,4.55,4.53,0.02,0.44,28858.05,13081.4809
000573.SZ,20130417,4.48,4.54,4.46,4.53,4.48,0.05,1.12,19835.47,8929.4981
000573.SZ,20130416,4.42,4.48,4.34,4.48,4.43,0.05,1.13,21716.95,9623.1782
000573.SZ,20130415,4.43,4.47,4.35,4.43,4.43,0.0,0.0,31692.2,14023.6682
000573.SZ,20130412,4.43,4.5,4.33,4.43,4.45,-0.02,-0.45,16005.14,7026.9239
000573.SZ,20130411,4.41,4.5,4.31,4.45,4.41,0.04,0.91,44704.09,19889.9594
000573.SZ,20130410,4.3,4.44,4.25,4.41,4.27,0.14,3.28,25827.15,11187.9449
000573.SZ,20130409,4.22,4.29,4.18,4.27,4.2,0.07,1.67,11528.22,4909.8922
000573.SZ,20130408,4.27,4.27,4.12,4.2,4.27,-0.07,-1.64,20466.63,8559.0656
000573.SZ,20130403,4.35,4.39,4.22,4.27,4.36,-0.09,-2.06,28945.59,12409.1417
000573.SZ,20130402,4.38,4.44,4.36,4.36,4.37,-0.01,-0.23,27386.59,12054.3993
000573.SZ,20130401,4.39,4.45,4.36,4.37,4.39,-0.02,-0.46,14027.46,6179.5033
000573.SZ,20130329,4.38,4.45,4.38,4.39,4.38,0.01,0.23,14858.19,6536.3012
000573.SZ,20130328,4.58,4.58,4.37,4.38,4.58,-0.2,-4.37,45068.82,19987.3467
000573.SZ,20130327,4.57,4.68,4.56,4.58,4.57,0.01,0.22,41773.03,19261.3941
000573.SZ,20130326,4.61,4.65,4.46,4.57,4.63,-0.06,-1.3,35777.82,16327.0613
000573.SZ,20130325,4.67,4.71,4.6,4.63,4.67,-0.04,-0.86,20069.15,9294.9337
000573.SZ,20130322,4.7,4.74,4.67,4.67,4.7,-0.03,-0.64,26257.21,12349.8657
000573.SZ,20130321,4.63,4.75,4.62,4.7,4.64,0.06,1.29,35936.86,16865.1204
000573.SZ,20130320,4.57,4.65,4.53,4.64,4.57,0.07,1.53,44939.46,20764.2142
000573.SZ,20130319,4.59,4.64,4.54,4.57,4.59,-0.02,-0.44,24477.81,11225.6361
000573.SZ,20130318,4.57,4.67,4.52,4.59,4.56,0.03,0.66,36564.04,16848.9062
000573.SZ,20130315,4.51,4.64,4.41,4.56,4.58,-0.02,-0.44,55074.42,24956.0532
000573.SZ,20130314,4.64,4.67,4.52,4.58,4.64,-0.06,-1.29,43453.25,19883.1016
000573.SZ,20130313,4.66,4.71,4.53,4.64,4.69,-0.05,-1.07,29592.32,13691.1455
000573.SZ,20130312,4.66,5.11,4.58,4.69,4.66,0.03,0.64,94715.1,45604.4787
000573.SZ,20130311,4.57,4.68,4.53,4.66,4.57,0.09,1.97,53800.66,24822.534
000573.SZ,20130308,4.59,4.6,4.51,4.57,4.59,-0.02,-0.44,23174.34,10588.8969
000573.SZ,20130307,4.58,4.65,4.49,4.59,4.58,0.01,0.22,57841.64,26413.3352
000573.SZ,20130306,4.55,4.67,4.55,4.58,4.55,0.03,0.66,70507.38,32568.545
000573.SZ,20130305,4.54,4.6,4.48,4.55,4.55,0.0,0.0,63861.33,28927.2126
000573.SZ,20130304,4.78,4.81,4.41,4.55,4.9,-0.35,-7.14,132871.19,61245.6832
000573.SZ,20130301,4.89,4.91,4.83,4.9,4.91,-0.01,-0.2,30502.14,14819.4612
000573.SZ,20130228,4.81,4.91,4.74,4.91,4.83,0.08,1.66,64521.57,31116.1381
000573.SZ,20130227,4.84,4.88,4.75,4.83,4.84,-0.01,-0.21,41755.16,20029.5947
000573.SZ,20130226,4.78,4.95,4.78,4.84,4.83,0.01,0.21,35176.86,17179.9328
000573.SZ,20130225,4.8,4.85,4.72,4.83,4.84,-0.01,-0.21,41573.77,19867.081
000573.SZ,20130222,4.86,4.92,4.8,4.84,4.86,-0.02,-0.41,42284.41,20507.6316
000573.SZ,20130221,4.96,4.96,4.81,4.86,4.99,-0.13,-2.61,46388.65,22560.8364
000573.SZ,20130220,4.99,5.03,4.88,4.99,4.99,0.0,0.0,34360.25,17026.9281
000573.SZ,20130219,5.12,5.12,4.98,4.99,5.14,-0.15,-2.92,43816.42,22067.8736
000573.SZ,20130218,5.09,5.17,4.95,5.14,5.04,0.1,1.98,48766.32,24774.93
000573.SZ,20130208,5.05,5.17,5.03,5.04,5.06,-0.02,-0.4,51268.8,26069.6857
000573.SZ,20130207,5.15,5.15,5.01,5.06,5.1,-0.04,-0.78,59522.27,30163.762
000573.SZ,20130206,5.15,5.17,5.06,5.1,5.18,-0.08,-1.54,39913.09,20346.114
000573.SZ,20130205,5.18,5.2,5.01,5.18,5.16,0.02,0.39,69125.88,35184.9013
000573.SZ,20130204,5.18,5.4,5.05,5.16,5.08,0.08,1.57,206229.95,107862.6391
000573.SZ,20130201,4.89,5.1,4.82,5.08,4.9,0.18,3.67,140254.99,70391.7099
000573.SZ,20130131,4.9,4.97,4.79,4.9,4.88,0.02,0.41,70211.23,34232.9612
000573.SZ,20130130,4.72,5.11,4.7,4.88,4.72,0.16,3.39,185720.64,91245.5107
000573.SZ,20130129,4.38,4.75,4.38,4.72,4.4,0.32,7.27,101815.21,46498.0493
000573.SZ,20130128,4.35,4.42,4.33,4.4,4.37,0.03,0.69,28087.0,12326.9485
000573.SZ,20130125,4.34,4.41,4.34,4.37,4.34,0.03,0.69,16493.63,7220.6852
000573.SZ,20130124,4.42,4.5,4.31,4.34,4.38,-0.04,-0.91,30060.39,13264.7171
000573.SZ,20130123,4.37,4.44,4.34,4.38,4.37,0.01,0.23,15997.55,7020.6333
000573.SZ,20130122,4.5,4.54,4.37,4.37,4.51,-0.14,-3.1,29368.7,12964.6283
000573.SZ,20130121,4.48,4.56,4.47,4.51,4.47,0.04,0.89,28671.87,12932.7347
000573.SZ,20130118,4.38,4.48,4.38,4.47,4.35,0.12,2.76,27584.13,12264.9403
000573.SZ,20130117,4.38,4.4,4.33,4.35,4.37,-0.02,-0.46,22655.77,9906.7185
000573.SZ,20130116,4.48,4.5,4.36,4.37,4.46,-0.09,-2.02,33290.5,14707.5339
000573.SZ,20130115,4.45,4.55,4.43,4.46,4.48,-0.02,-0.45,29119.08,13057.7617
000573.SZ,20130114,4.34,4.48,4.3,4.48,4.38,0.1,2.28,29684.55,13067.9986
000573.SZ,20130111,4.56,4.59,4.31,4.38,4.58,-0.2,-4.37,48372.44,21384.4281
000573.SZ,20130110,4.5,4.61,4.48,4.58,4.52,0.06,1.33,26015.91,11854.798
000573.SZ,20130109,4.55,4.6,4.49,4.52,4.59,-0.07,-1.53,40941.92,18544.9255
000573.SZ,20130108,4.58,4.67,4.52,4.59,4.59,0.0,0.0,72740.63,33317.2499
000573.SZ,20130107,4.31,4.61,4.3,4.59,4.34,0.25,5.76,61791.37,27617.3899
000573.SZ,20130104,4.38,4.4,4.3,4.34,4.34,0.0,0.0,45311.62,19729.8345
000573.SZ,20121231,4.27,4.43,4.27,4.34,4.27,0.07,1.64,50252.09,21913.1714
000573.SZ,20121228,4.15,4.33,4.15,4.27,4.15,0.12,2.89,45123.05,19271.6506
000573.SZ,20121227,4.24,4.24,4.15,4.15,4.22,-0.07,-1.66,38779.87,16220.8677
000573.SZ,20121226,4.14,4.28,4.13,4.22,4.13,0.09,2.18,57523.84,24123.4882
000573.SZ,20121225,4.03,4.16,4.03,4.13,4.03,0.1,2.48,50400.83,20743.7587
000573.SZ,20121224,4.05,4.1,4.02,4.03,4.05,-0.02,-0.49,15955.0,6442.042
000573.SZ,20121221,4.1,4.17,4.04,4.05,4.11,-0.06,-1.46,24558.45,10032.5189
000573.SZ,20121220,4.08,4.12,4.06,4.11,4.09,0.02,0.49,11332.37,4632.9797
000573.SZ,20121219,4.07,4.15,4.07,4.09,4.07,0.02,0.49,17681.99,7273.9007
000573.SZ,20121218,4.11,4.15,4.06,4.07,4.12,-0.05,-1.21,22389.13,9153.8199
000573.SZ,20121217,4.13,4.19,4.1,4.12,4.13,-0.01,-0.24,21829.99,9024.7637
000573.SZ,20121214,4.03,4.17,4.03,4.13,4.04,0.09,2.23,23922.88,9852.3641
000573.SZ,20121213,4.02,4.08,4.02,4.04,4.05,-0.01,-0.25,7726.08,3126.0927
000573.SZ,20121212,4.01,4.1,4.01,4.05,4.06,-0.01,-0.25,8204.98,3317.2009
000573.SZ,20121211,4.08,4.12,4.04,4.06,4.05,0.01,0.25,17504.42,7127.9229
000573.SZ,20121210,4.05,4.1,4.02,4.05,4.05,0.0,0.0,12437.64,5040.4693
000573.SZ,20121207,3.91,4.09,3.91,4.05,3.94,0.11,2.79,19260.96,7739.8757
000573.SZ,20121206,3.97,4.01,3.93,3.94,4.0,-0.06,-1.5,8056.82,3204.2477
000573.SZ,20121205,3.85,4.01,3.84,4.0,3.88,0.12,3.09,14701.53,5811.9358
000573.SZ,20121204,3.81,3.9,3.71,3.88,3.87,0.01,0.26,7008.21,2669.2849
000573.SZ,20121203,3.86,3.93,3.81,3.87,3.89,-0.02,-0.51,4865.73,1882.4731
000573.SZ,20121130,3.77,3.93,3.77,3.89,3.85,0.04,1.04,7252.32,2816.3947
000573.SZ,20121129,3.84,3.85,3.72,3.85,3.82,0.03,0.79,7083.03,2693.9674
000573.SZ,20121128,3.88,3.89,3.77,3.82,3.88,-0.06,-1.55,9116.11,3482.8268
000573.SZ,20121127,4.05,4.05,3.84,3.88,4.05,-0.17,-4.2,19490.53,7636.3635
000573.SZ,20121126,4.14,4.14,4.01,4.05,4.14,-0.09,-2.17,9892.5,4025.4243
000573.SZ,20121123,4.07,4.17,4.07,4.14,4.14,0.0,0.0,5458.46,2265.7731
000573.SZ,20121122,4.15,4.17,4.06,4.14,4.18,-0.04,-0.96,11647.04,4789.3912
000573.SZ,20121121,4.04,4.19,4.04,4.18,4.07,0.11,2.7,15812.1,6521.0643
000573.SZ,20121120,4.09,4.2,4.06,4.07,4.08,-0.01,-0.25,15923.66,6570.6124
000573.SZ,20121119,4.08,4.13,4.07,4.08,4.08,0.0,0.0,7761.76,3176.6204
000573.SZ,20121116,4.04,4.11,4.02,4.08,4.04,0.04,0.99,12309.48,4999.4772
000573.SZ,20121115,4.05,4.11,4.03,4.04,4.09,-0.05,-1.22,6557.5,2669.612
000573.SZ,20121114,4.07,4.1,4.05,4.09,4.09,0.0,0.0,6868.2,2799.3892
000573.SZ,20121113,4.21,4.27,4.08,4.09,4.23,-0.14,-3.31,14088.93,5851.1039
000573.SZ,20121112,4.15,4.23,4.15,4.23,4.17,0.06,1.44,11111.72,4672.0314
000573.SZ,20121109,4.13,4.18,4.13,4.17,4.16,0.01,0.24,11429.51,4745.194
000573.SZ,20121108,4.16,4.22,4.15,4.16,4.18,-0.02,-0.48,13959.49,5829.1304
000573.SZ,20121107,4.2,4.26,4.18,4.18,4.2,-0.02,-0.48,14342.96,6047.1082
000573.SZ,20121106,4.27,4.31,4.17,4.2,4.3,-0.1,-2.33,34557.28,14629.05
000573.SZ,20121105,4.29,4.35,4.27,4.3,4.34,-0.04,-0.92,17230.44,7396.56
000573.SZ,20121102,4.35,4.36,4.26,4.34,4.35,-0.01,-0.23,33143.54,14284.4029
000573.SZ,20121101,4.19,4.39,4.19,4.35,4.24,0.11,2.59,46756.55,20250.3745
000573.SZ,20121031,4.16,4.29,4.14,4.24,4.22,0.02,0.47,30962.57,13071.2775
000573.SZ,20121030,4.12,4.4,4.08,4.22,4.12,0.1,2.43,83288.2,35656.7278
000573.SZ,20121029,4.02,4.12,3.98,4.12,4.04,0.08,1.98,33029.49,13497.7542
000573.SZ,20121026,4.02,4.11,4.02,4.04,4.02,0.02,0.5,68024.77,27537.3078
000573.SZ,20121025,3.95,4.06,3.94,4.02,3.97,0.05,1.26,35586.05,14278.097
000573.SZ,20121024,3.96,4.0,3.91,3.97,3.99,-0.02,-0.5,16686.97,6594.6762
000573.SZ,20121023,4.02,4.07,3.98,3.99,4.02,-0.03,-0.75,14464.98,5823.7029
000573.SZ,20121022,4.01,4.07,3.99,4.02,4.02,0.0,0.0,18005.99,7245.4173
000573.SZ,20121019,3.92,4.04,3.92,4.02,3.94,0.08,2.03,33045.9,13209.1865
000573.SZ,20121018,3.86,3.96,3.84,3.94,3.86,0.08,2.07,18710.01,7344.3714
000573.SZ,20121017,3.84,3.88,3.83,3.86,3.85,0.01,0.26,6750.86,2601.2271
000573.SZ,20121016,3.84,3.89,3.83,3.85,3.85,0.0,0.0,6478.29,2505.5184
000573.SZ,20121015,3.9,3.9,3.85,3.85,3.92,-0.07,-1.79,10061.47,3897.5895
000573.SZ,20121012,3.87,3.92,3.84,3.92,3.88,0.04,1.03,8419.22,3262.8057
000573.SZ,20121011,3.9,3.91,3.86,3.88,3.93,-0.05,-1.27,12753.72,4950.7418
000573.SZ,20121010,3.9,3.95,3.85,3.93,3.9,0.03,0.77,13544.43,5286.865
000573.SZ,20121009,3.78,3.93,3.78,3.9,3.79,0.11,2.9,15706.18,6085.4493
000573.SZ,20121008,3.8,3.87,3.76,3.79,3.8,-0.01,-0.26,8714.04,3316.7127
000573.SZ,20120928,3.6,3.86,3.57,3.8,3.62,0.18,4.97,24103.91,9069.1388
000573.SZ,20120927,3.5,3.62,3.45,3.62,3.48,0.14,4.02,22977.15,8161.713
000573.SZ,20120926,3.62,3.62,3.47,3.48,3.58,-0.1,-2.79,11502.62,4029.4715
000573.SZ,20120925,3.62,3.63,3.56,3.58,3.6,-0.02,-0.56,3584.0,1284.851
000573.SZ,20120924,3.6,3.64,3.54,3.6,3.6,0.0,0.0,4940.18,1780.346
000573.SZ,20120921,3.51,3.64,3.5,3.6,3.52,0.08,2.27,7374.98,2629.955
000573.SZ,20120920,3.69,3.69,3.5,3.52,3.69,-0.17,-4.61,19243.54,6897.706
000573.SZ,20120919,3.68,3.73,3.67,3.69,3.68,0.01,0.27,7365.16,2720.146
000573.SZ,20120918,3.71,3.72,3.65,3.68,3.72,-0.04,-1.08,6214.66,2288.4426
000573.SZ,20120917,3.9,3.9,3.71,3.72,3.87,-0.15,-3.88,12309.75,4653.3464
000573.SZ,20120914,3.95,3.96,3.86,3.87,3.94,-0.07,-1.78,10023.0,3910.1868
000573.SZ,20120913,3.94,3.95,3.89,3.94,3.93,0.01,0.25,8899.1,3486.8149
000573.SZ,20120912,3.95,4.0,3.88,3.93,3.96,-0.03,-0.76,20254.12,7979.166
000573.SZ,20120911,3.88,3.99,3.84,3.96,3.91,0.05,1.28,19078.26,7521.9528
000573.SZ,20120910,3.88,3.95,3.85,3.91,3.86,0.05,1.3,17746.92,6909.5302
000573.SZ,20120907,3.75,3.92,3.74,3.86,3.73,0.13,3.49,18622.95,7159.6597
000573.SZ,20120906,3.71,3.73,3.64,3.73,3.71,0.02,0.54,9515.12,3510.8624
000573.SZ,20120905,3.74,3.74,3.68,3.71,3.72,-0.01,-0.27,4716.04,1747.8548
000573.SZ,20120904,3.75,3.78,3.7,3.72,3.72,0.0,0.0,8379.46,3130.5691
000573.SZ,20120903,3.68,3.77,3.67,3.72,3.69,0.03,0.81,8721.14,3253.4971
000573.SZ,20120831,3.67,3.75,3.67,3.69,3.67,0.02,0.55,9809.15,3635.5488
000573.SZ,20120830,3.64,3.72,3.62,3.67,3.67,0.0,0.0,7641.63,2800.2014
000573.SZ,20120829,3.73,3.76,3.63,3.67,3.73,-0.06,-1.61,8573.28,3159.455
000573.SZ,20120828,3.68,3.77,3.66,3.73,3.68,0.05,1.36,8373.99,3123.2396
000573.SZ,20120827,3.84,3.84,3.68,3.68,3.82,-0.14,-3.66,8842.72,3312.7135
000573.SZ,20120824,3.86,3.88,3.81,3.82,3.86,-0.04,-1.04,8898.5,3417.0615
000573.SZ,20120823,3.9,3.9,3.83,3.86,3.87,-0.01,-0.26,8234.26,3172.1918
000573.SZ,20120822,3.91,4.0,3.82,3.87,3.94,-0.07,-1.78,15158.95,5959.2995
000573.SZ,20120821,3.9,4.02,3.87,3.94,3.92,0.02,0.51,11872.27,4695.2977
000573.SZ,20120820,3.89,3.96,3.82,3.92,3.93,-0.01,-0.25,17207.21,6694.3717
000573.SZ,20120817,3.81,3.95,3.73,3.93,3.77,0.16,4.24,25346.33,9819.5158
000573.SZ,20120816,3.68,3.81,3.66,3.77,3.69,0.08,2.17,15953.37,5976.9278
000573.SZ,20120815,3.66,3.75,3.66,3.69,3.71,-0.02,-0.54,7867.69,2924.2606
000573.SZ,20120814,3.68,3.74,3.61,3.71,3.67,0.04,1.09,7864.37,2879.1789
000573.SZ,20120813,3.72,3.76,3.66,3.67,3.74,-0.07,-1.87,8439.27,3124.9865
000573.SZ,20120810,3.75,3.77,3.71,3.74,3.77,-0.03,-0.8,7532.25,2813.1174
000573.SZ,20120809,3.74,3.78,3.68,3.77,3.72,0.05,1.34,12910.81,4834.9952
000573.SZ,20120808,3.66,3.76,3.66,3.72,3.7,0.02,0.54,14942.13,5541.1081
000573.SZ,20120807,3.6,3.7,3.59,3.7,3.59,0.11,3.06,21374.93,7789.9257
000573.SZ,20120806,3.53,3.6,3.5,3.59,3.53,0.06,1.7,22567.56,7982.7997
000573.SZ,20120803,3.46,3.58,3.43,3.53,3.47,0.06,1.73,32845.3,11582.918
000573.SZ,20120802,3.43,3.47,3.38,3.47,3.45,0.02,0.58,13287.53,4550.833
000573.SZ,20120801,3.44,3.49,3.38,3.45,3.44,0.01,0.29,11962.38,4124.9615
000573.SZ,20120731,3.49,3.49,3.36,3.44,3.5,-0.06,-1.71,8295.52,2842.4691
000573.SZ,20120730,3.7,3.7,3.5,3.5,3.69,-0.19,-5.15,20056.4,7144.5252
000573.SZ,20120727,3.7,3.74,3.67,3.69,3.7,-0.01,-0.27,7288.11,2692.9464
000573.SZ,20120726,3.79,3.85,3.68,3.7,3.79,-0.09,-2.37,21229.33,7934.2758
000573.SZ,20120725,3.79,3.83,3.77,3.79,3.78,0.01,0.26,6225.05,2366.3758
000573.SZ,20120724,3.75,3.8,3.75,3.78,3.75,0.03,0.8,6693.04,2533.7461
000573.SZ,20120723,3.8,3.83,3.74,3.75,3.84,-0.09,-2.34,8412.64,3163.7821
000573.SZ,20120720,3.9,3.92,3.83,3.84,3.9,-0.06,-1.54,7038.22,2717.1946
000573.SZ,20120719,3.85,3.95,3.85,3.9,3.89,0.01,0.26,11889.89,4648.0515
000573.SZ,20120718,3.93,3.95,3.78,3.89,3.93,-0.04,-1.02,13472.7,5184.7379
000573.SZ,20120717,3.99,4.02,3.91,3.93,3.99,-0.06,-1.5,9311.75,3683.2973
000573.SZ,20120716,4.12,4.12,3.91,3.99,4.11,-0.12,-2.92,17060.09,6801.6407
000573.SZ,20120713,4.1,4.14,4.08,4.11,4.12,-0.01,-0.24,11015.0,4526.226
000573.SZ,20120712,4.1,4.14,4.04,4.12,4.11,0.01,0.24,9651.13,3954.7185
000573.SZ,20120711,4.09,4.12,4.06,4.11,4.08,0.03,0.74,6886.01,2820.2001
000573.SZ,20120710,4.13,4.16,4.07,4.08,4.13,-0.05,-1.21,9070.87,3732.063
000573.SZ,20120709,4.18,4.24,4.12,4.13,4.16,-0.03,-0.72,17371.07,7263.9873
000573.SZ,20120706,4.11,4.22,4.11,4.2,4.13,0.07,1.69,9051.69,3785.3357
000573.SZ,20120705,4.17,4.18,4.07,4.13,4.17,-0.04,-0.96,8186.99,3370.7699
000573.SZ,20120704,4.17,4.2,4.13,4.17,4.17,0.0,0.0,6110.93,2546.6372
000573.SZ,20120703,4.17,4.21,4.13,4.17,4.18,-0.01,-0.24,8388.9,3501.6437
000573.SZ,20120702,4.12,4.18,4.12,4.18,4.16,0.02,0.48,7793.1,3244.7784
000573.SZ,20120629,4.11,4.18,4.03,4.16,4.16,0.0,0.0,9834.19,4046.0244
000573.SZ,20120628,4.24,4.26,4.05,4.16,4.24,-0.08,-1.89,16413.76,6818.7886
000573.SZ,20120627,4.24,4.28,4.22,4.24,4.23,0.01,0.24,9196.88,3907.1316
000573.SZ,20120626,4.19,4.23,4.16,4.23,4.19,0.04,0.95,10457.6,4386.3826
000573.SZ,20120625,4.19,4.23,4.11,4.19,4.21,-0.02,-0.48,9642.12,4019.3203
000573.SZ,20120621,4.25,4.26,4.19,4.21,4.25,-0.04,-0.94,10892.38,4599.9181
000573.SZ,20120620,4.26,4.27,4.23,4.25,4.25,0.0,0.0,5232.24,2222.4868
000573.SZ,20120619,4.26,4.28,4.2,4.25,4.26,-0.01,-0.23,8854.7,3755.2086
000573.SZ,20120618,4.3,4.31,4.23,4.26,4.28,-0.02,-0.47,16559.24,7067.9829
000573.SZ,20120615,4.31,4.33,4.23,4.28,4.32,-0.04,-0.93,11491.89,4914.6284
000573.SZ,20120614,4.37,4.37,4.29,4.32,4.35,-0.03,-0.69,14482.15,6261.3852
000573.SZ,20120613,4.33,4.37,4.29,4.35,4.33,0.02,0.46,11204.68,4855.5496
000573.SZ,20120612,4.33,4.36,4.28,4.33,4.34,-0.01,-0.23,10858.87,4693.9172
000573.SZ,20120611,4.28,4.35,4.25,4.34,4.25,0.09,2.12,14834.44,6403.1946
000573.SZ,20120608,4.3,4.35,4.23,4.25,4.25,0.0,0.0,15287.01,6554.8969
000573.SZ,20120607,4.35,4.37,4.25,4.25,4.35,-0.1,-2.3,21797.5,9359.4835
000573.SZ,20120606,4.42,4.47,4.27,4.35,4.43,-0.08,-1.81,18123.71,7890.8986
000573.SZ,20120605,4.4,4.47,4.38,4.43,4.4,0.03,0.68,9219.75,4084.5346
000573.SZ,20120604,4.52,4.52,4.4,4.4,4.56,-0.16,-3.51,12286.0,5486.3097
000573.SZ,20120601,4.56,4.61,4.53,4.56,4.55,0.01,0.22,6435.01,2932.3186
000573.SZ,20120531,4.6,4.64,4.55,4.55,4.62,-0.07,-1.52,14994.9,6866.0731
000573.SZ,20120530,4.62,4.68,4.61,4.62,4.63,-0.01,-0.22,14267.0,6617.5205
000573.SZ,20120529,4.6,4.67,4.6,4.63,4.62,0.01,0.22,19238.03,8914.3272
000573.SZ,20120528,4.46,4.62,4.44,4.62,4.48,0.14,3.13,25625.96,11675.7742
000573.SZ,20120525,4.44,4.51,4.44,4.48,4.46,0.02,0.45,9529.72,4267.8368
000573.SZ,20120524,4.42,4.51,4.42,4.46,4.46,0.0,0.0,10994.6,4909.9934
000573.SZ,20120523,4.5,4.52,4.45,4.46,4.51,-0.05,-1.11,9673.11,4332.8838
000573.SZ,20120522,4.52,4.52,4.47,4.51,4.49,0.02,0.45,13110.76,5894.2251
000573.SZ,20120521,4.53,4.59,4.43,4.49,4.59,-0.1,-2.18,20447.42,9199.5003
000573.SZ,20120517,4.56,4.63,4.56,4.59,4.58,0.01,0.22,21530.95,9899.7005
000573.SZ,20120516,4.6,4.63,4.56,4.58,4.6,-0.02,-0.43,20812.27,9546.4416
000573.SZ,20120515,4.54,4.6,4.48,4.6,4.51,0.09,2.0,23680.88,10791.5145
000573.SZ,20120514,4.54,4.59,4.5,4.51,4.49,0.02,0.45,22698.96,10296.5828
000573.SZ,20120511,4.57,4.57,4.47,4.49,4.53,-0.04,-0.88,16716.15,7521.1371
000573.SZ,20120510,4.52,4.58,4.5,4.53,4.52,0.01,0.22,20867.72,9454.8163
000573.SZ,20120509,4.65,4.65,4.52,4.52,4.65,-0.13,-2.8,28419.18,12985.0349
000573.SZ,20120508,4.63,4.71,4.6,4.65,4.64,0.01,0.22,20845.08,9688.2416
000573.SZ,20120507,4.7,4.75,4.6,4.64,4.76,-0.12,-2.52,40855.85,18970.4648
000573.SZ,20120504,4.72,4.77,4.69,4.76,4.72,0.04,0.85,23879.49,11293.4624
000573.SZ,20120503,4.73,4.77,4.62,4.72,4.72,0.0,0.0,32885.54,15397.4465
000573.SZ,20120502,4.76,4.82,4.68,4.72,4.75,-0.03,-0.63,37300.95,17645.903
000573.SZ,20120427,4.72,4.86,4.72,4.75,4.75,0.0,0.0,33101.74,15851.4038
000573.SZ,20120426,4.8,4.82,4.73,4.75,4.77,-0.02,-0.42,42164.08,20101.9276
000573.SZ,20120425,4.76,4.83,4.64,4.77,4.73,0.04,0.85,44747.42,21397.4144
000573.SZ,20120424,4.7,4.74,4.59,4.73,4.72,0.01,0.21,43168.62,20142.3944
000573.SZ,20120423,4.66,4.83,4.59,4.72,4.69,0.03,0.64,56597.79,26657.666
000573.SZ,20120420,4.71,4.76,4.66,4.69,4.7,-0.01,-0.21,29412.79,13812.3522
000573.SZ,20120419,4.59,4.7,4.56,4.7,4.59,0.11,2.4,56794.61,26372.2467
000573.SZ,20120418,4.51,4.62,4.48,4.59,4.5,0.09,2.0,32199.19,14700.9278
000573.SZ,20120417,4.6,4.64,4.48,4.5,4.62,-0.12,-2.6,35230.5,15994.507
000573.SZ,20120416,4.6,4.66,4.54,4.62,4.59,0.03,0.65,33196.62,15319.0709
000573.SZ,20120413,4.56,4.66,4.5,4.59,4.54,0.05,1.1,49566.76,22821.7331
000573.SZ,20120412,4.45,4.56,4.42,4.54,4.47,0.07,1.57,35327.63,15901.93
000573.SZ,20120411,4.5,4.55,4.43,4.47,4.5,-0.03,-0.67,34723.71,15581.4491
000573.SZ,20120410,4.32,4.5,4.32,4.5,4.36,0.14,3.21,34682.95,15334.8969
000573.SZ,20120409,4.4,4.46,4.31,4.36,4.4,-0.04,-0.91,15978.27,7027.7808
000573.SZ,20120406,4.36,4.45,4.33,4.4,4.36,0.04,0.92,22600.51,9967.6553
000573.SZ,20120405,4.26,4.38,4.26,4.36,4.26,0.1,2.35,19793.52,8599.3298
000573.SZ,20120330,4.24,4.29,4.21,4.26,4.24,0.02,0.47,13149.4,5589.1684
000573.SZ,20120329,4.22,4.26,4.18,4.24,4.24,0.0,0.0,15775.92,6659.5163
000573.SZ,20120328,4.31,4.31,4.2,4.24,4.34,-0.1,-2.3,21235.0,9032.6424
000573.SZ,20120327,4.33,4.41,4.3,4.34,4.3,0.04,0.93,23802.04,10339.6654
000573.SZ,20120326,4.24,4.31,4.23,4.3,4.25,0.05,1.18,15639.54,6676.9134
000573.SZ,20120323,4.49,4.5,4.25,4.25,4.46,-0.21,-4.71,38044.01,16535.0412
000573.SZ,20120322,4.3,4.5,4.27,4.46,4.31,0.15,3.48,38765.35,17151.1465
000573.SZ,20120321,4.31,4.36,4.23,4.31,4.28,0.03,0.7,17038.79,7318.359
000573.SZ,20120320,4.37,4.4,4.26,4.28,4.39,-0.11,-2.51,26434.99,11397.1117
000573.SZ,20120319,4.38,4.41,4.35,4.39,4.38,0.01,0.23,13506.12,5924.3158
000573.SZ,20120316,4.33,4.39,4.29,4.38,4.34,0.04,0.92,15493.0,6739.9006
000573.SZ,20120315,4.3,4.44,4.24,4.34,4.38,-0.04,-0.91,26003.02,11274.2785
000573.SZ,20120314,4.55,4.56,4.29,4.38,4.54,-0.16,-3.52,52564.16,23281.8471
000573.SZ,20120313,4.46,4.55,4.41,4.54,4.46,0.08,1.79,56415.17,25348.4327
000573.SZ,20120312,4.4,4.47,4.36,4.46,4.38,0.08,1.83,70723.08,31273.4177
000573.SZ,20120309,4.15,4.38,4.15,4.38,4.14,0.24,5.8,56935.33,24338.7797
000573.SZ,20120308,4.11,4.18,4.11,4.14,4.11,0.03,0.73,29091.36,12078.0055
000573.SZ,20120307,4.11,4.18,4.1,4.11,4.16,-0.05,-1.2,13291.8,5500.7424
000573.SZ,20120306,4.21,4.21,4.1,4.16,4.2,-0.04,-0.95,19876.87,8227.4768
000573.SZ,20120305,4.23,4.26,4.18,4.2,4.23,-0.03,-0.71,19300.67,8125.9669
000573.SZ,20120302,4.15,4.24,4.14,4.23,4.12,0.11,2.67,34220.32,14342.67
000573.SZ,20120301,4.11,4.17,4.1,4.12,4.14,-0.02,-0.48,18315.62,7580.93
000573.SZ,20120229,4.27,4.27,4.07,4.14,4.29,-0.15,-3.5,55802.47,23191.054
000573.SZ,20120228,4.35,4.35,4.25,4.29,4.35,-0.06,-1.38,24921.3,10678.1379
000573.SZ,20120227,4.37,4.4,4.32,4.35,4.37,-0.02,-0.46,36334.41,15836.2629
000573.SZ,20120224,4.25,4.4,4.22,4.37,4.26,0.11,2.58,50094.31,21749.1013
000573.SZ,20120223,4.31,4.32,4.22,4.26,4.31,-0.05,-1.16,32096.07,13666.6181
000573.SZ,20120222,4.27,4.34,4.25,4.31,4.27,0.04,0.94,47368.08,20374.5234
000573.SZ,20120221,4.22,4.33,4.22,4.27,4.25,0.02,0.47,55515.76,23739.3988
000573.SZ,20120220,4.14,4.26,4.13,4.25,4.12,0.13,3.16,97267.5,41015.0571
000573.SZ,20120217,3.99,4.15,3.98,4.12,4.0,0.12,3.0,53177.0,21630.3852
000573.SZ,20120216,4.05,4.05,3.98,4.0,4.03,-0.03,-0.74,17118.4,6875.0266
000573.SZ,20120215,3.97,4.03,3.94,4.03,3.96,0.07,1.77,24466.11,9784.712
000573.SZ,20120214,3.97,4.0,3.92,3.96,3.97,-0.01,-0.25,26029.57,10306.4996
000573.SZ,20120213,3.96,4.04,3.93,3.97,3.98,-0.01,-0.25,23051.51,9168.4291
000573.SZ,20120210,3.99,4.05,3.97,3.98,3.99,-0.01,-0.25,35650.15,14263.6242
000573.SZ,20120209,3.89,4.06,3.88,3.99,3.91,0.08,2.05,71150.31,28542.3778
000573.SZ,20120208,3.8,3.92,3.77,3.91,3.79,0.12,3.17,63984.13,24703.873
000573.SZ,20120207,3.76,3.82,3.72,3.79,3.77,0.02,0.53,51352.58,19380.0144
000573.SZ,20120206,3.7,3.81,3.7,3.77,3.72,0.05,1.34,53779.25,20155.2186
000573.SZ,20120203,3.64,3.73,3.63,3.72,3.65,0.07,1.92,60518.17,22272.5904
000573.SZ,20120202,3.61,3.66,3.59,3.65,3.62,0.03,0.83,51894.75,18815.6169
000573.SZ,20120201,3.64,3.66,3.59,3.62,3.65,-0.03,-0.82,23632.67,8551.6709
000573.SZ,20120131,3.64,3.65,3.59,3.65,3.63,0.02,0.55,20649.39,7477.9282
000573.SZ,20120130,3.63,3.66,3.62,3.63,3.65,-0.02,-0.55,31008.44,11295.5527
000573.SZ,20120120,3.68,3.68,3.57,3.65,3.67,-0.02,-0.55,92633.25,33553.2159
000573.SZ,20120119,3.67,3.73,3.64,3.67,3.71,-0.04,-1.08,40730.11,14967.0922
000573.SZ,20120118,3.73,3.8,3.68,3.71,3.78,-0.07,-1.85,28912.64,10789.6908
000573.SZ,20120117,3.61,3.8,3.6,3.78,3.61,0.17,4.71,43540.0,16035.2711
000573.SZ,20120116,3.74,3.75,3.59,3.61,3.72,-0.11,-2.96,18580.99,6788.279
000573.SZ,20120113,3.83,3.95,3.69,3.72,3.89,-0.17,-4.37,23869.51,9075.2313
000573.SZ,20120112,3.86,3.97,3.83,3.89,3.88,0.01,0.26,15186.48,5952.0129
000573.SZ,20120111,3.92,3.93,3.85,3.88,3.92,-0.04,-1.02,14239.0,5544.6901
000573.SZ,20120110,3.76,3.94,3.76,3.92,3.79,0.13,3.43,22832.91,8847.1599
000573.SZ,20120109,3.65,3.84,3.62,3.79,3.64,0.15,4.12,17651.93,6630.8766
000573.SZ,20120106,3.61,3.66,3.57,3.64,3.6,0.04,1.11,7988.13,2891.4859
000573.SZ,20120105,3.71,3.71,3.58,3.6,3.71,-0.11,-2.97,9138.01,3327.2936
000573.SZ,20120104,3.81,3.89,3.71,3.71,3.81,-0.1,-2.62,5103.07,1936.0647
000573.SZ,20111230,3.78,3.83,3.77,3.81,3.76,0.05,1.33,6446.06,2453.355
000573.SZ,20111229,3.73,3.79,3.71,3.76,3.74,0.02,0.53,7066.3,2656.182
000573.SZ,20111228,3.78,3.78,3.6,3.74,3.79,-0.05,-1.32,12699.65,4658.0653
000573.SZ,20111227,3.75,4.03,3.73,3.79,3.74,0.05,1.34,36011.2,14019.9602
000573.SZ,20111226,3.69,3.74,3.67,3.74,3.69,0.05,1.36,12101.77,4491.859
000573.SZ,20111223,3.7,3.75,3.66,3.69,3.68,0.01,0.27,15640.78,5788.9048
000573.SZ,20111222,3.85,3.85,3.67,3.68,3.85,-0.17,-4.42,14279.16,5321.8783
000573.SZ,20111221,3.91,3.94,3.85,3.85,3.91,-0.06,-1.53,6052.0,2358.324
000573.SZ,20111220,3.92,3.95,3.89,3.91,3.91,0.0,0.0,8615.68,3373.6695
000573.SZ,20111219,3.84,3.94,3.76,3.91,3.84,0.07,1.82,21847.7,8421.0016
000573.SZ,20111216,3.73,3.87,3.73,3.84,3.74,0.1,2.67,19251.62,7261.8575
000573.SZ,20111215,3.89,3.9,3.72,3.74,3.89,-0.15,-3.86,17985.0,6787.072
000573.SZ,20111214,3.91,3.96,3.87,3.89,3.94,-0.05,-1.27,5940.0,2325.953
000573.SZ,20111213,4.12,4.13,3.92,3.94,4.13,-0.19,-4.6,13451.12,5345.5243
000573.SZ,20111212,4.17,4.19,4.12,4.13,4.17,-0.04,-0.96,5018.99,2083.2278
000573.SZ,20111209,4.17,4.21,4.14,4.17,4.16,0.01,0.24,3937.21,1640.8299
000573.SZ,20111208,4.18,4.24,4.13,4.16,4.22,-0.06,-1.42,6506.4,2719.7974
000573.SZ,20111207,4.17,4.25,4.17,4.22,4.16,0.06,1.44,4700.24,1979.4074
000573.SZ,20111206,4.12,4.22,4.12,4.16,4.12,0.04,0.97,9349.86,3892.7873
000573.SZ,20111205,4.3,4.33,4.11,4.12,4.3,-0.18,-4.19,13508.92,5679.073
000573.SZ,20111202,4.31,4.38,4.3,4.3,4.33,-0.03,-0.69,8753.01,3792.8628
000573.SZ,20111201,4.34,4.42,4.31,4.33,4.22,0.11,2.61,15313.5,6685.063
000573.SZ,20111130,4.53,4.53,4.22,4.22,4.52,-0.3,-6.64,23929.66,10354.6195
000573.SZ,20111129,4.51,4.55,4.46,4.52,4.49,0.03,0.67,18699.15,8418.8776
000573.SZ,20111128,4.48,4.52,4.46,4.49,4.46,0.03,0.67,6266.29,2817.279
000573.SZ,20111125,4.5,4.53,4.45,4.46,4.51,-0.05,-1.11,9939.22,4453.4686
000573.SZ,20111124,4.49,4.54,4.46,4.51,4.49,0.02,0.45,7273.2,3273.9174
000573.SZ,20111123,4.54,4.58,4.49,4.49,4.53,-0.04,-0.88,9997.09,4520.8432
000573.SZ,20111122,4.52,4.55,4.46,4.53,4.5,0.03,0.67,11015.71,4961.9566
000573.SZ,20111121,4.5,4.56,4.44,4.5,4.5,0.0,0.0,21731.01,9770.4917
000573.SZ,20111118,4.61,4.67,4.49,4.5,4.67,-0.17,-3.64,18583.58,8490.4192
000573.SZ,20111117,4.64,4.73,4.62,4.67,4.64,0.03,0.65,17096.07,7982.0262
000573.SZ,20111116,4.81,4.81,4.62,4.64,4.81,-0.17,-3.53,31970.13,15056.2587
000573.SZ,20111115,4.7,4.89,4.7,4.81,4.75,0.06,1.26,29125.99,14047.2528
000573.SZ,20111114,4.67,4.76,4.67,4.75,4.64,0.11,2.37,21692.03,10252.5852
000573.SZ,20111111,4.71,4.75,4.63,4.64,4.7,-0.06,-1.28,21793.25,10217.101
000573.SZ,20111110,4.62,4.85,4.59,4.7,4.67,0.03,0.64,49168.85,23135.1233
000573.SZ,20111109,4.66,4.71,4.6,4.67,4.66,0.01,0.21,26233.54,12184.3701
000573.SZ,20111108,4.61,4.72,4.61,4.66,4.67,-0.01,-0.21,47478.73,22256.9761
000573.SZ,20111107,4.5,4.71,4.5,4.67,4.53,0.14,3.09,78419.13,36437.9567
000573.SZ,20111104,4.51,4.56,4.48,4.53,4.51,0.02,0.44,26446.27,11962.6861
000573.SZ,20111103,4.53,4.65,4.5,4.51,4.52,-0.01,-0.22,52374.13,23981.2953
000573.SZ,20111102,4.45,4.53,4.4,4.52,4.49,0.03,0.67,27342.73,12169.0172
000573.SZ,20111101,4.5,4.54,4.46,4.49,4.52,-0.03,-0.66,21170.0,9555.298
000573.SZ,20111031,4.46,4.57,4.43,4.52,4.46,0.06,1.35,50040.52,22648.3041
000573.SZ,20111028,4.42,4.52,4.41,4.46,4.37,0.09,2.06,24182.75,10807.4207
000573.SZ,20111027,4.41,4.45,4.36,4.37,4.42,-0.05,-1.13,13113.58,5787.0399
000573.SZ,20111026,4.36,4.48,4.36,4.42,4.39,0.03,0.68,16368.4,7255.6741
000573.SZ,20111025,4.34,4.4,4.29,4.39,4.28,0.11,2.57,13573.49,5906.8931
000573.SZ,20111024,4.23,4.32,4.16,4.28,4.22,0.06,1.42,13059.07,5545.3045
000573.SZ,20111021,4.27,4.33,4.17,4.22,4.27,-0.05,-1.17,19260.71,8141.0372
000573.SZ,20111020,4.42,4.46,4.26,4.27,4.44,-0.17,-3.83,21637.22,9378.7188
000573.SZ,20111019,4.41,4.51,4.41,4.44,4.42,0.02,0.45,25636.88,11462.6546
000573.SZ,20111018,4.55,4.56,4.41,4.42,4.57,-0.15,-3.28,30631.79,13766.9287
000573.SZ,20111017,4.49,4.61,4.45,4.57,4.49,0.08,1.78,54529.27,24865.2877
000573.SZ,20111014,4.49,4.53,4.41,4.49,4.49,0.0,0.0,18360.32,8191.8628
000573.SZ,20111013,4.48,4.53,4.45,4.49,4.48,0.01,0.22,25276.18,11345.9517
000573.SZ,20111012,4.34,4.5,4.34,4.48,4.35,0.13,2.99,29566.99,13189.3146
000573.SZ,20111011,4.43,4.49,4.31,4.35,4.38,-0.03,-0.68,20365.33,8966.6708
000573.SZ,20111010,4.29,4.45,4.29,4.38,4.28,0.1,2.34,32358.04,14205.0219
000573.SZ,20110930,4.28,4.35,4.28,4.28,4.29,-0.01,-0.23,12344.55,5317.1662
000573.SZ,20110929,4.37,4.4,4.28,4.29,4.4,-0.11,-2.5,25836.07,11204.6562
000573.SZ,20110928,4.38,4.53,4.38,4.4,4.41,-0.01,-0.23,64494.9,28752.6816
000573.SZ,20110927,4.24,4.43,4.24,4.41,4.24,0.17,4.01,72362.87,31557.5066
000573.SZ,20110926,4.13,4.28,4.12,4.24,4.15,0.09,2.17,47852.67,20292.009
000573.SZ,20110923,4.17,4.2,4.09,4.15,4.17,-0.02,-0.48,21380.53,8845.3974
000573.SZ,20110922,4.26,4.3,4.16,4.17,4.33,-0.16,-3.7,31836.25,13474.9661
000573.SZ,20110921,4.21,4.34,4.16,4.33,4.21,0.12,2.85,26816.46,11458.5846
000573.SZ,20110920,4.22,4.27,4.12,4.21,4.22,-0.01,-0.24,17000.56,7137.0093
000573.SZ,20110919,4.3,4.34,4.21,4.22,4.33,-0.11,-2.54,16008.01,6822.9986
000573.SZ,20110916,4.34,4.41,4.32,4.33,4.33,0.0,0.0,19002.03,8295.3191
000573.SZ,20110915,4.31,4.35,4.29,4.33,4.3,0.03,0.7,16529.45,7138.8409
000573.SZ,20110914,4.29,4.32,4.21,4.3,4.27,0.03,0.7,17101.97,7295.9129
000573.SZ,20110913,4.25,4.29,4.19,4.27,4.27,0.0,0.0,21123.63,8963.2201
000573.SZ,20110909,4.29,4.36,4.26,4.27,4.29,-0.02,-0.47,19640.13,8454.4702
000573.SZ,20110908,4.43,4.43,4.29,4.29,4.38,-0.09,-2.05,22585.7,9846.2935
000573.SZ,20110907,4.34,4.4,4.31,4.38,4.31,0.07,1.62,17912.82,7801.6669
000573.SZ,20110906,4.28,4.34,4.23,4.31,4.31,0.0,0.0,15214.38,6552.9741
000573.SZ,20110905,4.45,4.48,4.26,4.31,4.48,-0.17,-3.79,42649.77,18594.5062
000573.SZ,20110902,4.48,4.51,4.45,4.48,4.49,-0.01,-0.22,14668.44,6561.6873
000573.SZ,20110901,4.55,4.56,4.48,4.49,4.52,-0.03,-0.66,16673.59,7531.7732
000573.SZ,20110831,4.55,4.58,4.44,4.52,4.55,-0.03,-0.66,33181.48,14968.2034
000573.SZ,20110830,4.66,4.71,4.55,4.55,4.64,-0.09,-1.94,31348.8,14547.9534
000573.SZ,20110829,4.7,4.7,4.63,4.64,4.72,-0.08,-1.69,20925.71,9756.4159
000573.SZ,20110826,4.67,4.74,4.63,4.72,4.69,0.03,0.64,36607.2,17179.4962
000573.SZ,20110825,4.6,4.69,4.54,4.69,4.59,0.1,2.18,48378.9,22401.5282
000573.SZ,20110824,4.67,4.69,4.58,4.59,4.67,-0.08,-1.71,28625.81,13266.1481
000573.SZ,20110823,4.63,4.69,4.57,4.67,4.57,0.1,2.19,25203.0,11716.1468
000573.SZ,20110822,4.56,4.65,4.54,4.57,4.57,0.0,0.0,22048.13,10124.0728
000573.SZ,20110819,4.56,4.61,4.52,4.57,4.64,-0.07,-1.51,32492.15,14829.9215
000573.SZ,20110818,4.76,4.79,4.63,4.64,4.76,-0.12,-2.52,43559.35,20542.6106
000573.SZ,20110817,4.78,4.81,4.72,4.76,4.8,-0.04,-0.83,31825.3,15186.6856
000573.SZ,20110816,4.75,4.82,4.68,4.8,4.73,0.07,1.48,51697.56,24581.0918
000573.SZ,20110815,4.66,4.77,4.63,4.73,4.69,0.04,0.85,50207.0,23738.4585
000573.SZ,20110812,4.65,4.73,4.61,4.69,4.63,0.06,1.3,49225.29,22977.0794
000573.SZ,20110811,4.41,4.65,4.38,4.63,4.5,0.13,2.89,58315.78,26442.9324
000573.SZ,20110810,4.55,4.64,4.48,4.5,4.49,0.01,0.22,55320.64,25272.2984
000573.SZ,20110809,4.44,4.53,4.3,4.49,4.51,-0.02,-0.44,53177.04,23605.3457
000573.SZ,20110808,4.77,4.77,4.4,4.51,4.79,-0.28,-5.85,69151.31,31756.8927
000573.SZ,20110805,4.8,4.87,4.75,4.79,4.96,-0.17,-3.43,61105.5,29378.327
000573.SZ,20110804,4.92,5.02,4.92,4.96,4.93,0.03,0.61,37774.34,18813.1912
000573.SZ,20110803,4.95,5.01,4.92,4.93,4.95,-0.02,-0.4,57627.36,28642.1593
000573.SZ,20110802,4.84,4.95,4.81,4.95,4.86,0.09,1.85,71775.63,35138.5362
000573.SZ,20110801,4.75,4.88,4.72,4.86,4.76,0.1,2.1,54527.42,26392.2091
000573.SZ,20110729,4.79,4.81,4.74,4.76,4.78,-0.02,-0.42,35379.82,16904.3476
000573.SZ,20110728,4.82,4.84,4.73,4.78,4.86,-0.08,-1.65,51924.74,24778.1505
000573.SZ,20110727,4.84,4.87,4.78,4.86,4.83,0.03,0.62,53934.1,26064.3083
000573.SZ,20110726,4.82,4.88,4.78,4.83,4.8,0.03,0.63,40787.42,19676.8481
000573.SZ,20110725,4.96,5.04,4.75,4.8,4.96,-0.16,-3.23,80982.55,39708.7224
000573.SZ,20110722,4.94,5.03,4.93,4.96,4.91,0.05,1.02,42851.17,21320.8237
000573.SZ,20110721,5.05,5.06,4.91,4.91,5.06,-0.15,-2.96,54365.75,27116.4932
000573.SZ,20110720,5.08,5.1,4.95,5.06,5.05,0.01,0.2,74891.15,37589.1366
000573.SZ,20110719,5.13,5.14,5.03,5.05,5.15,-0.1,-1.94,68951.33,35019.2261
000573.SZ,20110718,5.17,5.27,5.13,5.15,5.18,-0.03,-0.58,75884.93,39404.0043
000573.SZ,20110715,5.16,5.18,5.09,5.18,5.16,0.02,0.39,68075.84,34938.1586
000573.SZ,20110714,5.18,5.19,5.09,5.16,5.15,0.01,0.19,68213.63,35116.3524
000573.SZ,20110713,5.07,5.16,5.06,5.15,5.07,0.08,1.58,71461.99,36626.3195
000573.SZ,20110712,5.15,5.17,5.06,5.07,5.18,-0.11,-2.12,76419.14,38907.4197
000573.SZ,20110711,5.08,5.21,5.06,5.18,5.08,0.1,1.97,77471.24,39915.9869
000573.SZ,20110708,5.25,5.26,5.08,5.08,5.28,-0.2,-3.79,168894.46,86792.8538
000573.SZ,20110707,5.28,5.48,5.26,5.28,5.3,-0.02,-0.38,237343.44,127570.9939
000573.SZ,20110706,5.23,5.32,5.2,5.3,5.24,0.06,1.15,122552.3,64539.9072
000573.SZ,20110705,5.26,5.35,5.18,5.24,5.26,-0.02,-0.38,170793.22,89725.8942
000573.SZ,20110704,5.3,5.4,5.23,5.26,5.29,-0.03,-0.57,204167.29,108253.6456
000573.SZ,20110701,5.25,5.35,5.18,5.29,5.25,0.04,0.76,203118.57,107222.3497
000573.SZ,20110630,5.21,5.31,5.13,5.25,5.29,-0.04,-0.76,285239.25,148732.4003
000573.SZ,20110629,4.87,5.36,4.84,5.29,4.87,0.42,8.62,601894.86,319023.7252
000573.SZ,20110628,4.92,4.93,4.82,4.87,4.89,-0.02,-0.41,53141.15,25914.5928
000573.SZ,20110627,4.88,4.98,4.86,4.89,4.88,0.01,0.2,86255.61,42468.5981
000573.SZ,20110624,4.89,4.95,4.85,4.88,4.88,0.0,0.0,91703.7,44962.506
000573.SZ,20110623,4.78,4.88,4.73,4.88,4.79,0.09,1.88,72980.7,35262.3244
000573.SZ,20110622,4.76,4.87,4.72,4.79,4.72,0.07,1.48,55350.16,26636.8647
000573.SZ,20110621,4.65,4.73,4.63,4.72,4.66,0.06,1.29,29642.51,13888.0009
000573.SZ,20110620,4.59,4.68,4.57,4.66,4.59,0.07,1.53,29618.11,13746.8994
000573.SZ,20110617,4.61,4.74,4.59,4.59,4.67,-0.08,-1.71,28899.5,13466.1006
000573.SZ,20110616,4.72,4.78,4.63,4.67,4.8,-0.13,-2.71,44713.86,21029.9044
000573.SZ,20110615,4.86,4.98,4.79,4.8,4.87,-0.07,-1.44,73956.17,36073.7523
000573.SZ,20110614,4.86,4.96,4.82,4.87,4.77,0.1,2.1,94955.73,46611.9342
000573.SZ,20110613,4.65,4.79,4.55,4.77,4.69,0.08,1.71,43915.97,20693.2825
000573.SZ,20110610,4.53,4.7,4.48,4.69,4.58,0.11,2.4,48667.52,22482.5869
000573.SZ,20110609,4.69,4.71,4.57,4.58,4.77,-0.19,-3.98,54091.72,25060.833
000573.SZ,20110608,4.68,4.87,4.61,4.77,4.51,0.26,5.77,82103.78,38911.2049
000573.SZ,20110607,4.45,4.52,4.42,4.51,4.45,0.06,1.35,14753.65,6617.7986
000573.SZ,20110603,4.39,4.53,4.36,4.45,4.41,0.04,0.91,24869.38,11110.9928
000573.SZ,20110602,4.44,4.47,4.27,4.41,4.49,-0.08,-1.78,37238.75,16277.8576
000573.SZ,20110601,4.46,4.52,4.4,4.49,4.45,0.04,0.9,23379.0,10463.8385
000573.SZ,20110531,4.33,4.47,4.32,4.45,4.34,0.11,2.53,31412.95,13817.1523
000573.SZ,20110530,4.52,4.56,4.3,4.34,4.52,-0.18,-3.98,41914.33,18710.6106
000573.SZ,20110527,4.74,4.75,4.52,4.52,4.76,-0.24,-5.04,59968.54,27762.2872
000573.SZ,20110526,4.75,4.87,4.74,4.76,4.74,0.02,0.42,40283.01,19367.9336
000573.SZ,20110525,4.77,4.84,4.71,4.74,4.77,-0.03,-0.63,37263.1,17828.9304
000573.SZ,20110524,4.72,4.78,4.65,4.77,4.74,0.03,0.63,37023.32,17526.895
000573.SZ,20110523,4.91,4.96,4.71,4.74,4.92,-0.18,-3.66,61213.02,29442.2882
000573.SZ,20110519,5.08,5.11,4.91,4.92,5.1,-0.18,-3.53,77941.13,38914.056
000573.SZ,20110518,5.13,5.15,5.04,5.1,5.14,-0.04,-0.78,73264.08,37155.6158
000573.SZ,20110517,5.0,5.19,4.98,5.14,5.01,0.13,2.59,138817.47,71006.8956
000573.SZ,20110516,5.01,5.07,4.97,5.01,5.01,0.0,0.0,71093.01,35715.5487
000573.SZ,20110513,4.84,5.04,4.84,5.01,4.87,0.14,2.87,86730.61,43167.2986
000573.SZ,20110512,4.87,5.04,4.86,4.87,4.9,-0.03,-0.61,85428.95,42194.86
000573.SZ,20110511,4.81,4.93,4.78,4.9,4.85,0.05,1.03,50371.86,24508.3979
000573.SZ,20110510,4.79,4.85,4.74,4.85,4.78,0.07,1.46,32051.71,15361.4086
000573.SZ,20110509,4.76,4.83,4.75,4.78,4.75,0.03,0.63,30890.58,14817.9322
000573.SZ,20110506,4.7,4.78,4.68,4.75,4.73,0.02,0.42,27726.87,13141.3719
000573.SZ,20110505,4.72,4.79,4.68,4.73,4.67,0.06,1.28,37087.8,17605.9758
000573.SZ,20110504,4.78,4.83,4.67,4.67,4.81,-0.14,-2.91,41083.28,19447.6718
000573.SZ,20110503,4.77,4.82,4.69,4.81,4.71,0.1,2.12,34186.56,16275.3489
000573.SZ,20110429,4.62,4.72,4.61,4.71,4.64,0.07,1.51,30240.31,14118.8745
000573.SZ,20110428,4.79,4.85,4.63,4.64,4.8,-0.16,-3.33,53663.23,25434.2618
000573.SZ,20110427,4.88,4.95,4.75,4.8,4.88,-0.08,-1.64,56645.05,27496.7545
000573.SZ,20110426,4.9,4.96,4.85,4.88,4.93,-0.05,-1.01,53946.91,26416.5576
000573.SZ,20110425,5.1,5.11,4.92,4.93,5.12,-0.19,-3.71,94758.36,47242.1643
000573.SZ,20110422,5.2,5.32,5.1,5.12,5.15,-0.03,-0.58,178028.64,92849.4646
000573.SZ,20110421,5.12,5.18,5.06,5.15,5.12,0.03,0.59,132919.42,68092.0676
000573.SZ,20110420,4.91,5.14,4.9,5.12,4.91,0.21,4.28,167951.55,85189.6839
000573.SZ,20110419,5.0,5.0,4.88,4.91,5.01,-0.1,-2.0,86035.44,42476.5337
000573.SZ,20110418,4.96,5.04,4.93,5.01,4.97,0.04,0.8,94391.39,47108.2845
000573.SZ,20110415,4.95,5.03,4.85,4.97,4.99,-0.02,-0.4,82697.67,40795.3637
000573.SZ,20110414,4.86,5.07,4.85,4.99,4.88,0.11,2.25,167515.88,83837.35
000573.SZ,20110413,4.81,4.88,4.76,4.88,4.85,0.03,0.62,55263.83,26693.0283
000573.SZ,20110412,4.77,4.86,4.75,4.85,4.78,0.07,1.46,55711.25,26812.7959
000573.SZ,20110411,4.86,4.88,4.75,4.78,4.86,-0.08,-1.65,66417.78,31783.63
000573.SZ,20110408,4.85,4.91,4.82,4.86,4.85,0.01,0.21,44896.26,21821.1232
000573.SZ,20110407,4.84,4.89,4.8,4.85,4.84,0.01,0.21,47856.81,23193.0917
000573.SZ,20110406,4.73,4.86,4.71,4.84,4.76,0.08,1.68,57656.66,27661.9273
000573.SZ,20110401,4.81,4.88,4.66,4.76,4.86,-0.1,-2.06,95205.53,45148.2504
000573.SZ,20110331,4.96,5.07,4.85,4.86,4.87,-0.01,-0.21,154081.85,76313.2751
000573.SZ,20110330,4.81,4.98,4.81,4.87,4.84,0.03,0.62,117934.79,57892.6779
000573.SZ,20110329,4.8,5.0,4.74,4.84,4.8,0.04,0.83,120098.5,58698.4978
000573.SZ,20110328,4.8,4.86,4.76,4.8,4.8,0.0,0.0,71852.39,34543.0644
000573.SZ,20110325,4.69,4.83,4.67,4.8,4.69,0.11,2.35,94555.15,44975.4245
000573.SZ,20110324,4.69,4.73,4.65,4.69,4.69,0.0,0.0,35451.06,16615.5053
000573.SZ,20110323,4.58,4.71,4.56,4.69,4.58,0.11,2.4,47303.45,22069.5526
000573.SZ,20110322,4.58,4.6,4.52,4.58,4.56,0.02,0.44,28964.2,13222.4225
000573.SZ,20110321,4.63,4.65,4.55,4.56,4.64,-0.08,-1.72,46180.1,21165.9184
000573.SZ,20110318,4.7,4.73,4.59,4.64,4.68,-0.04,-0.85,62990.26,29256.9808
000573.SZ,20110317,4.7,4.77,4.66,4.68,4.73,-0.05,-1.06,65190.99,30686.5898
000573.SZ,20110316,4.72,4.84,4.71,4.73,4.74,-0.01,-0.21,97783.33,46619.2198
000573.SZ,20110315,4.8,4.9,4.65,4.74,4.8,-0.06,-1.25,117179.44,55874.009
000573.SZ,20110314,4.66,4.8,4.64,4.8,4.7,0.1,2.13,86923.18,41276.4778
000573.SZ,20110311,4.63,4.81,4.61,4.7,4.69,0.01,0.21,106794.92,50641.2076
000573.SZ,20110310,4.69,4.7,4.59,4.69,4.7,-0.01,-0.21,57540.14,26738.7846
000573.SZ,20110309,4.63,4.73,4.63,4.7,4.67,0.03,0.64,56969.51,26688.0759
000573.SZ,20110308,4.66,4.68,4.59,4.67,4.67,0.0,0.0,59600.04,27575.6339
000573.SZ,20110307,4.66,4.7,4.59,4.67,4.66,0.01,0.21,74681.33,34694.8311
000573.SZ,20110304,4.59,4.69,4.58,4.66,4.58,0.08,1.75,52792.35,24431.798
000573.SZ,20110303,4.66,4.75,4.53,4.58,4.67,-0.09,-1.93,80539.37,37290.4543
000573.SZ,20110302,4.68,4.72,4.57,4.67,4.72,-0.05,-1.06,83785.19,38856.3938
000573.SZ,20110301,4.78,4.8,4.66,4.72,4.79,-0.07,-1.46,98061.96,46228.062
000573.SZ,20110228,4.65,4.87,4.59,4.79,4.67,0.12,2.57,151889.44,72632.5042
000573.SZ,20110225,4.65,4.73,4.58,4.67,4.66,0.01,0.21,104710.42,48654.631
000573.SZ,20110224,4.66,4.76,4.61,4.66,4.71,-0.05,-1.06,165636.02,77563.2895
000573.SZ,20110223,4.44,4.79,4.38,4.71,4.47,0.24,5.37,312005.05,144821.2909
000573.SZ,20110222,4.46,4.55,4.34,4.47,4.46,0.01,0.22,332080.21,147831.3865
000573.SZ,20110221,4.03,4.46,4.02,4.46,4.05,0.41,10.12,489723.48,212141.8029
000573.SZ,20110218,4.05,4.08,4.01,4.05,4.05,0.0,0.0,53969.86,21850.6859
000573.SZ,20110217,4.04,4.09,4.01,4.05,4.04,0.01,0.25,56109.1,22722.4327
000573.SZ,20110216,4.0,4.04,3.98,4.04,4.0,0.04,1.0,46697.06,18761.1803
000573.SZ,20110215,4.05,4.05,4.0,4.0,4.04,-0.04,-0.99,46842.43,18856.1119
000573.SZ,20110214,3.99,4.05,3.98,4.04,3.99,0.05,1.25,60378.82,24304.2752
000573.SZ,20110211,3.89,4.01,3.89,3.99,3.91,0.08,2.05,51970.17,20596.2526
000573.SZ,20110210,3.82,3.91,3.82,3.91,3.83,0.08,2.09,35424.77,13732.5177
000573.SZ,20110209,3.85,3.86,3.8,3.83,3.87,-0.04,-1.03,25710.1,9855.1515
000573.SZ,20110201,3.84,3.88,3.83,3.87,3.86,0.01,0.26,20578.25,7936.7258
000573.SZ,20110131,3.83,3.86,3.81,3.86,3.83,0.03,0.78,23627.28,9073.86
000573.SZ,20110128,3.81,3.85,3.81,3.83,3.81,0.02,0.52,24189.6,9259.7414
000573.SZ,20110127,3.76,3.82,3.76,3.81,3.81,0.0,0.0,32067.99,12175.064
000573.SZ,20110126,3.75,3.82,3.75,3.81,3.75,0.06,1.6,19632.21,7431.9715
000573.SZ,20110125,3.78,3.78,3.73,3.75,3.78,-0.03,-0.79,17941.84,6731.3594
000573.SZ,20110124,3.78,3.83,3.77,3.78,3.81,-0.03,-0.79,22861.66,8678.0095
000573.SZ,20110121,3.76,3.87,3.75,3.81,3.76,0.05,1.33,27825.05,10599.4717
000573.SZ,20110120,3.88,3.9,3.75,3.76,3.9,-0.14,-3.59,32969.15,12580.204
000573.SZ,20110119,3.85,3.9,3.82,3.9,3.85,0.05,1.3,23121.01,8942.7837
000573.SZ,20110118,3.83,3.86,3.8,3.85,3.83,0.02,0.52,20681.27,7926.2009
000573.SZ,20110117,3.97,4.0,3.81,3.83,3.96,-0.13,-3.28,44607.86,17469.1313
000573.SZ,20110114,4.02,4.02,3.94,3.96,4.01,-0.05,-1.25,26657.89,10577.6431
000573.SZ,20110113,4.05,4.06,4.0,4.01,4.05,-0.04,-0.99,30771.5,12396.4616
000573.SZ,20110112,3.99,4.1,3.98,4.05,3.99,0.06,1.5,63412.52,25694.2328
000573.SZ,20110111,3.97,4.01,3.92,3.99,3.96,0.03,0.76,30967.14,12283.1628
000573.SZ,20110110,4.03,4.07,3.94,3.96,4.03,-0.07,-1.74,35275.2,14181.9592
000573.SZ,20110107,4.02,4.09,4.0,4.03,4.01,0.02,0.5,51250.98,20730.1989
000573.SZ,20110106,4.01,4.04,3.98,4.01,3.99,0.02,0.5,41043.65,16456.8338
000573.SZ,20110105,4.0,4.02,3.96,3.99,4.01,-0.02,-0.5,40877.91,16290.3995
000573.SZ,20110104,3.96,4.04,3.94,4.01,3.94,0.07,1.78,60422.48,24188.5018
000573.SZ,20101231,3.86,3.95,3.86,3.94,3.88,0.06,1.55,31876.0,12495.8023
000573.SZ,20101230,3.91,3.92,3.84,3.88,3.92,-0.04,-1.02,29995.49,11629.6537
000573.SZ,20101229,3.88,3.95,3.88,3.92,3.87,0.05,1.29,31575.09,12366.6035
000573.SZ,20101228,4.02,4.02,3.87,3.87,4.04,-0.17,-4.21,51466.51,20230.3236
000573.SZ,20101227,4.11,4.19,4.02,4.04,4.11,-0.07,-1.7,48451.08,19947.1441
000573.SZ,20101224,4.14,4.18,4.08,4.11,4.09,0.02,0.49,58636.29,24303.5018
000573.SZ,20101223,4.13,4.15,4.09,4.09,4.14,-0.05,-1.21,41264.93,16993.2595
000573.SZ,20101222,4.18,4.22,4.13,4.14,4.2,-0.06,-1.43,56924.82,23744.3143
000573.SZ,20101221,4.11,4.24,4.08,4.2,4.09,0.11,2.69,103019.16,42888.6514
000573.SZ,20101220,4.18,4.22,4.05,4.09,4.18,-0.09,-2.15,59019.25,24315.4621
000573.SZ,20101217,4.21,4.22,4.15,4.18,4.2,-0.02,-0.48,29286.9,12235.7398
000573.SZ,20101216,4.19,4.24,4.18,4.2,4.19,0.01,0.24,40411.57,17014.2889
000573.SZ,20101215,4.23,4.26,4.18,4.19,4.22,-0.03,-0.71,50193.06,21176.297
000573.SZ,20101214,4.21,4.23,4.16,4.22,4.19,0.03,0.72,54830.41,22976.0414
000573.SZ,20101213,4.1,4.24,4.1,4.19,4.08,0.11,2.7,71325.06,29656.891
000573.SZ,20101210,4.07,4.11,4.05,4.08,4.08,0.0,0.0,25381.86,10363.7132
000573.SZ,20101209,4.15,4.15,4.07,4.08,4.15,-0.07,-1.69,40432.66,16572.9757
000573.SZ,20101208,4.16,4.18,4.13,4.15,4.17,-0.02,-0.48,32073.89,13343.933
000573.SZ,20101207,4.12,4.19,4.07,4.17,4.12,0.05,1.21,44095.02,18286.4966
000573.SZ,20101206,4.2,4.2,4.1,4.12,4.18,-0.06,-1.44,31008.72,12843.596
000573.SZ,20101203,4.16,4.21,4.14,4.18,4.16,0.02,0.48,41493.4,17319.6056
000573.SZ,20101202,4.21,4.22,4.15,4.16,4.15,0.01,0.24,47735.75,19970.0295
000573.SZ,20101201,4.12,4.18,4.09,4.15,4.14,0.01,0.24,33168.93,13740.046
000573.SZ,20101130,4.26,4.3,4.06,4.14,4.27,-0.13,-3.04,73763.95,30697.8225
000573.SZ,20101129,4.25,4.3,4.2,4.27,4.25,0.02,0.47,54467.63,23121.0583
000573.SZ,20101126,4.31,4.33,4.23,4.25,4.33,-0.08,-1.85,55846.12,23827.7319
000573.SZ,20101125,4.23,4.34,4.22,4.33,4.23,0.1,2.36,78625.61,33726.9322
000573.SZ,20101124,4.16,4.25,4.13,4.23,4.19,0.04,0.95,53153.64,22370.6483
000573.SZ,20101123,4.32,4.33,4.14,4.19,4.34,-0.15,-3.46,64589.0,27250.9639
000573.SZ,20101122,4.28,4.36,4.25,4.34,4.32,0.02,0.46,68530.53,29601.7506
000573.SZ,20101119,4.32,4.34,4.2,4.32,4.31,0.01,0.23,70325.21,30102.2734
000573.SZ,20101118,4.32,4.36,4.24,4.31,4.3,0.01,0.23,52606.72,22655.3794
000573.SZ,20101117,4.36,4.42,4.28,4.3,4.36,-0.06,-1.38,60820.97,26498.038
000573.SZ,20101116,4.59,4.59,4.34,4.36,4.59,-0.23,-5.01,105025.52,46889.5165
000573.SZ,20101115,4.57,4.6,4.5,4.59,4.52,0.07,1.55,77553.67,35268.9943
000573.SZ,20101112,4.88,4.94,4.49,4.52,4.9,-0.38,-7.76,198162.62,92974.2077
000573.SZ,20101111,4.84,5.05,4.84,4.9,4.87,0.03,0.62,279310.69,138540.7056
000573.SZ,20101110,4.91,4.91,4.84,4.87,4.93,-0.06,-1.22,112574.35,54883.4395
000573.SZ,20101109,4.95,4.95,4.86,4.93,4.95,-0.02,-0.4,156509.01,76675.0345
000573.SZ,20101108,4.91,4.96,4.87,4.95,4.9,0.05,1.02,231182.04,113639.5714
000573.SZ,20101105,4.82,4.9,4.78,4.9,4.8,0.1,2.08,190635.98,92323.9687
000573.SZ,20101104,4.74,4.82,4.72,4.8,4.74,0.06,1.27,106950.65,51058.7694
000573.SZ,20101103,4.88,4.88,4.73,4.74,4.87,-0.13,-2.67,125356.69,60319.6739
000573.SZ,20101102,4.82,4.91,4.8,4.87,4.82,0.05,1.04,192430.89,93304.6145
000573.SZ,20101101,4.76,4.85,4.75,4.82,4.76,0.06,1.26,132179.88,63628.796
000573.SZ,20101029,4.8,4.81,4.68,4.76,4.78,-0.02,-0.42,104183.46,49445.8389
000573.SZ,20101028,4.81,4.86,4.76,4.78,4.82,-0.04,-0.83,115180.23,55319.3599
000573.SZ,20101027,4.91,5.0,4.81,4.82,4.89,-0.07,-1.43,196259.42,96168.0519
000573.SZ,20101026,5.0,5.04,4.86,4.89,4.88,0.01,0.2,275976.24,136088.0423
000573.SZ,20101025,4.76,4.92,4.72,4.88,4.7,0.18,3.83,289845.02,140588.4738
000573.SZ,20101022,4.68,4.72,4.63,4.7,4.66,0.04,0.86,95897.85,44961.0054
000573.SZ,20101021,4.68,4.74,4.6,4.66,4.7,-0.04,-0.85,95929.17,44718.3772
000573.SZ,20101020,4.72,4.81,4.59,4.7,4.82,-0.12,-2.49,168462.52,79171.0937
000573.SZ,20101019,4.76,4.82,4.69,4.82,4.76,0.06,1.26,132967.12,63266.2897
000573.SZ,20101018,4.7,4.88,4.64,4.76,4.69,0.07,1.49,201664.29,95829.875
000573.SZ,20101014,4.85,4.88,4.67,4.69,4.85,-0.16,-3.3,213116.88,101493.0335
000573.SZ,20101013,4.97,5.08,4.83,4.85,4.78,0.07,1.46,461141.43,227154.0418
000573.SZ,20101012,4.6,4.85,4.58,4.78,4.62,0.16,3.46,221689.98,104507.9452
000573.SZ,20101011,4.56,4.68,4.56,4.62,4.55,0.07,1.54,163179.48,75545.2437
000573.SZ,20101008,4.46,4.59,4.43,4.55,4.46,0.09,2.02,124939.17,56712.2981
000573.SZ,20100930,4.38,4.49,4.34,4.46,4.4,0.06,1.36,76658.05,33980.9338
000573.SZ,20100929,4.41,4.48,4.4,4.4,4.43,-0.03,-0.68,62037.13,27492.9348
000573.SZ,20100928,4.48,4.5,4.41,4.43,4.48,-0.05,-1.12,62898.79,28038.312
000573.SZ,20100927,4.42,4.49,4.4,4.48,4.42,0.06,1.36,59402.17,26487.4955
000573.SZ,20100921,4.39,4.45,4.38,4.42,4.39,0.03,0.68,44255.18,19533.976
000573.SZ,20100920,4.48,4.51,4.39,4.39,4.48,-0.09,-2.01,75399.28,33485.6401
000573.SZ,20100917,4.49,4.54,4.42,4.48,4.48,0.0,0.0,81630.27,36633.7441
000573.SZ,20100916,4.64,4.72,4.36,4.48,4.71,-0.23,-4.88,154447.82,69771.7269
000573.SZ,20100915,4.83,4.94,4.69,4.71,4.73,-0.02,-0.42,230600.77,110076.1793
000573.SZ,20100914,4.91,4.93,4.71,4.73,4.85,-0.12,-2.47,211878.4,101312.5276
000573.SZ,20100913,4.65,4.98,4.64,4.85,4.64,0.21,4.53,336863.43,163378.8979
000573.SZ,20100910,4.61,4.66,4.5,4.64,4.62,0.02,0.43,165153.64,75939.5336
000573.SZ,20100909,4.58,4.64,4.5,4.62,4.57,0.05,1.09,208506.57,95500.3817
000573.SZ,20100908,4.53,4.59,4.5,4.57,4.55,0.02,0.44,97360.5,44242.1498
000573.SZ,20100907,4.56,4.59,4.5,4.55,4.55,0.0,0.0,115287.02,52381.3074
000573.SZ,20100906,4.46,4.58,4.45,4.55,4.46,0.09,2.02,157837.84,71540.8844
000573.SZ,20100903,4.45,4.47,4.4,4.46,4.43,0.03,0.68,82227.57,36524.9855
000573.SZ,20100902,4.46,4.48,4.4,4.43,4.43,0.0,0.0,110032.17,48701.7574
000573.SZ,20100901,4.47,4.52,4.41,4.43,4.47,-0.04,-0.89,106888.12,47667.8833
000573.SZ,20100831,4.46,4.51,4.43,4.47,4.47,0.0,0.0,87492.97,39033.217
000573.SZ,20100830,4.43,4.49,4.39,4.47,4.42,0.05,1.13,98199.64,43681.5524
000573.SZ,20100827,4.44,4.45,4.38,4.42,4.44,-0.02,-0.45,43429.48,19144.8671
000573.SZ,20100826,4.42,4.47,4.4,4.44,4.39,0.05,1.14,75093.47,33317.8622
000573.SZ,20100825,4.58,4.63,4.39,4.39,4.59,-0.2,-4.36,152845.97,68613.2676
000573.SZ,20100824,4.57,4.64,4.51,4.59,4.55,0.04,0.88,110126.75,50513.9682
000573.SZ,20100823,4.54,4.63,4.52,4.55,4.55,0.0,0.0,98484.7,44986.186
000573.SZ,20100820,4.68,4.7,4.51,4.55,4.67,-0.12,-2.57,146683.4,67530.9273
000573.SZ,20100819,4.66,4.73,4.63,4.67,4.66,0.01,0.21,173951.43,81353.8582
000573.SZ,20100818,4.58,4.68,4.54,4.66,4.59,0.07,1.53,186649.52,86167.5083
000573.SZ,20100817,4.55,4.64,4.54,4.59,4.57,0.02,0.44,126113.83,57959.5984
000573.SZ,20100816,4.5,4.59,4.46,4.57,4.5,0.07,1.56,151348.22,68822.7958
000573.SZ,20100813,4.41,4.53,4.38,4.5,4.45,0.05,1.12,86347.53,38603.182
000573.SZ,20100812,4.36,4.5,4.33,4.45,4.4,0.05,1.14,94849.75,41939.9252
000573.SZ,20100811,4.36,4.44,4.31,4.4,4.37,0.03,0.69,61779.95,27059.6133
000573.SZ,20100810,4.55,4.58,4.36,4.37,4.56,-0.19,-4.17,97485.28,43503.9636
000573.SZ,20100809,4.46,4.57,4.44,4.56,4.48,0.08,1.79,128537.87,58219.3282
000573.SZ,20100806,4.45,4.49,4.36,4.48,4.46,0.02,0.45,97036.39,43119.6097
000573.SZ,20100805,4.54,4.54,4.41,4.46,4.54,-0.08,-1.76,94612.03,42424.2765
000573.SZ,20100804,4.44,4.55,4.4,4.54,4.46,0.08,1.79,128739.1,57694.417
000573.SZ,20100803,4.54,4.57,4.42,4.46,4.54,-0.08,-1.76,150995.8,68041.9992
000573.SZ,20100802,4.48,4.55,4.46,4.54,4.47,0.07,1.57,124110.5,55992.4195
000573.SZ,20100730,4.43,4.48,4.42,4.47,4.48,-0.01,-0.22,92726.55,41338.396
000573.SZ,20100729,4.42,4.5,4.38,4.48,4.43,0.05,1.13,161266.14,71543.3016
000573.SZ,20100728,4.3,4.48,4.26,4.43,4.33,0.1,2.31,179644.02,79046.5742
000573.SZ,20100727,4.33,4.39,4.28,4.33,4.33,0.0,0.0,94574.09,41108.9742
000573.SZ,20100726,4.29,4.34,4.27,4.33,4.29,0.04,0.93,109756.55,47269.5905
000573.SZ,20100723,4.32,4.36,4.25,4.29,4.31,-0.02,-0.46,125791.27,53990.4408
000573.SZ,20100722,4.28,4.38,4.27,4.31,4.26,0.05,1.17,193685.43,83645.6016
000573.SZ,20100721,4.23,4.37,4.22,4.26,4.25,0.01,0.24,148533.79,63679.0111
000573.SZ,20100720,4.08,4.39,4.07,4.25,4.09,0.16,3.91,138190.86,58275.0915
000573.SZ,20100719,3.96,4.1,3.95,4.09,4.0,0.09,2.25,44581.33,18107.1183
000573.SZ,20100716,4.0,4.01,3.91,4.0,4.0,0.0,0.0,35614.91,14116.0125
000573.SZ,20100715,4.05,4.1,4.0,4.0,4.08,-0.08,-1.96,42657.84,17252.393
000573.SZ,20100714,4.02,4.12,4.01,4.08,4.02,0.06,1.49,39506.45,16077.8959
000573.SZ,20100713,4.1,4.11,3.99,4.02,4.15,-0.13,-3.13,55455.32,22431.9444
000573.SZ,20100712,4.11,4.22,4.09,4.15,4.11,0.04,0.97,83262.29,34733.6219
000573.SZ,20100709,4.03,4.19,3.98,4.11,4.03,0.08,1.99,75190.69,30730.0088
000573.SZ,20100708,3.99,4.06,3.97,4.03,3.99,0.04,1.0,53951.73,21693.5903
000573.SZ,20100707,3.97,3.99,3.92,3.99,3.97,0.02,0.5,33151.86,13111.5868
000573.SZ,20100706,3.86,3.99,3.85,3.97,3.89,0.08,2.06,54525.15,21460.3654
000573.SZ,20100705,3.91,3.97,3.8,3.89,3.96,-0.07,-1.77,36884.87,14268.0299
000573.SZ,20100702,3.92,4.02,3.75,3.96,3.95,0.01,0.25,61242.3,23787.3527
000573.SZ,20100701,3.95,4.03,3.92,3.95,3.96,-0.01,-0.25,29783.07,11805.4472
000573.SZ,20100630,4.03,4.05,3.9,3.96,4.03,-0.07,-1.74,37561.44,14890.3235
000573.SZ,20100629,4.4,4.4,4.01,4.03,4.37,-0.34,-7.78,66890.69,27827.1262
000573.SZ,20100628,4.39,4.48,4.36,4.37,4.41,-0.04,-0.91,25444.36,11218.5235
000573.SZ,20100625,4.44,4.46,4.36,4.41,4.45,-0.04,-0.9,42408.62,18731.8919
000573.SZ,20100624,4.42,4.47,4.4,4.45,4.43,0.02,0.45,29189.24,12943.6185
000573.SZ,20100623,4.45,4.5,4.37,4.43,4.47,-0.04,-0.89,37838.7,16786.5098
000573.SZ,20100622,4.44,4.51,4.43,4.47,4.46,0.01,0.22,45605.55,20428.8947
000573.SZ,20100621,4.34,4.48,4.33,4.46,4.34,0.12,2.77,46052.78,20381.3511
000573.SZ,20100618,4.45,4.52,4.32,4.34,4.46,-0.12,-2.69,61817.76,27244.0507
000573.SZ,20100617,4.51,4.54,4.45,4.46,4.47,-0.01,-0.22,41221.49,18485.6478
000573.SZ,20100611,4.58,4.61,4.47,4.47,4.56,-0.09,-1.97,87262.54,39485.3866
000573.SZ,20100610,4.63,4.64,4.55,4.56,4.63,-0.07,-1.51,137622.96,63237.9611
000573.SZ,20100609,4.57,4.68,4.56,4.63,4.55,0.08,1.76,254752.86,117632.1892
000573.SZ,20100608,4.41,4.58,4.4,4.55,4.45,0.1,2.25,77694.03,34955.321
000573.SZ,20100607,4.5,4.57,4.33,4.45,4.63,-0.18,-3.89,146837.32,65562.066
000573.SZ,20100604,4.63,4.73,4.61,4.63,4.62,0.01,0.22,319252.95,149120.8765
000573.SZ,20100603,4.58,4.74,4.48,4.62,4.55,0.07,1.54,155142.26,71822.1249
000573.SZ,20100602,4.43,4.55,4.43,4.55,4.45,0.1,2.25,57011.86,25648.9586
000573.SZ,20100601,4.46,4.57,4.38,4.45,4.52,-0.07,-1.55,70208.67,31425.5186
000573.SZ,20100531,4.5,4.69,4.46,4.52,4.52,0.0,0.0,175582.69,80968.4481
000573.SZ,20100528,4.55,4.57,4.47,4.52,4.53,-0.01,-0.22,62180.39,28043.4807
000573.SZ,20100527,4.48,4.55,4.41,4.53,4.48,0.05,1.12,53525.27,24080.728
000573.SZ,20100526,4.49,4.56,4.4,4.48,4.51,-0.03,-0.67,50606.39,22671.2787
000573.SZ,20100525,4.54,4.58,4.46,4.51,4.62,-0.11,-2.38,84731.64,38210.4497
000573.SZ,20100524,4.5,4.7,4.48,4.62,4.47,0.15,3.36,194584.45,89982.1145
000573.SZ,20100521,4.17,4.52,4.15,4.47,4.33,0.14,3.23,125709.26,55446.8254
000573.SZ,20100520,4.32,4.45,4.23,4.33,4.36,-0.03,-0.69,49100.88,21462.3283
000573.SZ,20100519,4.41,4.47,4.32,4.36,4.49,-0.13,-2.9,57892.89,25411.7487
000573.SZ,20100518,4.21,4.58,4.08,4.49,4.33,0.16,3.7,124876.33,54151.9503
000573.SZ,20100517,4.45,4.65,4.32,4.33,4.43,-0.1,-2.26,144615.7,65246.204
000573.SZ,20100514,4.4,4.47,4.39,4.43,4.38,0.05,1.14,69150.33,30655.8191
000573.SZ,20100512,4.32,4.45,4.26,4.38,4.32,0.06,1.39,52404.48,22915.6084
000573.SZ,20100511,4.45,4.45,4.27,4.32,4.35,-0.03,-0.69,54135.86,23679.5799
000573.SZ,20100510,4.28,4.4,4.22,4.35,4.28,0.07,1.64,54536.79,23627.8143
000573.SZ,20100507,4.28,4.41,4.2,4.28,4.36,-0.08,-1.83,56453.1,24360.2483
000573.SZ,20100506,4.57,4.57,4.36,4.36,4.59,-0.23,-5.01,62618.21,27946.8148
000573.SZ,20100505,4.41,4.62,4.36,4.59,4.44,0.15,3.38,74809.98,33682.152
000573.SZ,20100504,4.45,4.51,4.43,4.44,4.55,-0.11,-2.42,41022.92,18301.9907
000573.SZ,20100430,4.63,4.66,4.41,4.55,4.62,-0.07,-1.52,69921.27,31611.3717
000573.SZ,20100429,4.71,4.77,4.61,4.62,4.7,-0.08,-1.7,51401.7,24208.2582
000573.SZ,20100428,4.67,4.8,4.63,4.7,4.7,0.0,0.0,47952.76,22571.2654
000573.SZ,20100427,4.91,4.93,4.59,4.7,4.93,-0.23,-4.67,92197.16,43409.6282
000573.SZ,20100426,4.94,4.98,4.87,4.93,4.92,0.01,0.2,48703.06,24015.8807
000573.SZ,20100423,4.94,5.03,4.91,4.92,4.96,-0.04,-0.81,55878.51,27733.1514
000573.SZ,20100422,5.03,5.05,4.93,4.96,5.04,-0.08,-1.59,71822.02,35838.3285
000573.SZ,20100421,4.89,5.05,4.89,5.04,4.91,0.13,2.65,84175.39,41900.9846
000573.SZ,20100420,4.94,5.08,4.78,4.91,4.95,-0.04,-0.81,94791.51,46405.0789
000573.SZ,20100419,5.2,5.21,4.94,4.95,5.27,-0.32,-6.07,132489.85,67484.5518
000573.SZ,20100416,5.34,5.37,5.22,5.27,5.36,-0.09,-1.68,72769.78,38428.8131
000573.SZ,20100415,5.4,5.42,5.31,5.36,5.4,-0.04,-0.74,96321.64,51553.0676
000573.SZ,20100414,5.28,5.44,5.23,5.4,5.31,0.09,1.69,147483.81,78992.8288
000573.SZ,20100413,5.33,5.38,5.21,5.31,5.34,-0.03,-0.56,116007.61,61364.9502
000573.SZ,20100412,5.41,5.45,5.27,5.34,5.45,-0.11,-2.02,150574.45,80413.9985
000573.SZ,20100409,5.35,5.47,5.35,5.45,5.35,0.1,1.87,103777.87,56161.6876
000573.SZ,20100408,5.43,5.45,5.34,5.35,5.42,-0.07,-1.29,110029.49,59349.8047
000573.SZ,20100407,5.46,5.47,5.39,5.42,5.47,-0.05,-0.91,119501.72,64852.6504
000573.SZ,20100406,5.52,5.54,5.39,5.47,5.5,-0.03,-0.55,179187.62,97667.9022
000573.SZ,20100402,5.5,5.55,5.45,5.5,5.49,0.01,0.18,160567.69,88169.4732
000573.SZ,20100401,5.43,5.53,5.39,5.49,5.43,0.06,1.11,216397.01,118682.1461
000573.SZ,20100331,5.34,5.49,5.34,5.43,5.36,0.07,1.31,237352.06,128690.9628
000573.SZ,20100330,5.42,5.42,5.34,5.36,5.41,-0.05,-0.92,135842.65,72989.1234
000573.SZ,20100329,5.36,5.44,5.32,5.41,5.29,0.12,2.27,279686.76,150563.4693
000573.SZ,20100326,5.19,5.32,5.18,5.29,5.19,0.1,1.93,70772.27,37334.8867
000573.SZ,20100325,5.33,5.33,5.19,5.19,5.34,-0.15,-2.81,95148.74,49880.9126
000573.SZ,20100324,5.29,5.38,5.27,5.34,5.29,0.05,0.95,123484.14,65741.4787
000573.SZ,20100323,5.38,5.38,5.26,5.29,5.38,-0.09,-1.67,103894.21,55185.2416
000573.SZ,20100322,5.34,5.39,5.31,5.38,5.32,0.06,1.13,165753.0,88800.5162
000573.SZ,20100319,5.31,5.38,5.26,5.32,5.31,0.01,0.19,110869.33,58962.478
000573.SZ,20100318,5.24,5.38,5.23,5.31,5.26,0.05,0.95,152431.97,81082.865
000573.SZ,20100317,5.1,5.29,5.08,5.26,5.1,0.16,3.14,84780.8,43960.4839
000573.SZ,20100316,5.04,5.1,5.02,5.1,5.04,0.06,1.19,47593.21,24076.1577
000573.SZ,20100315,5.1,5.14,5.02,5.04,5.15,-0.11,-2.14,70566.9,35710.6405
000573.SZ,20100312,5.34,5.34,5.14,5.15,5.32,-0.17,-3.2,108726.03,56736.5248
000573.SZ,20100311,5.23,5.35,5.22,5.32,5.26,0.06,1.14,124577.7,65786.2266
000573.SZ,20100310,5.35,5.37,5.22,5.26,5.37,-0.11,-2.05,102354.84,53999.8043
000573.SZ,20100309,5.28,5.43,5.21,5.37,5.3,0.07,1.32,190742.84,102021.2034
000573.SZ,20100308,5.22,5.33,5.22,5.3,5.23,0.07,1.34,112888.99,59715.6579
000573.SZ,20100305,5.2,5.29,5.11,5.23,5.14,0.09,1.75,115327.67,60025.5049
000573.SZ,20100304,5.36,5.48,5.12,5.14,5.35,-0.21,-3.93,192608.93,102682.4272
000573.SZ,20100303,5.33,5.4,5.29,5.35,5.33,0.02,0.38,142499.16,76203.8589
000573.SZ,20100302,5.27,5.36,5.23,5.33,5.27,0.06,1.14,156218.12,82843.8197
000573.SZ,20100301,5.23,5.29,5.19,5.27,5.21,0.06,1.15,103231.11,54218.2791
000573.SZ,20100226,5.26,5.29,5.2,5.21,5.29,-0.08,-1.51,128872.06,67513.4027
000573.SZ,20100225,5.18,5.34,5.16,5.29,5.19,0.1,1.93,190296.99,99861.3008
000573.SZ,20100224,5.08,5.19,5.03,5.19,5.1,0.09,1.76,130525.25,66965.9139
000573.SZ,20100223,5.01,5.12,4.93,5.1,5.01,0.09,1.8,109993.24,55274.8359
000573.SZ,20100222,4.99,5.07,4.96,5.01,5.0,0.01,0.2,72185.42,36247.8929
000573.SZ,20100212,5.01,5.02,4.93,5.0,4.99,0.01,0.2,56569.85,28230.8391
000573.SZ,20100211,5.02,5.04,4.97,4.99,5.01,-0.02,-0.4,45320.06,22670.1077
000573.SZ,20100210,5.03,5.05,4.92,5.01,5.02,-0.01,-0.2,48240.14,24102.0533
000573.SZ,20100209,4.97,5.05,4.9,5.02,5.0,0.02,0.4,55557.13,27723.8712
000573.SZ,20100208,5.01,5.07,4.95,5.0,5.01,-0.01,-0.2,60496.87,30322.1908
000573.SZ,20100205,4.92,5.13,4.89,5.01,5.05,-0.04,-0.79,121184.13,60654.5069
000573.SZ,20100204,4.94,5.18,4.82,5.05,4.95,0.1,2.02,168864.05,85118.8568
000573.SZ,20100203,4.86,4.98,4.7,4.95,4.84,0.11,2.27,101543.02,49592.999
000573.SZ,20100202,4.78,4.94,4.74,4.84,4.76,0.08,1.68,102740.66,49833.6877
000573.SZ,20100201,4.88,4.88,4.63,4.76,4.88,-0.12,-2.46,118898.82,56151.4994
000573.SZ,20100129,4.92,4.99,4.85,4.88,4.92,-0.04,-0.81,92019.47,45205.3676
000573.SZ,20100128,4.86,4.95,4.85,4.92,4.87,0.05,1.03,64099.15,31431.0146
000573.SZ,20100127,4.91,5.0,4.81,4.87,4.89,-0.02,-0.41,107377.07,52661.4191
000573.SZ,20100126,5.21,5.26,4.8,4.89,5.23,-0.34,-6.5,234943.17,117360.433
000573.SZ,20100125,5.56,5.56,5.21,5.23,5.59,-0.36,-6.44,310526.29,166864.5146
000573.SZ,20100122,5.32,5.78,5.25,5.59,5.35,0.24,4.49,749452.77,414601.7356
000573.SZ,20100121,5.17,5.38,5.16,5.35,5.18,0.17,3.28,177975.7,94241.2309
000573.SZ,20100120,5.34,5.35,5.17,5.18,5.32,-0.14,-2.63,199540.96,105322.6988
000573.SZ,20100119,5.3,5.35,5.27,5.32,5.29,0.03,0.57,158276.0,84113.4801
000573.SZ,20100118,5.19,5.29,5.18,5.29,5.21,0.08,1.54,133442.89,70115.0148
000573.SZ,20100115,5.16,5.25,5.13,5.21,5.15,0.06,1.17,130974.15,68210.9284
000573.SZ,20100114,5.1,5.15,5.07,5.15,5.08,0.07,1.38,100730.62,51514.7444
000573.SZ,20100113,5.12,5.16,5.07,5.08,5.23,-0.15,-2.87,112570.24,57497.1061
000573.SZ,20100112,5.16,5.26,5.08,5.23,5.19,0.04,0.77,123927.47,64215.4927
000573.SZ,20100111,5.31,5.41,5.16,5.19,5.16,0.03,0.58,151879.07,79886.5484
000573.SZ,20100108,5.08,5.16,5.05,5.16,5.09,0.07,1.38,71646.52,36626.4383
000573.SZ,20100107,5.15,5.2,5.06,5.09,5.16,-0.07,-1.36,117653.53,60143.6964
000573.SZ,20100106,5.18,5.25,5.1,5.16,5.18,-0.02,-0.39,110267.67,57152.6789
000573.SZ,20100105,5.27,5.28,5.07,5.18,5.27,-0.09,-1.71,149098.46,76970.123
000573.SZ,20100104,5.31,5.35,5.26,5.27,5.32,-0.05,-0.94,97327.19,51596.7985
000573.SZ,20091231,5.32,5.43,5.24,5.32,5.38,-0.06,-1.12,172917.8,92337.5637
000573.SZ,20091230,5.18,5.45,5.12,5.38,5.17,0.21,4.06,237942.63,125776.6591
000573.SZ,20091229,5.2,5.23,5.08,5.17,5.21,-0.04,-0.77,97515.28,50252.2845
000573.SZ,20091228,5.13,5.28,5.13,5.21,5.13,0.08,1.56,110566.24,57618.1299
000573.SZ,20091225,5.11,5.2,5.03,5.13,5.09,0.04,0.79,109836.51,56122.1848
000573.SZ,20091224,4.95,5.11,4.95,5.09,4.95,0.14,2.83,98252.25,49743.34
000573.SZ,20091223,4.85,4.97,4.82,4.95,4.89,0.06,1.23,65176.84,32063.4653
000573.SZ,20091222,5.08,5.08,4.87,4.89,5.1,-0.21,-4.12,89304.78,44430.0024
000573.SZ,20091221,4.96,5.12,4.93,5.1,4.99,0.11,2.2,106834.7,53669.054
000573.SZ,20091218,5.17,5.21,4.98,4.99,5.25,-0.26,-4.95,134200.85,67838.6758
000573.SZ,20091217,5.36,5.4,5.25,5.25,5.33,-0.08,-1.5,123594.16,65810.3426
000573.SZ,20091216,5.35,5.42,5.32,5.33,5.39,-0.06,-1.11,99815.24,53544.983
000573.SZ,20091215,5.49,5.5,5.35,5.39,5.49,-0.1,-1.82,146359.45,79111.782
000573.SZ,20091214,5.61,5.64,5.32,5.49,5.6,-0.11,-1.96,150701.42,82138.4914
000573.SZ,20091211,5.66,5.7,5.58,5.6,5.66,-0.06,-1.06,123331.42,69385.0834
000573.SZ,20091210,5.63,5.74,5.56,5.66,5.64,0.02,0.35,148529.59,83807.5388
000573.SZ,20091209,5.78,5.84,5.6,5.64,5.85,-0.21,-3.59,184322.58,105186.5937
000573.SZ,20091208,5.84,5.93,5.77,5.85,5.82,0.03,0.52,261395.2,153000.943
000573.SZ,20091207,5.65,5.84,5.56,5.82,5.66,0.16,2.83,207605.57,118621.6303
000573.SZ,20091204,5.8,5.94,5.51,5.66,5.82,-0.16,-2.75,342140.0,197041.2394
000573.SZ,20091203,5.79,5.87,5.67,5.82,5.79,0.03,0.52,277517.79,159880.0223
000573.SZ,20091202,5.72,5.96,5.68,5.79,5.7,0.09,1.58,371267.25,216245.2672
000573.SZ,20091201,5.5,5.76,5.42,5.7,5.45,0.25,4.59,298805.28,167789.884
000573.SZ,20091130,5.25,5.52,5.25,5.45,5.23,0.22,4.21,250635.12,135502.3682
000573.SZ,20091127,5.55,5.67,5.22,5.23,5.77,-0.54,-9.36,459172.98,249093.0382
000573.SZ,20091126,5.95,6.35,5.66,5.77,5.93,-0.16,-2.7,1060172.32,639488.3009
000573.SZ,20091125,5.35,5.93,5.35,5.93,5.39,0.54,10.02,859501.65,489934.1781
000573.SZ,20091124,5.45,5.83,5.3,5.39,5.42,-0.03,-0.55,628693.68,347851.4228
000573.SZ,20091123,5.35,5.42,5.3,5.42,5.35,0.07,1.31,266003.72,142958.2698
000573.SZ,20091120,5.31,5.45,5.23,5.35,5.32,0.03,0.56,364307.71,195956.2428
000573.SZ,20091119,5.25,5.32,5.17,5.32,5.24,0.08,1.53,292395.5,153510.7774
000573.SZ,20091118,5.25,5.31,5.17,5.24,5.2,0.04,0.77,224501.37,117665.6259
000573.SZ,20091117,5.19,5.35,5.19,5.2,5.15,0.05,0.97,350005.1,183551.6757
000573.SZ,20091116,5.02,5.15,5.02,5.15,5.02,0.13,2.59,300268.56,153560.6476
000573.SZ,20091113,5.03,5.06,4.93,5.02,5.04,-0.02,-0.4,133563.59,66712.0803
000573.SZ,20091112,5.04,5.13,5.01,5.04,5.03,0.01,0.2,199106.12,100974.8094
000573.SZ,20091111,4.98,5.04,4.95,5.03,5.0,0.03,0.6,139019.37,69583.7232
000573.SZ,20091110,5.03,5.06,4.98,5.0,5.01,-0.01,-0.2,154660.44,77733.4265
000573.SZ,20091109,5.08,5.08,4.95,5.01,5.06,-0.05,-0.99,165331.11,82791.3747
000573.SZ,20091106,5.02,5.14,4.98,5.06,5.0,0.06,1.2,268394.75,135190.847
000573.SZ,20091105,4.96,5.04,4.93,5.0,4.97,0.03,0.6,167795.56,83543.4335
000573.SZ,20091104,5.0,5.05,4.91,4.97,5.01,-0.04,-0.8,167234.68,83006.7261
000573.SZ,20091103,4.88,5.05,4.88,5.01,4.88,0.13,2.66,230430.61,114921.7026
000573.SZ,20091102,4.67,4.9,4.61,4.88,4.79,0.09,1.88,161599.08,77273.4656
000573.SZ,20091030,4.87,4.94,4.77,4.79,4.8,-0.01,-0.21,146786.62,71192.1136
000573.SZ,20091029,4.75,4.98,4.71,4.8,4.87,-0.07,-1.44,187726.76,90742.0159
000573.SZ,20091028,4.85,4.92,4.72,4.87,4.86,0.01,0.21,179846.55,86644.584
000573.SZ,20091027,4.91,5.03,4.81,4.86,4.94,-0.08,-1.62,212583.79,104142.7681
000573.SZ,20091026,5.08,5.08,4.91,4.94,5.12,-0.18,-3.52,310447.02,154167.3405
000573.SZ,20091023,5.06,5.38,5.05,5.12,5.19,-0.07,-1.35,587703.24,304507.7543
000573.SZ,20091022,5.02,5.45,4.87,5.19,4.96,0.23,4.64,1064377.63,547392.9179
000573.SZ,20091021,4.51,4.96,4.47,4.96,4.51,0.45,9.98,451122.23,219207.9234
000573.SZ,20091020,4.51,4.54,4.44,4.51,4.49,0.02,0.45,126989.74,56980.1685
000573.SZ,20091019,4.34,4.52,4.33,4.49,4.34,0.15,3.46,141748.55,63273.7096
000573.SZ,20091016,4.39,4.44,4.26,4.34,4.39,-0.05,-1.14,79693.13,34545.6568
000573.SZ,20091015,4.37,4.53,4.37,4.39,4.36,0.03,0.69,101032.75,44724.9963
000573.SZ,20091014,4.31,4.45,4.29,4.36,4.29,0.07,1.63,122811.93,53764.1987
000573.SZ,20091013,4.2,4.33,4.18,4.29,4.2,0.09,2.14,65613.55,28002.5603
000573.SZ,20091012,4.21,4.27,4.17,4.2,4.21,-0.01,-0.24,53635.23,22663.4285
000573.SZ,20091009,4.06,4.22,4.06,4.21,4.01,0.2,4.99,60733.61,25252.6686
000573.SZ,20090930,4.02,4.07,4.0,4.01,3.98,0.03,0.75,42963.86,17334.5407
000573.SZ,20090929,4.04,4.1,3.89,3.98,4.07,-0.09,-2.21,59382.81,23683.3107
000573.SZ,20090928,4.17,4.22,4.04,4.07,4.15,-0.08,-1.93,44424.78,18431.2382
000573.SZ,20090925,4.2,4.22,4.13,4.15,4.19,-0.04,-0.95,45974.5,19206.0006
000573.SZ,20090924,4.18,4.28,4.03,4.19,4.2,-0.01,-0.24,75786.45,31592.7348
000573.SZ,20090923,4.35,4.4,4.0,4.2,4.37,-0.17,-3.89,73160.58,31326.8651
000573.SZ,20090922,4.51,4.52,4.36,4.37,4.53,-0.16,-3.53,72508.48,32256.9936
000573.SZ,20090921,4.5,4.55,4.3,4.53,4.5,0.03,0.67,84199.32,37152.7905
000573.SZ,20090918,4.65,4.71,4.45,4.5,4.65,-0.15,-3.23,152176.36,70424.7574
000573.SZ,20090917,4.58,4.67,4.56,4.65,4.57,0.08,1.75,145376.32,67413.0718
000573.SZ,20090916,4.58,4.63,4.5,4.57,4.6,-0.03,-0.65,112748.36,51451.7792
000573.SZ,20090915,4.66,4.67,4.55,4.6,4.64,-0.04,-0.86,132971.21,61173.4703
000573.SZ,20090914,4.58,4.69,4.5,4.64,4.54,0.1,2.2,131865.9,61059.0086
000573.SZ,20090911,4.48,4.6,4.48,4.54,4.51,0.03,0.67,117835.43,53714.3169
000573.SZ,20090910,4.59,4.63,4.46,4.51,4.66,-0.15,-3.22,148203.9,67236.1541
000573.SZ,20090909,4.72,4.82,4.61,4.66,4.52,0.14,3.1,507126.58,238564.5974
000573.SZ,20090908,4.25,4.52,4.18,4.52,4.28,0.24,5.61,176883.78,77197.9486
000573.SZ,20090907,4.3,4.34,4.24,4.28,4.29,-0.01,-0.23,91144.68,39136.5966
000573.SZ,20090904,4.26,4.32,4.22,4.29,4.28,0.01,0.23,104227.19,44549.6163
000573.SZ,20090903,4.12,4.32,4.08,4.28,4.08,0.2,4.9,129411.83,54420.0957
000573.SZ,20090902,4.0,4.1,3.97,4.08,4.0,0.08,2.0,53378.72,21488.2562
000573.SZ,20090901,3.98,4.12,3.95,4.0,4.02,-0.02,-0.5,76666.22,30959.2007
000573.SZ,20090831,4.28,4.28,4.01,4.02,4.3,-0.28,-6.51,78894.96,32275.5176
000573.SZ,20090828,4.41,4.43,4.27,4.3,4.47,-0.17,-3.8,91451.65,39712.0676
000573.SZ,20090827,4.25,4.49,4.22,4.47,4.28,0.19,4.44,135326.21,58872.988
000573.SZ,20090826,4.15,4.33,4.11,4.28,4.18,0.1,2.39,96572.72,41256.2938
000573.SZ,20090825,4.35,4.35,4.06,4.18,4.37,-0.19,-4.35,101995.56,42682.6793
000573.SZ,20090824,4.38,4.41,4.3,4.37,4.38,-0.01,-0.23,101922.27,44364.2027
000573.SZ,20090821,4.3,4.45,4.23,4.38,4.28,0.1,2.34,188760.01,82263.4453
000573.SZ,20090820,4.08,4.3,4.06,4.28,4.09,0.19,4.65,118917.61,49506.9566
000573.SZ,20090819,4.29,4.31,3.94,4.09,4.29,-0.2,-4.66,102152.39,41999.0623
000573.SZ,20090818,4.18,4.31,4.05,4.29,4.22,0.07,1.66,103371.24,43340.0744
000573.SZ,20090817,4.69,4.69,4.22,4.22,4.69,-0.47,-10.02,160266.87,70926.6457
000573.SZ,20090814,4.75,4.79,4.51,4.69,4.74,-0.05,-1.05,117146.9,54411.2496
000573.SZ,20090813,4.72,4.78,4.6,4.74,4.69,0.05,1.07,84385.44,39647.2655
000573.SZ,20090812,4.9,4.92,4.68,4.69,4.9,-0.21,-4.29,85292.75,40828.8003
000573.SZ,20090811,4.87,4.95,4.85,4.9,4.85,0.05,1.03,64629.65,31643.2602
000573.SZ,20090810,4.93,4.99,4.76,4.85,4.9,-0.05,-1.02,93408.57,45464.916
000573.SZ,20090807,5.06,5.1,4.88,4.9,5.08,-0.18,-3.54,127000.74,63344.8071
000573.SZ,20090806,5.04,5.19,4.91,5.08,5.09,-0.01,-0.2,189921.03,95976.1756
000573.SZ,20090805,5.06,5.13,5.01,5.09,5.09,0.0,0.0,138477.1,70095.1588
000573.SZ,20090804,5.1,5.16,5.0,5.09,5.11,-0.02,-0.39,169804.56,86394.7003
000573.SZ,20090803,5.09,5.14,4.98,5.11,5.08,0.03,0.59,157659.32,79880.4974
000573.SZ,20090731,4.93,5.1,4.91,5.08,4.93,0.15,3.04,141474.52,70860.396
000573.SZ,20090730,4.99,5.11,4.65,4.93,4.99,-0.06,-1.2,186127.85,90891.2064
000573.SZ,20090729,5.4,5.4,4.89,4.99,5.43,-0.44,-8.1,268598.51,138782.7382
000573.SZ,20090728,5.43,5.48,5.27,5.43,5.42,0.01,0.18,265738.99,142714.4472
000573.SZ,20090727,5.28,5.45,5.28,5.42,5.27,0.15,2.85,359752.67,193847.0605
000573.SZ,20090724,5.33,5.37,5.14,5.27,5.32,-0.05,-0.94,239856.98,125622.2868
000573.SZ,20090723,5.23,5.45,5.18,5.32,5.23,0.09,1.72,347909.9,185911.879
000573.SZ,20090722,5.14,5.26,5.12,5.23,5.17,0.06,1.16,166167.01,86391.6748
000573.SZ,20090721,5.3,5.3,5.15,5.17,5.32,-0.15,-2.82,216084.91,112888.538
000573.SZ,20090720,5.17,5.33,5.11,5.32,5.16,0.16,3.1,316143.86,165071.3838
000573.SZ,20090717,5.14,5.2,5.11,5.16,5.16,0.0,0.0,131739.68,67889.4247
000573.SZ,20090716,5.21,5.25,5.12,5.16,5.21,-0.05,-0.96,178325.57,92383.8223
000573.SZ,20090715,5.23,5.3,5.18,5.21,5.23,-0.02,-0.38,202674.79,106026.6403
000573.SZ,20090714,5.13,5.25,5.11,5.23,5.13,0.1,1.95,211006.17,109352.4765
000573.SZ,20090713,5.14,5.19,5.1,5.13,5.17,-0.04,-0.77,150005.22,77141.327
000573.SZ,20090710,5.15,5.24,5.12,5.17,5.16,0.01,0.19,193319.99,100168.7028
000573.SZ,20090709,5.19,5.19,5.1,5.16,5.18,-0.02,-0.39,150589.94,77361.4195
000573.SZ,20090708,5.04,5.25,5.0,5.18,5.08,0.1,1.97,219247.5,112083.4258
000573.SZ,20090707,5.18,5.19,5.05,5.08,5.19,-0.11,-2.12,233235.89,118745.2507
000573.SZ,20090706,5.27,5.47,5.15,5.19,5.27,-0.08,-1.52,324834.56,170396.3109
000573.SZ,20090703,5.08,5.4,5.01,5.27,5.12,0.15,2.93,451125.24,235174.781
000573.SZ,20090702,5.0,5.16,4.98,5.12,4.98,0.14,2.81,362032.47,182711.9891
000573.SZ,20090701,4.75,5.17,4.75,4.98,4.74,0.24,5.06,418059.2,210171.267
000573.SZ,20090630,4.79,4.88,4.7,4.74,4.87,-0.13,-2.67,227388.43,108675.8385
000573.SZ,20090629,4.61,4.98,4.61,4.87,4.55,0.32,7.03,590688.16,286990.7888
000573.SZ,20090626,4.4,4.55,4.35,4.55,4.4,0.15,3.41,214702.04,95716.5246
000573.SZ,20090625,4.4,4.45,4.36,4.4,4.39,0.01,0.23,126756.2,55873.1151
000573.SZ,20090624,4.37,4.42,4.32,4.39,4.37,0.02,0.46,93017.43,40736.2133
000573.SZ,20090623,4.34,4.43,4.28,4.37,4.38,-0.01,-0.23,101129.79,44032.7086
000573.SZ,20090622,4.49,4.5,4.38,4.38,4.46,-0.08,-1.79,137934.32,61002.411
000573.SZ,20090619,4.43,4.54,4.42,4.46,4.44,0.02,0.45,156126.95,69774.806
000573.SZ,20090618,4.47,4.57,4.41,4.44,4.46,-0.02,-0.45,174936.24,78418.5767
000573.SZ,20090617,4.3,4.52,4.29,4.46,4.3,0.16,3.72,198300.27,87285.2125
000573.SZ,20090616,4.36,4.4,4.29,4.3,4.4,-0.1,-2.27,148235.52,64247.9921
000573.SZ,20090615,4.34,4.43,4.3,4.4,4.34,0.06,1.38,177079.69,77551.0877
000573.SZ,20090612,4.49,4.56,4.28,4.34,4.65,-0.31,-6.67,379252.2,167775.452
000573.SZ,20090611,4.84,4.93,4.57,4.65,4.48,0.17,3.79,999491.01,479130.1356
000573.SZ,20090610,4.4,4.48,4.4,4.48,4.07,0.41,10.07,170386.16,76116.5
000573.SZ,20090609,4.04,4.08,3.96,4.07,4.03,0.04,0.99,125599.9,50574.7053
000573.SZ,20090608,3.97,4.07,3.96,4.03,3.97,0.06,1.51,143363.36,57812.4649
000573.SZ,20090605,4.01,4.07,3.97,3.97,4.01,-0.04,-1.0,107233.1,42880.4978
000573.SZ,20090604,4.09,4.1,3.96,4.01,4.09,-0.08,-1.96,179152.19,72058.2855
000573.SZ,20090603,4.02,4.18,4.0,4.09,4.01,0.08,2.0,286907.75,117919.722
000573.SZ,20090602,3.95,4.03,3.92,4.01,3.92,0.09,2.3,199006.04,79030.5642
000573.SZ,20090601,3.9,3.95,3.9,3.92,3.88,0.04,1.03,112910.82,44318.0769
000573.SZ,20090527,3.87,3.95,3.87,3.88,3.87,0.01,0.26,84613.7,33041.7925
000573.SZ,20090526,3.9,3.94,3.85,3.87,3.89,-0.02,-0.51,100998.52,39292.2591
000573.SZ,20090525,3.75,3.9,3.71,3.89,3.87,0.02,0.52,110743.99,42169.9955
000573.SZ,20090522,3.85,3.9,3.8,3.87,3.87,0.0,0.0,79294.47,30641.8713
000573.SZ,20090521,3.89,3.99,3.84,3.87,3.95,-0.08,-2.03,133836.25,52203.154
000573.SZ,20090520,4.05,4.05,3.94,3.95,4.04,-0.09,-2.23,137592.73,54749.8877
000573.SZ,20090519,4.09,4.12,4.0,4.04,4.05,-0.01,-0.25,182206.87,73948.7526
000573.SZ,20090518,3.96,4.11,3.84,4.05,3.96,0.09,2.27,197084.36,78650.2919
000573.SZ,20090514,3.93,4.02,3.89,3.96,3.99,-0.03,-0.75,197725.42,78271.855
000573.SZ,20090513,3.97,4.07,3.92,3.99,3.96,0.03,0.76,248925.71,99360.9848
000573.SZ,20090512,3.7,3.96,3.66,3.96,3.78,0.18,4.76,270053.01,103795.1086
000573.SZ,20090511,4.05,4.12,3.77,3.78,4.02,-0.24,-5.97,554215.24,220056.8596
000573.SZ,20090508,3.62,4.02,3.58,4.02,3.65,0.37,10.14,641535.52,249977.4873
000573.SZ,20090507,3.72,3.74,3.55,3.65,3.7,-0.05,-1.35,201311.66,73251.9438
000573.SZ,20090506,3.66,3.72,3.6,3.7,3.66,0.04,1.09,193228.68,71229.3269
000573.SZ,20090505,3.66,3.7,3.6,3.66,3.64,0.02,0.55,179469.79,65484.4154
000573.SZ,20090504,3.54,3.65,3.52,3.64,3.51,0.13,3.7,174108.6,62790.4497
000573.SZ,20090430,3.47,3.55,3.46,3.51,3.47,0.04,1.15,150319.4,52752.4102
000573.SZ,20090429,3.38,3.48,3.34,3.47,3.35,0.12,3.58,128681.51,43903.0066
000573.SZ,20090428,3.28,3.35,3.25,3.35,3.29,0.06,1.82,94433.98,31214.9227
000573.SZ,20090427,3.47,3.53,3.27,3.29,3.46,-0.17,-4.91,133243.88,44888.2055
000573.SZ,20090424,3.45,3.57,3.42,3.46,3.45,0.01,0.29,152415.12,53392.7474
000573.SZ,20090423,3.42,3.48,3.32,3.45,3.48,-0.03,-0.86,167032.4,56794.4611
000573.SZ,20090422,3.67,3.74,3.41,3.48,3.66,-0.18,-4.92,282265.41,102290.0199
000573.SZ,20090421,3.75,3.78,3.58,3.66,3.64,0.02,0.55,485811.27,177660.3152
000573.SZ,20090420,3.41,3.64,3.4,3.64,3.31,0.33,9.97,347513.66,124054.6604
000573.SZ,20090417,3.37,3.4,3.28,3.31,3.4,-0.09,-2.65,242353.52,81051.0429
000573.SZ,20090416,3.25,3.48,3.22,3.4,3.25,0.15,4.62,294441.32,97754.6817
000573.SZ,20090415,3.19,3.26,3.17,3.25,3.21,0.04,1.25,181707.99,58416.4042
000573.SZ,20090414,3.19,3.22,3.16,3.21,3.19,0.02,0.63,165593.83,52921.2848
000573.SZ,20090413,3.13,3.2,3.11,3.19,3.13,0.06,1.92,179279.13,56766.0134
000573.SZ,20090410,3.06,3.15,3.06,3.13,3.06,0.07,2.29,157585.51,49039.3964
000573.SZ,20090409,2.98,3.06,2.97,3.06,3.0,0.06,2.0,97246.54,29253.6092
000573.SZ,20090408,3.1,3.11,3.0,3.0,3.1,-0.1,-3.23,123301.64,37658.975
000573.SZ,20090407,3.09,3.12,3.06,3.1,3.08,0.02,0.65,120063.46,36986.7091
000573.SZ,20090403,3.13,3.16,3.04,3.08,3.12,-0.04,-1.28,145145.89,44888.0304
000573.SZ,20090402,3.13,3.23,3.11,3.12,3.12,0.0,0.0,217453.86,68740.7501
000573.SZ,20090401,3.05,3.15,3.03,3.12,3.04,0.08,2.63,237746.72,73919.1937
000573.SZ,20090331,2.98,3.05,2.94,3.04,3.02,0.02,0.66,101732.76,30473.6739
000573.SZ,20090330,3.0,3.04,2.98,3.02,3.0,0.02,0.67,94996.87,28609.3466
000573.SZ,20090327,3.01,3.02,2.97,3.0,2.99,0.01,0.33,113980.21,34091.6063
000573.SZ,20090326,2.93,2.99,2.91,2.99,2.94,0.05,1.7,84424.97,25002.5841
000573.SZ,20090325,3.0,3.01,2.93,2.94,3.03,-0.09,-2.97,110624.21,32953.3547
000573.SZ,20090324,3.04,3.05,3.01,3.03,3.01,0.02,0.66,147554.17,44721.4312
000573.SZ,20090323,3.0,3.05,2.98,3.01,2.98,0.03,1.01,138197.01,41739.6657
000573.SZ,20090320,3.01,3.03,2.93,2.98,3.01,-0.03,-1.0,138370.79,41282.4529
000573.SZ,20090319,2.96,3.04,2.94,3.01,2.95,0.06,2.03,142077.78,42490.4534
000573.SZ,20090318,2.95,3.02,2.91,2.95,2.94,0.01,0.34,183161.04,54293.9687
000573.SZ,20090317,2.83,2.96,2.81,2.94,2.83,0.11,3.89,148027.85,43033.8316
000573.SZ,20090316,2.8,2.83,2.75,2.83,2.81,0.02,0.71,46054.8,12915.2627
000573.SZ,20090313,2.85,2.88,2.78,2.81,2.86,-0.05,-1.75,72089.83,20479.4291
000573.SZ,20090312,2.84,2.86,2.71,2.86,2.8,0.06,2.14,68701.18,19190.3713
000573.SZ,20090311,2.87,2.9,2.78,2.8,2.82,-0.02,-0.71,69845.86,19862.6798
000573.SZ,20090310,2.75,2.82,2.68,2.82,2.77,0.05,1.81,55571.72,15319.3285
000573.SZ,20090309,2.86,2.94,2.76,2.77,2.86,-0.09,-3.15,93784.63,26754.7524
000573.SZ,20090306,2.86,2.91,2.81,2.86,2.88,-0.02,-0.69,86806.46,24874.3112
000573.SZ,20090305,2.89,2.94,2.8,2.88,2.86,0.02,0.7,127553.3,36712.532
000573.SZ,20090304,2.68,2.86,2.68,2.86,2.67,0.19,7.12,107111.25,29903.904
000573.SZ,20090303,2.63,2.72,2.61,2.67,2.69,-0.02,-0.74,70638.08,18838.4793
000573.SZ,20090302,2.56,2.72,2.53,2.69,2.59,0.1,3.86,79327.8,21003.0327
000573.SZ,20090227,2.76,2.79,2.57,2.59,2.79,-0.2,-7.17,106754.59,28295.5598
000573.SZ,20090226,2.98,3.0,2.72,2.79,2.98,-0.19,-6.38,116724.86,33915.7944
000573.SZ,20090225,2.95,3.02,2.87,2.98,2.96,0.02,0.68,132103.0,38952.8215
000573.SZ,20090224,3.09,3.18,2.94,2.96,3.12,-0.16,-5.13,197866.26,60357.8524
000573.SZ,20090223,3.0,3.15,2.98,3.12,3.0,0.12,4.0,161904.95,49978.8253
000573.SZ,20090220,2.93,3.0,2.86,3.0,2.92,0.08,2.74,124456.29,36623.5091
000573.SZ,20090219,2.83,2.92,2.82,2.92,2.81,0.11,3.91,152086.08,43698.6803
000573.SZ,20090218,2.96,3.01,2.77,2.81,3.03,-0.22,-7.26,214653.2,62389.3711
000573.SZ,20090217,3.21,3.21,3.03,3.03,3.21,-0.18,-5.61,190928.42,59474.2556
000573.SZ,20090216,3.09,3.25,3.09,3.21,3.08,0.13,4.22,274708.68,86863.2335
000573.SZ,20090213,2.89,3.1,2.88,3.08,2.87,0.21,7.32,341864.67,102905.5336
000573.SZ,20090212,2.83,2.88,2.69,2.87,2.84,0.03,1.06,192259.72,53730.9079
000573.SZ,20090211,2.79,2.92,2.75,2.84,2.86,-0.02,-0.7,284433.75,80806.4243
000573.SZ,20090210,2.66,2.89,2.63,2.86,2.69,0.17,6.32,285287.59,78341.0356
000573.SZ,20090209,2.66,2.7,2.6,2.69,2.64,0.05,1.89,225966.91,59991.9544
000573.SZ,20090206,2.49,2.65,2.49,2.64,2.49,0.15,6.02,236626.47,61257.4753
000573.SZ,20090205,2.55,2.62,2.47,2.49,2.57,-0.08,-3.11,196783.79,50082.3436
000573.SZ,20090204,2.51,2.6,2.5,2.57,2.51,0.06,2.39,202845.39,51727.4172
000573.SZ,20090203,2.45,2.51,2.42,2.51,2.45,0.06,2.45,131390.91,32584.7337
000573.SZ,20090202,2.39,2.48,2.37,2.45,2.38,0.07,2.94,98527.33,23825.245
000573.SZ,20090123,2.37,2.4,2.35,2.38,2.37,0.01,0.42,53084.78,12611.0951
000573.SZ,20090122,2.34,2.38,2.33,2.37,2.34,0.03,1.28,58687.18,13844.1029
000573.SZ,20090121,2.32,2.36,2.31,2.34,2.35,-0.01,-0.43,43604.25,10184.3833
000573.SZ,20090120,2.33,2.36,2.31,2.35,2.33,0.02,0.86,36841.13,8606.1101
000573.SZ,20090119,2.36,2.39,2.31,2.33,2.35,-0.02,-0.85,66649.18,15645.7634
000573.SZ,20090116,2.37,2.42,2.34,2.35,2.39,-0.04,-1.67,113718.64,27177.7861
000573.SZ,20090115,2.37,2.48,2.34,2.39,2.42,-0.03,-1.24,159175.86,38332.8248
000573.SZ,20090114,2.37,2.45,2.31,2.42,2.39,0.03,1.26,226652.52,54242.92
000573.SZ,20090113,2.25,2.47,2.23,2.39,2.27,0.12,5.29,212938.21,49898.8981
000573.SZ,20090112,2.26,2.29,2.21,2.27,2.25,0.02,0.89,57656.34,13033.3828
000573.SZ,20090109,2.2,2.25,2.18,2.25,2.19,0.06,2.74,46023.51,10290.0153
000573.SZ,20090108,2.23,2.26,2.16,2.19,2.26,-0.07,-3.1,44529.59,9837.1601
000573.SZ,20090107,2.25,2.3,2.22,2.26,2.26,0.0,0.0,53761.06,12156.4977
000573.SZ,20090106,2.19,2.26,2.16,2.26,2.17,0.09,4.15,58196.18,12921.4291
000573.SZ,20090105,2.13,2.18,2.1,2.17,2.08,0.09,4.33,40195.07,8599.0865
000573.SZ,20081231,2.14,2.15,2.07,2.08,2.14,-0.06,-2.8,35152.59,7439.3435
000573.SZ,20081230,2.18,2.2,2.14,2.14,2.17,-0.03,-1.38,39083.16,8464.8238
000573.SZ,20081229,2.19,2.2,2.11,2.17,2.21,-0.04,-1.81,43774.13,9417.261
000573.SZ,20081226,2.27,2.28,2.19,2.21,2.26,-0.05,-2.21,40259.49,8916.6486
000573.SZ,20081225,2.23,2.28,2.17,2.26,2.24,0.02,0.89,60235.18,13453.9946
000573.SZ,20081224,2.26,2.31,2.2,2.24,2.31,-0.07,-3.03,82710.88,18698.0136
000573.SZ,20081223,2.47,2.56,2.3,2.31,2.46,-0.15,-6.1,147610.31,36438.54
000573.SZ,20081222,2.46,2.48,2.4,2.46,2.46,0.0,0.0,99366.51,24331.2778
000573.SZ,20081219,2.5,2.5,2.43,2.46,2.52,-0.06,-2.38,150161.13,37073.8946
000573.SZ,20081218,2.43,2.52,2.42,2.52,2.37,0.15,6.33,337310.12,83389.2427
000573.SZ,20081217,2.29,2.43,2.26,2.37,2.29,0.08,3.49,134792.55,31624.6156
000573.SZ,20081216,2.24,2.29,2.16,2.29,2.25,0.04,1.78,50798.68,11336.3483
000573.SZ,20081215,2.27,2.29,2.19,2.25,2.23,0.02,0.9,45804.4,10244.2056
000573.SZ,20081212,2.36,2.36,2.19,2.23,2.37,-0.14,-5.91,80170.39,18140.9253
000573.SZ,20081211,2.4,2.46,2.36,2.37,2.42,-0.05,-2.07,105247.98,25411.5196
000573.SZ,20081210,2.32,2.43,2.3,2.42,2.33,0.09,3.86,88623.64,20977.24
000573.SZ,20081209,2.46,2.46,2.33,2.33,2.43,-0.1,-4.12,101139.26,24157.7134
000573.SZ,20081208,2.36,2.44,2.34,2.43,2.35,0.08,3.4,132629.59,31872.3303
000573.SZ,20081205,2.25,2.35,2.25,2.35,2.27,0.08,3.52,113331.91,26219.0831
000573.SZ,20081204,2.34,2.37,2.25,2.27,2.29,-0.02,-0.87,139068.19,32388.8655
000573.SZ,20081203,2.2,2.29,2.2,2.29,2.21,0.08,3.62,92681.72,20952.0782
000573.SZ,20081202,2.13,2.25,2.11,2.21,2.18,0.03,1.38,65160.21,14323.9887
000573.SZ,20081201,2.13,2.18,2.08,2.18,2.13,0.05,2.35,41595.01,8929.2647
000573.SZ,20081128,2.19,2.2,2.11,2.13,2.22,-0.09,-4.05,50684.32,10892.4348
000573.SZ,20081127,2.32,2.34,2.21,2.22,2.13,0.09,4.23,134305.11,30589.2013
000573.SZ,20081126,2.11,2.2,2.1,2.13,2.14,-0.01,-0.47,51994.6,11162.307
000573.SZ,20081125,2.18,2.22,2.08,2.14,2.14,0.0,0.0,48794.04,10452.4792
000573.SZ,20081124,2.28,2.31,2.12,2.14,2.3,-0.16,-6.96,77189.97,17106.4758
000573.SZ,20081121,2.24,2.45,2.15,2.3,2.31,-0.01,-0.43,165948.79,38383.553
000573.SZ,20081120,2.16,2.42,2.16,2.31,2.2,0.11,5.0,212632.71,49419.542
000573.SZ,20081119,2.04,2.21,2.0,2.2,2.05,0.15,7.32,70544.47,15009.6184
000573.SZ,20081118,2.26,2.28,2.05,2.05,2.28,-0.23,-10.09,111834.01,24208.6082
000573.SZ,20081117,2.18,2.28,2.16,2.28,2.16,0.12,5.56,186238.03,41288.0768
000573.SZ,20081114,2.11,2.16,2.05,2.16,2.08,0.08,3.85,108465.49,22916.3233
000573.SZ,20081113,1.9,2.08,1.88,2.08,1.92,0.16,8.33,112509.51,22626.7694
000573.SZ,20081112,1.86,1.93,1.85,1.92,1.89,0.03,1.59,31828.97,6047.7856
000573.SZ,20081111,1.92,1.97,1.88,1.89,1.92,-0.03,-1.56,54216.69,10429.2749
000573.SZ,20081110,1.81,1.93,1.81,1.92,1.8,0.12,6.67,61891.23,11637.2032
000573.SZ,20081107,1.73,1.83,1.72,1.8,1.77,0.03,1.69,33347.74,5934.0626
000573.SZ,20081106,1.73,1.77,1.7,1.77,1.76,0.01,0.57,26559.22,4623.2466
000573.SZ,20081105,1.7,1.77,1.7,1.76,1.7,0.06,3.53,25543.64,4453.0306
000573.SZ,20081104,1.72,1.72,1.66,1.7,1.73,-0.03,-1.73,25708.8,4332.6338
000573.SZ,20081103,1.77,1.77,1.72,1.73,1.78,-0.05,-2.81,14939.44,2612.1545
000573.SZ,20081031,1.85,1.85,1.76,1.78,1.83,-0.05,-2.73,22889.04,4121.2314
000573.SZ,20081030,1.83,1.86,1.81,1.83,1.82,0.01,0.55,24233.4,4450.2812
000573.SZ,20081029,1.93,1.93,1.82,1.82,1.9,-0.08,-4.21,29811.84,5580.0026
000573.SZ,20081028,1.84,1.92,1.8,1.9,1.86,0.04,2.15,30679.8,5718.8158
000573.SZ,20081027,2.0,2.01,1.84,1.86,2.04,-0.18,-8.82,42389.59,8149.3965
000573.SZ,20081024,2.1,2.12,2.02,2.04,2.13,-0.09,-4.23,35252.12,7277.8556
000573.SZ,20081023,2.14,2.15,2.08,2.13,2.1,0.03,1.43,31699.19,6703.177
000573.SZ,20081022,2.11,2.16,2.09,2.1,2.15,-0.05,-2.33,32727.81,6955.2332
000573.SZ,20081021,2.2,2.21,2.11,2.15,2.18,-0.03,-1.38,73703.27,15885.1716
000573.SZ,20081020,2.04,2.19,1.99,2.18,2.04,0.14,6.86,63071.06,13249.5028
000573.SZ,20081017,2.05,2.07,1.99,2.04,2.03,0.01,0.49,25905.17,5250.1035
000573.SZ,20081016,2.02,2.09,2.0,2.03,2.08,-0.05,-2.4,40425.25,8279.471
000573.SZ,20081015,2.09,2.09,2.02,2.08,2.07,0.01,0.48,21873.26,4500.8038
000573.SZ,20081014,2.17,2.19,2.07,2.07,2.1,-0.03,-1.43,41877.72,8966.1915
000573.SZ,20081013,2.05,2.1,1.98,2.1,2.08,0.02,0.96,30798.19,6254.0795
000573.SZ,20081010,2.19,2.19,2.07,2.08,2.24,-0.16,-7.14,32258.72,6823.5486
000573.SZ,20081009,2.32,2.32,2.24,2.24,2.25,-0.01,-0.44,25260.85,5724.9438
000573.SZ,20081008,2.29,2.31,2.23,2.25,2.32,-0.07,-3.02,19826.19,4490.4798
000573.SZ,20081007,2.25,2.35,2.23,2.32,2.3,0.02,0.87,23672.93,5417.8891
000573.SZ,20081006,2.39,2.39,2.3,2.3,2.41,-0.11,-4.56,23224.11,5403.8522
000573.SZ,20080926,2.37,2.47,2.33,2.41,2.38,0.03,1.26,47690.09,11424.7526
000573.SZ,20080925,2.32,2.43,2.31,2.38,2.33,0.05,2.15,44743.89,10651.2294
000573.SZ,20080924,2.23,2.33,2.22,2.33,2.29,0.04,1.75,25654.83,5826.6797
000573.SZ,20080923,2.4,2.41,2.28,2.29,2.47,-0.18,-7.29,39775.2,9301.0538
000573.SZ,20080922,2.55,2.62,2.41,2.47,2.4,0.07,2.92,87517.74,22017.9425
000573.SZ,20080919,2.35,2.4,2.33,2.4,2.18,0.22,10.09,53565.01,12767.4934
000573.SZ,20080918,2.19,2.24,2.05,2.18,2.25,-0.07,-3.11,43267.22,9226.5373
000573.SZ,20080917,2.39,2.41,2.25,2.25,2.39,-0.14,-5.86,27224.37,6359.5878
000573.SZ,20080916,2.45,2.45,2.37,2.39,2.41,-0.02,-0.83,24988.78,6024.0515
000573.SZ,20080912,2.39,2.44,2.38,2.41,2.4,0.01,0.42,18455.27,4454.6467
000573.SZ,20080911,2.48,2.49,2.36,2.4,2.5,-0.1,-4.0,21609.76,5245.7146
000573.SZ,20080910,2.45,2.53,2.42,2.5,2.47,0.03,1.21,19696.46,4907.088
000573.SZ,20080909,2.45,2.48,2.41,2.47,2.43,0.04,1.65,14218.42,3483.9085
000573.SZ,20080908,2.55,2.59,2.42,2.43,2.56,-0.13,-5.08,30579.25,7599.9096
000573.SZ,20080905,2.65,2.69,2.55,2.56,2.74,-0.18,-6.57,34625.63,9035.1812
000573.SZ,20080904,2.75,2.77,2.69,2.74,2.76,-0.02,-0.72,34024.21,9272.7475
000573.SZ,20080903,2.73,2.78,2.66,2.76,2.71,0.05,1.85,52219.58,14270.4823
000573.SZ,20080902,2.63,2.75,2.56,2.71,2.64,0.07,2.65,55172.97,14829.803
000573.SZ,20080901,2.6,2.7,2.56,2.64,2.62,0.02,0.76,42795.33,11233.2701
000573.SZ,20080829,2.55,2.66,2.54,2.62,2.54,0.08,3.15,25048.08,6519.9348
000573.SZ,20080828,2.52,2.58,2.52,2.54,2.56,-0.02,-0.78,14837.21,3778.3053
000573.SZ,20080827,2.58,2.61,2.5,2.56,2.56,0.0,0.0,18046.75,4622.1102
000573.SZ,20080826,2.65,2.67,2.51,2.56,2.69,-0.13,-4.83,22054.0,5707.943
000573.SZ,20080825,2.65,2.72,2.62,2.69,2.65,0.04,1.51,22182.78,5960.5071
000573.SZ,20080822,2.65,2.68,2.55,2.65,2.68,-0.03,-1.12,29234.12,7664.8211
000573.SZ,20080821,2.7,2.74,2.66,2.68,2.77,-0.09,-3.25,39658.46,10694.1181
000573.SZ,20080820,2.54,2.77,2.49,2.77,2.54,0.23,9.06,62627.58,16842.1404
000573.SZ,20080819,2.48,2.55,2.45,2.54,2.49,0.05,2.01,24479.12,6137.9168
000573.SZ,20080818,2.72,2.76,2.47,2.49,2.74,-0.25,-9.12,33563.0,8738.1753
000573.SZ,20080815,2.73,2.79,2.69,2.74,2.73,0.01,0.37,29864.13,8208.6598
000573.SZ,20080814,2.72,2.79,2.67,2.73,2.73,0.0,0.0,25559.5,6978.7061
000573.SZ,20080813,2.73,2.75,2.59,2.73,2.75,-0.02,-0.73,32126.37,8575.5049
000573.SZ,20080812,2.68,2.79,2.66,2.75,2.74,0.01,0.37,30193.85,8247.2227
000573.SZ,20080811,3.03,3.05,2.7,2.74,3.0,-0.26,-8.67,64566.96,18098.9115
000573.SZ,20080808,3.29,3.29,2.99,3.0,3.29,-0.29,-8.81,31914.2,9980.7534
000573.SZ,20080807,3.27,3.31,3.21,3.29,3.27,0.02,0.61,24924.72,8138.4523
000573.SZ,20080806,3.24,3.3,3.22,3.27,3.24,0.03,0.93,17442.55,5684.0074
000573.SZ,20080805,3.35,3.38,3.23,3.24,3.34,-0.1,-2.99,22410.44,7411.6893
000573.SZ,20080804,3.45,3.45,3.34,3.34,3.45,-0.11,-3.19,17191.3,5819.9979
000573.SZ,20080801,3.35,3.47,3.3,3.45,3.37,0.08,2.37,27077.74,9157.361
000573.SZ,20080731,3.51,3.53,3.35,3.37,3.5,-0.13,-3.71,33066.8,11285.5769
000573.SZ,20080730,3.5,3.56,3.46,3.5,3.47,0.03,0.86,30362.87,10683.6956
000573.SZ,20080729,3.55,3.56,3.46,3.47,3.58,-0.11,-3.07,34887.77,12217.0531
000573.SZ,20080728,3.55,3.61,3.53,3.58,3.52,0.06,1.7,34185.55,12244.4727
000573.SZ,20080725,3.55,3.57,3.51,3.52,3.59,-0.07,-1.95,34187.52,12079.647
000573.SZ,20080724,3.5,3.64,3.5,3.59,3.48,0.11,3.16,55523.94,19819.6643
000573.SZ,20080723,3.5,3.55,3.45,3.48,3.48,0.0,0.0,35830.19,12531.284
000573.SZ,20080722,3.5,3.54,3.45,3.48,3.49,-0.01,-0.29,43187.8,15066.1686
000573.SZ,20080721,3.4,3.51,3.35,3.49,3.38,0.11,3.25,44909.81,15530.4797
000573.SZ,20080718,3.31,3.4,3.22,3.38,3.28,0.1,3.05,30337.17,10084.6448
000573.SZ,20080717,3.32,3.39,3.27,3.28,3.29,-0.01,-0.3,36860.64,12302.0803
000573.SZ,20080716,3.43,3.48,3.2,3.29,3.49,-0.2,-5.73,52171.87,17433.5226
000573.SZ,20080715,3.64,3.69,3.48,3.49,3.64,-0.15,-4.12,58342.27,20916.1143
000573.SZ,20080714,3.57,3.65,3.51,3.64,3.6,0.04,1.11,43663.85,15692.4935
000573.SZ,20080711,3.68,3.73,3.55,3.6,3.73,-0.13,-3.49,66886.31,24210.422
000573.SZ,20080710,3.71,3.9,3.66,3.73,3.78,-0.05,-1.32,117295.39,44039.9909
000573.SZ,20080709,3.71,3.83,3.66,3.78,3.71,0.07,1.89,134269.91,50588.7105
000573.SZ,20080708,3.74,3.77,3.6,3.71,3.79,-0.08,-2.11,138126.7,50863.5964
000573.SZ,20080707,3.61,3.84,3.6,3.79,3.64,0.15,4.12,225825.01,83493.5581
000573.SZ,20080704,3.61,3.67,3.5,3.64,3.6,0.04,1.11,210851.64,76060.4966
000573.SZ,20080703,3.52,3.66,3.36,3.6,3.49,0.11,3.15,218017.43,77156.6912
000573.SZ,20080702,3.28,3.52,3.24,3.49,3.24,0.25,7.72,83220.16,28291.9166
000573.SZ,20080701,3.3,3.34,3.2,3.24,3.27,-0.03,-0.92,22856.79,7429.1771
000573.SZ,20080630,3.24,3.33,3.18,3.27,3.2,0.07,2.19,22283.8,7226.5297
000573.SZ,20080627,3.39,3.43,3.16,3.2,3.47,-0.27,-7.78,40464.07,13289.1268
000573.SZ,20080626,3.47,3.55,3.4,3.47,3.47,0.0,0.0,46086.12,15997.1329
000573.SZ,20080625,3.25,3.51,3.22,3.47,3.26,0.21,6.44,59429.41,20218.6303
000573.SZ,20080624,3.18,3.28,3.13,3.26,3.17,0.09,2.84,31271.08,10067.3652
000573.SZ,20080623,3.24,3.24,3.15,3.17,3.19,-0.02,-0.63,20961.22,6709.7751
000573.SZ,20080620,3.11,3.28,3.03,3.19,3.11,0.08,2.57,45702.7,14584.4903
000573.SZ,20080619,3.4,3.4,3.11,3.11,3.46,-0.35,-10.12,44787.91,14530.2522
000573.SZ,20080618,3.27,3.53,3.02,3.46,3.29,0.17,5.17,50029.26,16684.7397
000573.SZ,20080617,3.57,3.62,3.26,3.29,3.56,-0.27,-7.58,35610.71,12230.2895
000573.SZ,20080616,3.7,3.8,3.49,3.56,3.73,-0.17,-4.56,34152.2,12311.3482
000573.SZ,20080613,3.78,3.87,3.69,3.73,3.78,-0.05,-1.32,45438.14,17234.5979
000573.SZ,20080612,3.75,3.85,3.63,3.78,3.78,0.0,0.0,34496.77,12925.0777
000573.SZ,20080611,3.88,3.88,3.71,3.78,3.88,-0.1,-2.58,36529.54,13805.5504
000573.SZ,20080610,4.24,4.24,3.88,3.88,4.31,-0.43,-9.98,37117.5,14757.0937
000573.SZ,20080606,4.39,4.39,4.28,4.31,4.33,-0.02,-0.46,19521.34,8411.8421
000573.SZ,20080605,4.38,4.38,4.3,4.33,4.39,-0.06,-1.37,19977.12,8650.3757
000573.SZ,20080604,4.44,4.44,4.3,4.39,4.4,-0.01,-0.23,33813.95,14735.5892
000573.SZ,20080603,4.49,4.49,4.38,4.4,4.48,-0.08,-1.79,28065.87,12392.7082
000573.SZ,20080602,4.39,4.48,4.33,4.48,4.37,0.11,2.52,36269.71,16023.0123
000573.SZ,20080530,4.43,4.49,4.32,4.37,4.44,-0.07,-1.58,43785.86,19211.3534
000573.SZ,20080529,4.52,4.68,4.44,4.44,4.53,-0.09,-1.99,71528.1,32670.3371
000573.SZ,20080528,4.4,4.58,4.33,4.53,4.38,0.15,3.42,62808.28,28241.2356
000573.SZ,20080527,4.34,4.46,4.31,4.38,4.36,0.02,0.46,31192.96,13665.1607
000573.SZ,20080526,4.47,4.53,4.36,4.36,4.48,-0.12,-2.68,38172.9,16948.5219
000573.SZ,20080523,4.47,4.5,4.3,4.48,4.43,0.05,1.13,42864.87,18978.7326
000573.SZ,20080522,4.45,4.52,4.36,4.43,4.45,-0.02,-0.45,39063.97,17384.0739
000573.SZ,20080521,4.28,4.46,4.25,4.45,4.29,0.16,3.73,51110.05,22165.3242
000573.SZ,20080520,4.68,4.69,4.27,4.29,4.62,-0.33,-7.14,57777.88,25897.3415
000573.SZ,20080519,4.67,4.7,4.52,4.62,4.78,-0.16,-3.35,45977.73,21221.0189
000573.SZ,20080515,4.86,4.97,4.76,4.78,4.87,-0.09,-1.85,101255.47,49394.2453
000573.SZ,20080514,4.88,4.92,4.78,4.87,4.9,-0.03,-0.61,102181.69,49570.7985
000573.SZ,20080513,4.82,4.97,4.62,4.9,4.8,0.1,2.08,267353.07,129965.3329
000573.SZ,20080512,4.49,4.84,4.36,4.8,4.53,0.27,5.96,108815.12,50203.0327
000573.SZ,20080509,4.62,4.65,4.45,4.53,4.6,-0.07,-1.52,74395.76,33769.294
000573.SZ,20080508,4.45,4.6,4.35,4.6,4.52,0.08,1.77,78017.14,34996.4579
000573.SZ,20080507,4.62,4.7,4.51,4.52,4.61,-0.09,-1.95,83015.97,38198.7922
000573.SZ,20080506,4.65,4.7,4.55,4.61,4.69,-0.08,-1.71,79950.6,36943.9462
000573.SZ,20080505,4.58,4.75,4.47,4.69,4.56,0.13,2.85,92989.77,42594.346
000573.SZ,20080430,4.38,4.6,4.35,4.56,4.38,0.18,4.11,104509.28,46819.0279
000573.SZ,20080429,4.41,4.46,4.25,4.38,4.53,-0.15,-3.31,118866.91,51627.5737
000573.SZ,20080428,4.66,4.69,4.44,4.53,4.7,-0.17,-3.62,59377.07,27147.8567
000573.SZ,20080425,4.76,4.88,4.61,4.7,4.69,0.01,0.21,88657.76,42074.5376
000573.SZ,20080424,4.61,4.69,4.49,4.69,4.26,0.43,10.09,146462.62,67495.2237
000573.SZ,20080423,4.13,4.29,4.01,4.26,4.11,0.15,3.65,29307.59,12308.6348
000573.SZ,20080422,4.1,4.17,3.82,4.11,4.18,-0.07,-1.67,37102.17,14897.2611
000573.SZ,20080421,4.65,4.66,4.1,4.18,4.32,-0.14,-3.24,38227.19,16715.6502
000573.SZ,20080418,4.81,4.85,4.3,4.32,4.78,-0.46,-9.62,37888.11,17180.4805
000573.SZ,20080417,4.96,5.05,4.72,4.78,4.96,-0.18,-3.63,41104.15,20069.8327
000573.SZ,20080416,5.21,5.21,4.95,4.96,5.21,-0.25,-4.8,26890.06,13519.1153
000573.SZ,20080415,5.04,5.21,4.97,5.21,5.04,0.17,3.37,27372.0,13877.1465
000573.SZ,20080414,5.3,5.3,5.01,5.04,5.36,-0.32,-5.97,31906.53,16341.6725
000573.SZ,20080411,5.17,5.39,5.17,5.36,5.17,0.19,3.68,31315.2,16530.5131
000573.SZ,20080410,4.98,5.18,4.95,5.17,5.04,0.13,2.58,26909.25,13725.612
000573.SZ,20080409,5.37,5.44,5.0,5.04,5.4,-0.36,-6.67,39904.6,20957.6225
000573.SZ,20080408,5.35,5.49,5.25,5.4,5.34,0.06,1.12,42674.8,22905.1648
000573.SZ,20080407,5.09,5.35,4.99,5.34,5.09,0.25,4.91,41161.57,21551.0058
000573.SZ,20080403,4.94,5.16,4.82,5.09,4.94,0.15,3.04,34573.62,17344.4129
000573.SZ,20080402,5.3,5.36,4.89,4.94,5.17,-0.23,-4.45,51738.02,26341.335
000573.SZ,20080401,5.65,5.79,5.15,5.17,5.7,-0.53,-9.3,40942.53,22105.445
000573.SZ,20080331,5.8,5.93,5.65,5.7,5.94,-0.24,-4.04,24680.35,14267.5833
000573.SZ,20080328,5.6,5.99,5.5,5.94,5.69,0.25,4.39,40875.57,23478.5342
000573.SZ,20080327,5.98,5.98,5.69,5.69,6.01,-0.32,-5.32,33705.44,19594.437
000573.SZ,20080326,6.17,6.18,5.98,6.01,6.1,-0.09,-1.48,39617.25,24048.6711
000573.SZ,20080325,6.1,6.16,5.89,6.1,6.07,0.03,0.49,58297.46,35234.1705
000573.SZ,20080324,6.0,6.19,5.96,6.07,5.96,0.11,1.85,70880.86,43047.0748
000573.SZ,20080321,5.96,6.08,5.85,5.96,5.95,0.01,0.17,45659.18,27323.752
000573.SZ,20080320,5.72,6.02,5.45,5.95,5.74,0.21,3.66,56322.02,32577.1521
000573.SZ,20080319,5.51,5.85,5.48,5.74,5.45,0.29,5.32,58187.23,33059.5652
000573.SZ,20080318,5.91,6.05,5.31,5.45,5.9,-0.45,-7.63,58956.53,33211.3218
000573.SZ,20080317,6.48,6.51,5.81,5.9,6.46,-0.56,-8.67,62562.0,38529.4506
000573.SZ,20080314,6.43,6.52,6.35,6.46,6.43,0.03,0.47,32645.49,21026.2986
000573.SZ,20080313,6.63,6.69,6.32,6.43,6.63,-0.2,-3.02,62564.51,40537.4726
000573.SZ,20080312,6.96,7.0,6.62,6.63,6.89,-0.26,-3.77,55957.24,37937.4319
000573.SZ,20080311,6.7,6.9,6.6,6.89,6.97,-0.08,-1.15,60469.57,40835.929
000573.SZ,20080307,7.06,7.15,6.9,6.97,7.11,-0.14,-1.97,97345.47,68197.8405
000573.SZ,20080306,7.12,7.35,7.09,7.11,7.07,0.04,0.57,209661.49,151257.185
000573.SZ,20080305,6.87,7.07,6.85,7.07,6.92,0.15,2.17,100673.92,70139.1309
000573.SZ,20080304,7.05,7.05,6.9,6.92,7.02,-0.1,-1.42,90233.71,62970.3684
000573.SZ,20080303,6.84,7.08,6.82,7.02,6.83,0.19,2.78,87914.67,61312.7642
000573.SZ,20080229,6.73,6.9,6.73,6.83,6.77,0.06,0.89,43628.09,29741.0303
000573.SZ,20080228,6.88,6.89,6.71,6.77,6.86,-0.09,-1.31,53188.88,36175.5784
000573.SZ,20080227,6.68,6.94,6.58,6.86,6.7,0.16,2.39,82095.4,56071.805
000573.SZ,20080226,6.79,6.9,6.35,6.7,6.63,0.07,1.06,75234.82,49472.7038
000573.SZ,20080225,6.91,7.0,6.6,6.63,6.9,-0.27,-3.91,60054.95,40677.1183
000573.SZ,20080222,7.01,7.13,6.83,6.9,7.04,-0.14,-1.99,81805.81,57154.3971
000573.SZ,20080221,7.03,7.12,6.85,7.04,7.08,-0.04,-0.57,84490.79,59013.9254
000573.SZ,20080220,7.21,7.21,6.98,7.08,7.19,-0.11,-1.53,110043.02,78034.5013
000573.SZ,20080219,7.16,7.25,7.05,7.19,7.16,0.03,0.42,123870.77,88610.9583
000573.SZ,20080218,6.99,7.27,6.88,7.16,6.85,0.31,4.53,152414.13,108593.473
000573.SZ,20080215,6.95,7.0,6.75,6.85,7.01,-0.16,-2.28,48551.19,33249.4042
000573.SZ,20080214,6.93,7.08,6.88,7.01,6.87,0.14,2.04,58123.42,40644.5617
000573.SZ,20080213,6.86,7.08,6.75,6.87,6.96,-0.09,-1.29,69130.42,48035.9428
000573.SZ,20080205,6.71,7.1,6.64,6.96,6.79,0.17,2.5,143562.49,99176.7011
000573.SZ,20080204,6.39,6.86,6.38,6.79,6.25,0.54,8.64,99128.75,66625.2628
000573.SZ,20080201,6.52,6.63,6.0,6.25,6.55,-0.3,-4.58,52902.58,33277.7737
000573.SZ,20080131,6.65,6.77,6.51,6.55,6.74,-0.19,-2.82,65496.99,43778.8141
000573.SZ,20080130,6.55,6.74,6.5,6.74,6.55,0.19,2.9,80771.51,53747.2983
000573.SZ,20080129,6.4,6.57,6.3,6.55,6.35,0.2,3.15,36889.06,23850.3481
000573.SZ,20080128,6.71,6.81,6.25,6.35,6.81,-0.46,-6.75,69711.68,45087.5918
000573.SZ,20080125,6.59,6.87,6.5,6.81,6.62,0.19,2.87,105003.99,70467.281
000573.SZ,20080124,6.5,6.68,6.42,6.62,6.46,0.16,2.48,70791.29,46637.3729
000573.SZ,20080123,6.17,6.52,6.17,6.46,6.17,0.29,4.7,88991.72,56734.215
000573.SZ,20080122,6.77,6.77,6.13,6.17,6.81,-0.64,-9.4,115229.94,73124.1363
000573.SZ,20080121,7.04,7.2,6.8,6.81,7.05,-0.24,-3.4,101634.68,71739.8413
000573.SZ,20080118,6.85,7.05,6.8,7.05,6.85,0.2,2.92,72160.09,49907.9671
000573.SZ,20080117,7.01,7.13,6.58,6.85,7.06,-0.21,-2.97,119830.94,82585.0751
000573.SZ,20080116,7.24,7.24,7.0,7.06,7.26,-0.2,-2.75,105864.37,75227.1758
000573.SZ,20080115,7.26,7.33,7.15,7.26,7.2,0.06,0.83,127462.92,92289.6551
000573.SZ,20080114,7.0,7.25,7.0,7.2,6.99,0.21,3.0,122111.79,87461.8354
000573.SZ,20080111,7.13,7.16,6.85,6.99,7.09,-0.1,-1.41,87226.91,60918.6533
000573.SZ,20080110,7.15,7.2,7.05,7.09,7.05,0.04,0.57,115395.57,82185.5422
000573.SZ,20080109,6.91,7.07,6.87,7.05,6.91,0.14,2.03,84093.77,58792.7683
000573.SZ,20080108,7.2,7.25,6.85,6.91,7.19,-0.28,-3.89,159830.38,113067.6714
000573.SZ,20080107,7.18,7.35,7.16,7.19,7.17,0.02,0.28,126595.98,91657.6515
000573.SZ,20080104,7.19,7.22,7.03,7.17,7.18,-0.01,-0.14,99954.53,71200.2986
000573.SZ,20080103,7.05,7.18,6.97,7.18,7.02,0.16,2.28,135244.1,95743.3254
000573.SZ,20080102,6.83,7.09,6.75,7.02,6.82,0.2,2.93,150149.27,104807.9372
000573.SZ,20071228,6.87,6.9,6.74,6.82,6.87,-0.05,-0.73,107092.8,72809.0357
000573.SZ,20071227,6.84,6.95,6.74,6.87,6.81,0.06,0.88,139853.28,95909.8197
000573.SZ,20071226,6.65,6.84,6.61,6.81,6.63,0.18,2.71,156461.71,105328.8546
000573.SZ,20071225,6.6,6.64,6.53,6.63,6.59,0.04,0.61,88989.53,58645.4194
000573.SZ,20071224,6.61,6.71,6.58,6.59,6.6,-0.01,-0.15,128012.76,85192.7797
000573.SZ,20071221,6.45,6.63,6.43,6.6,6.49,0.11,1.69,147391.02,96499.138
000573.SZ,20071220,6.37,6.52,6.32,6.49,6.35,0.14,2.2,79417.83,51359.33
000573.SZ,20071219,6.31,6.43,6.26,6.35,6.24,0.11,1.76,57214.76,36364.7493
000573.SZ,20071218,6.25,6.32,6.23,6.24,6.25,-0.01,-0.16,42918.59,26905.861
000573.SZ,20071217,6.42,6.44,6.21,6.25,6.39,-0.14,-2.19,81949.73,51391.1307
000573.SZ,20071214,6.25,6.41,6.2,6.39,6.38,0.01,0.16,62209.2,39172.545
000573.SZ,20071213,6.55,6.63,6.37,6.38,6.57,-0.19,-2.89,91992.28,60192.0574
000573.SZ,20071212,6.56,6.6,6.42,6.57,6.56,0.01,0.15,87337.48,56832.0574
000573.SZ,20071211,6.48,6.58,6.42,6.56,6.5,0.06,0.92,94519.91,61496.0476
000573.SZ,20071210,6.29,6.55,6.26,6.5,6.43,0.07,1.09,80284.62,51651.2874
000573.SZ,20071207,6.4,6.45,6.35,6.43,6.4,0.03,0.47,50239.34,32175.3945
000573.SZ,20071206,6.5,6.51,6.33,6.4,6.51,-0.11,-1.69,47518.51,30374.7424
000573.SZ,20071205,6.43,6.54,6.43,6.51,6.38,0.13,2.04,134247.68,87150.2232
000573.SZ,20071204,6.3,6.45,6.23,6.38,6.26,0.12,1.92,74527.42,47133.3514
000573.SZ,20071203,6.18,6.3,6.11,6.26,6.16,0.1,1.62,34240.16,21340.2531
000573.SZ,20071130,6.22,6.26,6.1,6.16,6.22,-0.06,-0.96,33439.64,20613.0982
000573.SZ,20071129,6.15,6.26,6.08,6.22,6.1,0.12,1.97,45230.66,27956.5723
000573.SZ,20071128,6.22,6.26,6.08,6.1,6.17,-0.07,-1.13,26958.96,16571.4952
000573.SZ,20071127,6.15,6.29,6.12,6.17,6.19,-0.02,-0.32,22325.19,13791.7418
000573.SZ,20071126,6.39,6.45,6.17,6.19,6.3,-0.11,-1.75,31915.02,20078.2913
000573.SZ,20071123,6.1,6.31,6.08,6.3,6.12,0.18,2.94,25343.1,15669.0994
000573.SZ,20071122,6.32,6.38,6.1,6.12,6.41,-0.29,-4.52,44802.69,27984.9216
000573.SZ,20071121,6.62,6.62,6.4,6.41,6.61,-0.2,-3.03,50116.08,32607.4837
000573.SZ,20071120,6.49,6.71,6.42,6.61,6.51,0.1,1.54,94673.16,62534.4012
000573.SZ,20071119,6.29,6.55,6.28,6.51,6.27,0.24,3.83,60933.18,39111.5761
000573.SZ,20071116,6.24,6.3,6.16,6.27,6.3,-0.03,-0.48,45445.42,28205.849
000573.SZ,20071115,6.48,6.48,6.28,6.3,6.49,-0.19,-2.93,51121.5,32450.6754
000573.SZ,20071114,6.38,6.51,6.32,6.49,6.33,0.16,2.53,49782.7,32037.762
000573.SZ,20071113,6.4,6.5,6.26,6.33,6.34,-0.01,-0.16,42067.43,26768.7167
000573.SZ,20071112,6.34,6.47,6.16,6.34,6.4,-0.06,-0.94,52622.29,33219.4448
000573.SZ,20071109,6.31,6.51,6.29,6.4,6.41,-0.01,-0.16,53344.13,34089.5175
000573.SZ,20071108,6.91,6.92,6.4,6.41,6.91,-0.5,-7.24,88102.82,59209.7696
000573.SZ,20071107,6.89,6.93,6.6,6.91,6.82,0.09,1.32,99508.5,67423.1481
000573.SZ,20071106,6.75,6.88,6.62,6.82,6.75,0.07,1.04,65566.6,44379.1332
000573.SZ,20071105,6.55,6.79,6.3,6.75,6.6,0.15,2.27,70956.39,46911.9859
000573.SZ,20071102,6.69,6.92,6.52,6.6,6.75,-0.15,-2.22,76548.35,51411.5003
000573.SZ,20071101,6.99,7.05,6.67,6.75,6.93,-0.18,-2.6,108818.97,74272.4467
000573.SZ,20071031,6.54,7.08,6.45,6.93,6.48,0.45,6.94,143185.7,97221.9671
000573.SZ,20071030,6.34,6.49,6.17,6.48,6.29,0.19,3.02,71393.62,45013.0633
000573.SZ,20071029,6.3,6.44,6.12,6.29,6.27,0.02,0.32,55563.96,34795.5601
000573.SZ,20071026,6.03,6.4,5.95,6.27,6.16,0.11,1.79,79739.67,49749.867
000573.SZ,20071025,6.84,6.84,6.15,6.16,6.83,-0.67,-9.81,125965.48,79940.0264
000573.SZ,20071024,7.24,7.31,6.7,6.83,7.23,-0.4,-5.53,120360.2,84003.8902
000573.SZ,20071023,7.15,7.49,7.05,7.23,6.9,0.33,4.78,203944.6,147771.7119
000573.SZ,20071022,6.99,7.37,6.83,6.9,7.19,-0.29,-4.03,266984.08,190748.9233
000573.SZ,20071018,7.18,7.19,6.9,7.19,6.54,0.65,9.94,428218.99,306938.9634
000573.SZ,20071017,6.77,6.77,6.5,6.54,6.76,-0.22,-3.25,90687.14,59635.2151
000573.SZ,20071016,6.56,6.81,6.5,6.76,6.56,0.2,3.05,80755.15,53893.239
000573.SZ,20071015,6.91,6.98,6.41,6.56,6.88,-0.32,-4.65,137846.66,90671.582
000573.SZ,20071012,7.3,7.38,6.54,6.88,7.27,-0.39,-5.36,211624.24,146767.776
000573.SZ,20071011,7.52,7.64,7.25,7.27,7.52,-0.25,-3.32,144922.34,108607.2199
000573.SZ,20071010,7.53,7.6,7.4,7.52,7.52,0.0,0.0,143653.98,107734.5612
000573.SZ,20071009,7.51,7.64,7.4,7.52,7.51,0.01,0.13,110449.44,83178.8386
000573.SZ,20071008,7.42,7.65,7.25,7.51,7.3,0.21,2.88,132361.8,99050.8208
000573.SZ,20070928,7.16,7.38,7.16,7.3,7.2,0.1,1.39,78917.97,57633.6756
000573.SZ,20070927,7.21,7.24,7.05,7.2,7.21,-0.01,-0.14,78839.47,56394.5342
000573.SZ,20070926,7.42,7.49,7.18,7.21,7.41,-0.2,-2.7,81257.71,59233.5581
000573.SZ,20070925,7.44,7.56,7.33,7.41,7.42,-0.01,-0.13,76518.32,56902.043
000573.SZ,20070924,7.45,7.56,7.2,7.42,7.45,-0.03,-0.4,115292.98,85254.545
000573.SZ,20070921,7.75,7.82,7.3,7.45,7.73,-0.28,-3.62,146500.42,109712.2725
000573.SZ,20070920,7.98,7.98,7.64,7.73,7.98,-0.25,-3.13,184742.97,143616.8926
000573.SZ,20070919,7.8,8.19,7.7,7.98,7.82,0.16,2.05,447182.51,355310.8508
000573.SZ,20070918,7.7,7.88,7.53,7.82,7.7,0.12,1.56,196872.6,151352.4976
000573.SZ,20070917,7.4,7.77,7.31,7.7,7.39,0.31,4.19,205595.53,156421.1061
000573.SZ,20070914,7.6,7.61,7.26,7.39,7.49,-0.1,-1.34,144193.46,107286.6311
000573.SZ,20070913,7.2,7.5,7.1,7.49,7.18,0.31,4.32,134658.44,98691.9605
000573.SZ,20070912,7.03,7.28,6.97,7.18,7.08,0.1,1.41,148669.22,105466.701
000573.SZ,20070911,7.75,7.76,7.0,7.08,7.78,-0.7,-9.0,159292.27,119822.3139
000573.SZ,20070910,7.5,7.79,7.4,7.78,7.56,0.22,2.91,170118.93,130209.1842
000573.SZ,20070907,7.78,7.78,7.5,7.56,7.8,-0.24,-3.08,180717.96,136804.9017
000573.SZ,20070906,7.8,7.96,7.76,7.8,7.8,0.0,0.0,169238.73,132461.3864
000573.SZ,20070905,7.98,8.03,7.55,7.8,7.98,-0.18,-2.26,211813.09,164391.5171
000573.SZ,20070904,8.17,8.38,7.9,7.98,8.03,-0.05,-0.62,526838.29,429563.5785
000573.SZ,20070903,7.75,8.1,7.63,8.03,7.63,0.4,5.24,402480.18,319420.0813
000573.SZ,20070831,7.55,7.8,7.55,7.63,7.53,0.1,1.33,197016.91,151418.9821
000573.SZ,20070830,7.4,7.58,7.3,7.53,7.4,0.13,1.76,159656.26,118946.3806
000573.SZ,20070829,7.21,7.65,7.1,7.4,7.2,0.2,2.78,186628.3,138775.222
000573.SZ,20070828,7.27,7.28,7.01,7.2,7.33,-0.13,-1.77,191860.83,137044.8822
000573.SZ,20070827,7.66,7.75,7.28,7.33,7.61,-0.28,-3.68,217632.93,162692.1283
000573.SZ,20070824,7.78,7.86,7.55,7.61,7.75,-0.14,-1.81,218652.48,167544.4364
000573.SZ,20070823,7.65,7.97,7.53,7.75,7.76,-0.01,-0.13,264394.77,204536.3691
000573.SZ,20070822,7.55,7.87,7.5,7.76,7.75,0.01,0.13,188219.41,145288.6823
000573.SZ,20070821,7.99,7.99,7.71,7.75,7.88,-0.13,-1.65,164933.64,128634.0024
000573.SZ,20070820,7.8,7.99,7.75,7.88,7.62,0.26,3.41,154783.88,122142.5798
000573.SZ,20070817,7.79,7.93,7.57,7.62,7.79,-0.17,-2.18,133810.18,103335.3685
000573.SZ,20070816,7.95,7.95,7.7,7.79,7.75,0.04,0.52,155445.69,121617.3832
000573.SZ,20070815,7.88,7.94,7.42,7.75,7.87,-0.12,-1.52,179092.85,137577.3668
000573.SZ,20070814,7.5,8.0,7.39,7.87,7.61,0.26,3.42,168423.66,131223.8844
000573.SZ,20070813,7.95,7.96,7.56,7.61,8.12,-0.51,-6.28,276305.91,212477.7291
000573.SZ,20070810,8.57,8.58,7.91,8.12,8.66,-0.54,-6.24,273579.29,223314.1335
000573.SZ,20070809,8.36,8.8,8.31,8.66,8.5,0.16,1.88,342395.11,293043.5838
000573.SZ,20070808,8.3,8.5,7.99,8.5,8.55,-0.05,-0.58,349376.77,286114.283
000573.SZ,20070807,9.01,9.1,8.48,8.55,8.89,-0.34,-3.82,486976.79,424085.9734
000573.SZ,20070806,8.2,8.89,8.09,8.89,8.08,0.81,10.02,842057.23,720124.238
000573.SZ,20070803,7.55,8.2,7.55,8.08,7.45,0.63,8.46,705604.91,557338.1611
000573.SZ,20070802,7.0,7.49,7.0,7.45,6.87,0.58,8.44,327802.29,238099.9711
000573.SZ,20070801,7.44,7.67,6.7,6.87,7.43,-0.56,-7.54,307413.46,222713.9674
000573.SZ,20070731,7.61,7.61,7.29,7.43,7.64,-0.21,-2.75,260276.75,193838.1183
000573.SZ,20070730,7.46,7.94,7.31,7.64,7.46,0.18,2.41,371976.03,285088.5075
000573.SZ,20070727,7.11,7.56,6.95,7.46,7.15,0.31,4.34,350287.51,254731.4307
000573.SZ,20070726,7.12,7.25,6.86,7.15,7.09,0.06,0.85,297633.2,211215.7052
000573.SZ,20070725,6.92,7.25,6.92,7.09,6.89,0.2,2.9,314223.86,223529.5033
000573.SZ,20070724,6.6,7.25,6.43,6.89,6.59,0.3,4.55,473416.12,326699.4588
000573.SZ,20070723,6.38,6.86,6.38,6.59,6.24,0.35,5.61,549396.83,363955.4861
000573.SZ,20070720,5.67,6.24,5.62,6.24,5.67,0.57,10.05,366087.06,223711.1163
000573.SZ,20070719,5.73,5.83,5.61,5.67,5.75,-0.08,-1.39,81592.85,46606.1512
000573.SZ,20070718,5.68,5.95,5.58,5.75,5.72,0.03,0.52,224523.74,130515.5062
000573.SZ,20070717,5.3,5.84,5.2,5.72,5.4,0.32,5.93,161853.86,91015.292
000573.SZ,20070716,5.72,5.73,5.4,5.4,5.72,-0.32,-5.59,98838.2,54475.2702
000573.SZ,20070713,5.82,5.85,5.52,5.72,5.75,-0.03,-0.52,108228.47,61296.502
000573.SZ,20070712,5.75,5.96,5.7,5.75,5.72,0.03,0.52,328394.33,191519.4658
000573.SZ,20070711,5.4,5.76,5.33,5.72,5.5,0.22,4.0,251734.43,141117.5268
000573.SZ,20070710,5.27,5.59,5.11,5.5,5.29,0.21,3.97,197220.27,104644.092
000573.SZ,20070709,5.11,5.39,5.08,5.29,5.09,0.2,3.93,146589.91,76895.8954
000573.SZ,20070706,4.68,5.12,4.68,5.09,4.67,0.42,8.99,144818.32,71052.9949
000573.SZ,20070705,5.06,5.1,4.65,4.67,5.16,-0.49,-9.5,111933.35,54568.9498
000573.SZ,20070704,5.36,5.36,5.11,5.16,5.38,-0.22,-4.09,84160.43,43797.7534
000573.SZ,20070703,5.35,5.42,5.21,5.38,5.27,0.11,2.09,123186.69,65724.1106
000573.SZ,20070702,5.05,5.28,4.96,5.27,5.02,0.25,4.98,120139.06,61379.2712
000573.SZ,20070629,5.13,5.34,4.9,5.02,5.39,-0.37,-6.86,164869.64,84422.33
000573.SZ,20070628,5.87,6.08,5.36,5.39,5.86,-0.47,-8.02,178963.58,103543.9303
000573.SZ,20070627,5.9,5.97,5.64,5.86,5.85,0.01,0.17,158329.42,92450.0209
000573.SZ,20070626,5.26,5.88,5.21,5.85,5.66,0.19,3.36,191237.14,104693.8361
000573.SZ,20070625,6.28,6.45,5.66,5.66,6.29,-0.63,-10.02,195862.28,116039.5456
000573.SZ,20070622,6.89,6.93,6.17,6.29,6.85,-0.56,-8.18,252333.48,164360.1808
000573.SZ,20070621,6.76,6.95,6.62,6.85,6.9,-0.05,-0.72,214311.87,145116.3143
000573.SZ,20070620,7.19,7.34,6.84,6.9,7.19,-0.29,-4.03,271797.57,194553.7465
000573.SZ,20070619,7.09,7.26,6.9,7.19,7.09,0.1,1.41,276823.98,197238.2594
000573.SZ,20070618,6.93,7.28,6.93,7.09,6.9,0.19,2.75,256290.3,182144.2508
000573.SZ,20070615,7.0,7.16,6.73,6.9,7.11,-0.21,-2.95,273047.62,189985.616
000573.SZ,20070614,7.2,7.35,6.92,7.11,6.92,0.19,2.75,691873.45,499257.4883
000573.SZ,20070613,6.31,6.92,6.31,6.92,6.29,0.63,10.02,255309.0,171179.8167
000573.SZ,20070612,6.4,6.48,5.76,6.29,6.4,-0.11,-1.72,351387.69,217807.0249
000573.SZ,20070611,6.6,6.68,6.4,6.4,6.56,-0.16,-2.44,296650.7,193603.1329
000573.SZ,20070608,6.55,6.75,6.4,6.56,6.53,0.03,0.46,333245.95,219448.3137
000573.SZ,20070607,6.29,6.6,6.13,6.53,6.3,0.23,3.65,362530.57,231469.4858
000573.SZ,20070606,6.18,6.43,5.81,6.3,6.15,0.15,2.44,410368.81,254902.9257
000573.SZ,20070605,5.66,6.24,5.66,6.15,6.29,-0.14,-2.23,492354.65,283139.0193
000573.SZ,20070604,6.77,6.77,6.29,6.29,6.99,-0.7,-10.01,136081.0,86552.2922
000573.SZ,20070601,7.77,7.9,6.99,6.99,7.77,-0.78,-10.04,327024.01,237327.0338
000573.SZ,20070531,8.3,8.45,7.71,7.77,8.57,-0.8,-9.33,430501.98,339857.3266
000573.SZ,20070530,8.79,9.33,8.57,8.57,9.52,-0.95,-9.98,387333.56,343560.4874
000573.SZ,20070529,9.45,9.59,9.3,9.52,9.44,0.08,0.85,359367.96,339690.5082
000573.SZ,20070528,9.42,9.79,9.42,9.44,9.42,0.02,0.21,396123.29,377998.3655
000573.SZ,20070525,9.33,9.8,9.11,9.42,9.41,0.01,0.11,488708.75,466625.5863
000573.SZ,20070524,8.95,9.49,8.7,9.41,8.93,0.48,5.38,641309.4,585506.9497
000573.SZ,20070523,8.74,9.0,8.65,8.93,8.73,0.2,2.29,379768.19,336111.9607
000573.SZ,20070522,8.84,9.22,8.7,8.73,8.7,0.03,0.34,690950.35,615306.1156
000573.SZ,20070521,7.65,8.79,7.56,8.7,8.01,0.69,8.61,543036.05,446965.9792
000573.SZ,20070517,7.91,8.1,7.87,8.01,7.88,0.13,1.65,288870.44,230552.4398
000573.SZ,20070516,7.7,7.94,7.45,7.88,7.75,0.13,1.68,253518.89,195565.5718
000573.SZ,20070515,8.17,8.35,7.71,7.75,8.16,-0.41,-5.02,355250.33,285204.9179
000573.SZ,20070514,7.8,8.4,7.7,8.16,7.95,0.21,2.64,360605.22,294626.3583
000573.SZ,20070511,8.02,8.02,7.7,7.95,8.02,-0.07,-0.87,303751.55,240065.4743
000573.SZ,20070510,8.13,8.22,7.78,8.02,8.01,0.01,0.12,560789.3,449885.6536
000573.SZ,20070509,7.3,8.01,7.1,8.01,7.28,0.73,10.03,657358.46,497073.2262
000573.SZ,20070508,7.1,7.35,7.05,7.28,6.92,0.36,5.2,399365.13,289721.7974
000573.SZ,20070430,6.85,7.09,6.57,6.92,6.88,0.04,0.58,428116.33,292014.293
000573.SZ,20070427,7.06,7.11,6.8,6.88,7.06,-0.18,-2.55,342699.72,237621.8098
000573.SZ,20070426,6.84,7.2,6.84,7.06,6.84,0.22,3.22,418916.9,295752.8763
000573.SZ,20070425,6.65,6.98,6.5,6.84,6.78,0.06,0.89,378705.92,256478.5316
000573.SZ,20070424,6.6,7.0,6.41,6.78,6.56,0.22,3.35,527750.15,357908.0052
000573.SZ,20070423,6.22,6.67,6.22,6.56,6.17,0.39,6.32,459384.33,297278.7575
000573.SZ,20070420,5.85,6.21,5.85,6.17,5.87,0.3,5.11,297531.25,181530.8251
000573.SZ,20070419,6.38,6.39,5.72,5.87,6.36,-0.49,-7.7,361375.88,218764.786
000573.SZ,20070418,6.12,6.48,6.12,6.36,6.12,0.24,3.92,392575.15,249026.7653
000573.SZ,20070417,5.93,6.14,5.86,6.12,5.92,0.2,3.38,389385.28,234011.878
000573.SZ,20070416,5.8,5.94,5.75,5.92,5.81,0.11,1.89,248155.48,145717.7934
000573.SZ,20070413,6.05,6.07,5.77,5.81,6.13,-0.32,-5.22,397285.37,234802.2892
000573.SZ,20070412,6.14,6.18,6.03,6.13,6.13,0.0,0.0,307840.54,187599.2954
000573.SZ,20070411,6.0,6.2,5.94,6.13,5.97,0.16,2.68,326646.95,198571.3137
000573.SZ,20070410,6.0,6.08,5.75,5.97,6.0,-0.03,-0.5,254443.08,150922.8669
000573.SZ,20070409,6.01,6.14,5.9,6.0,6.0,0.0,0.0,445260.2,267637.2604
000573.SZ,20070406,5.7,6.11,5.7,6.0,5.65,0.35,6.19,693331.22,411761.7579
000573.SZ,20070405,5.26,5.65,5.21,5.65,5.26,0.39,7.41,385101.8,209664.4842
000573.SZ,20070404,5.2,5.35,5.12,5.26,5.18,0.08,1.54,220522.36,115597.815
000573.SZ,20070403,5.21,5.25,5.11,5.18,5.2,-0.02,-0.38,149013.12,77026.6187
000573.SZ,20070402,5.09,5.27,5.03,5.2,5.09,0.11,2.16,144107.41,74084.0066
000573.SZ,20070330,4.91,5.12,4.84,5.09,4.98,0.11,2.21,153133.61,77256.0288
000573.SZ,20070329,5.36,5.36,4.98,4.98,5.37,-0.39,-7.26,283520.6,145686.4134
000573.SZ,20070328,5.59,5.62,5.13,5.37,5.62,-0.25,-4.45,311011.02,167808.9482
000573.SZ,20070327,5.36,5.68,5.31,5.62,5.36,0.26,4.85,271391.78,149103.7412
000573.SZ,20070326,5.23,5.44,5.2,5.36,5.22,0.14,2.68,207665.98,110501.5297
000573.SZ,20070323,5.17,5.3,5.1,5.22,5.19,0.03,0.58,203098.32,105792.7255
000573.SZ,20070322,5.25,5.42,5.15,5.19,5.24,-0.05,-0.95,235662.23,124431.2587
000573.SZ,20070321,5.28,5.3,5.05,5.24,5.26,-0.02,-0.38,291017.99,151162.8112
000573.SZ,20070320,4.85,5.35,4.8,5.26,4.9,0.36,7.35,452242.77,232358.0283
000573.SZ,20070319,4.28,4.96,4.2,4.9,4.51,0.39,8.65,479070.43,228966.9151
000573.SZ,20070316,4.68,4.75,4.37,4.51,4.67,-0.16,-3.43,222019.22,101441.7388
000573.SZ,20070315,4.64,4.79,4.61,4.67,4.65,0.02,0.43,205895.71,96881.9045
000573.SZ,20070314,4.5,4.85,4.3,4.65,4.58,0.07,1.53,300413.58,138525.2483
000573.SZ,20070313,4.5,4.72,4.43,4.58,4.47,0.11,2.46,322123.71,147918.2443
000573.SZ,20070312,4.2,4.48,4.15,4.47,4.19,0.28,6.68,300992.58,130642.8417
000573.SZ,20070309,4.22,4.28,4.13,4.19,4.25,-0.06,-1.41,139567.55,58600.2505
000573.SZ,20070308,4.15,4.27,4.08,4.25,4.14,0.11,2.66,194386.26,81141.6741
000573.SZ,20070307,4.14,4.18,4.1,4.14,4.11,0.03,0.73,159408.05,65949.5339
000573.SZ,20070306,4.09,4.11,3.99,4.11,4.12,-0.01,-0.24,117229.29,47408.174
000573.SZ,20070305,4.2,4.23,3.9,4.12,4.16,-0.04,-0.96,192617.37,78485.691
000573.SZ,20070302,4.24,4.28,4.12,4.16,4.24,-0.08,-1.89,206919.27,86547.6856
000573.SZ,20070301,4.16,4.34,4.1,4.24,4.1,0.14,3.41,450138.35,189087.4319
000573.SZ,20070228,3.77,4.1,3.75,4.1,3.77,0.33,8.75,320317.36,126763.0116
000573.SZ,20070227,4.14,4.22,3.73,3.77,4.14,-0.37,-8.94,474265.56,190372.2271
000573.SZ,20070226,3.8,4.17,3.72,4.14,3.79,0.35,9.23,391554.28,158106.7561
000573.SZ,20070216,3.75,3.87,3.69,3.79,3.72,0.07,1.88,224464.17,84824.9843
000573.SZ,20070215,3.65,3.72,3.61,3.72,3.62,0.1,2.76,172415.15,63494.8519
000573.SZ,20070214,3.55,3.65,3.54,3.62,3.56,0.06,1.69,130575.63,47229.3317
000573.SZ,20070213,3.58,3.62,3.51,3.56,3.56,0.0,0.0,90033.01,31967.8471
000573.SZ,20070212,3.52,3.6,3.5,3.56,3.53,0.03,0.85,97025.32,34609.4134
000573.SZ,20070209,3.43,3.59,3.39,3.53,3.42,0.11,3.22,162244.89,56732.9252
000573.SZ,20070208,3.43,3.45,3.36,3.42,3.41,0.01,0.29,99370.66,33841.2893
000573.SZ,20070207,3.47,3.5,3.36,3.41,3.43,-0.02,-0.58,94057.3,32254.2036
000573.SZ,20070206,3.3,3.44,3.3,3.43,3.3,0.13,3.94,81917.83,27852.7683
000573.SZ,20070205,3.24,3.32,3.22,3.3,3.25,0.05,1.54,76640.13,25107.5484
000573.SZ,20070202,3.31,3.36,3.23,3.25,3.31,-0.06,-1.81,88142.87,29009.0738
000573.SZ,20070201,3.28,3.35,3.17,3.31,3.32,-0.01,-0.3,119641.82,39348.812
000573.SZ,20070131,3.47,3.55,3.27,3.32,3.55,-0.23,-6.48,143756.29,49149.3581
000573.SZ,20070130,3.7,3.7,3.52,3.55,3.69,-0.14,-3.79,150896.56,54289.4562
000573.SZ,20070129,3.7,3.75,3.57,3.69,3.66,0.03,0.82,182000.98,66831.6681
000573.SZ,20070126,3.51,3.74,3.27,3.66,3.63,0.03,0.83,236199.8,82388.1341
000573.SZ,20070125,3.98,3.98,3.62,3.63,3.8,-0.17,-4.47,677034.78,258525.3027
000573.SZ,20070124,3.43,3.8,3.36,3.8,3.45,0.35,10.14,441014.62,158391.4747
000573.SZ,20070123,3.34,3.49,3.2,3.45,3.33,0.12,3.6,317319.39,105398.3509
000573.SZ,20070122,3.16,3.34,3.16,3.33,3.14,0.19,6.05,251089.69,81676.0671
000573.SZ,20070119,3.06,3.17,3.05,3.14,3.05,0.09,2.95,194068.66,60224.4837
000573.SZ,20070118,3.08,3.08,2.9,3.05,3.12,-0.07,-2.24,235780.66,70360.6157
000573.SZ,20070117,3.36,3.36,3.05,3.12,3.34,-0.22,-6.59,244024.57,77988.6351
000573.SZ,20070116,3.37,3.38,3.24,3.34,3.32,0.02,0.6,141148.96,46543.066
000573.SZ,20070115,3.2,3.33,3.18,3.32,3.21,0.11,3.43,147848.34,48166.4066
000573.SZ,20070112,3.3,3.45,3.2,3.21,3.35,-0.14,-4.18,166150.5,54654.7956
000573.SZ,20070111,3.35,3.57,3.29,3.35,3.35,0.0,0.0,258189.14,88149.569
000573.SZ,20070110,3.4,3.45,3.26,3.35,3.26,0.09,2.76,505085.34,168791.1224
000573.SZ,20070109,3.0,3.26,2.96,3.26,2.96,0.3,10.14,315326.3,98191.5277
000573.SZ,20070108,2.86,2.98,2.85,2.96,2.88,0.08,2.78,123081.72,36083.9413
000573.SZ,20070105,2.81,2.9,2.79,2.88,2.83,0.05,1.77,74221.08,21124.9704
000573.SZ,20070104,2.9,2.93,2.82,2.83,2.88,-0.05,-1.74,116187.2,33181.1514
000573.SZ,20061229,2.9,2.97,2.86,2.88,2.89,-0.01,-0.35,121869.76,35369.5954
000573.SZ,20061228,3.03,3.06,2.86,2.89,3.0,-0.11,-3.67,276309.83,82059.4666
000573.SZ,20061227,2.81,3.03,2.8,3.0,2.81,0.19,6.76,238740.63,70017.5716
000573.SZ,20061226,2.89,2.94,2.79,2.81,2.91,-0.1,-3.44,71372.89,20408.3247
000573.SZ,20061225,2.9,2.96,2.85,2.91,2.9,0.01,0.34,121806.73,35440.1047
000573.SZ,20061222,2.88,2.94,2.82,2.9,2.87,0.03,1.05,94114.38,27143.2028
000573.SZ,20061221,2.8,2.95,2.78,2.87,2.85,0.02,0.7,175395.58,50316.4632
000573.SZ,20061220,2.72,2.86,2.68,2.85,2.74,0.11,4.01,126444.2,35035.4535
000573.SZ,20061219,2.77,2.78,2.7,2.74,2.78,-0.04,-1.44,83543.77,22751.8608
000573.SZ,20061218,2.83,2.83,2.74,2.78,2.8,-0.02,-0.71,91911.94,25631.8719
000573.SZ,20061215,2.74,2.88,2.7,2.8,2.74,0.06,2.19,96362.95,26970.2094
000573.SZ,20061214,2.68,2.77,2.67,2.74,2.69,0.05,1.86,58345.9,15880.7979
000573.SZ,20061213,2.7,2.74,2.67,2.69,2.72,-0.03,-1.1,53387.73,14381.3435
000573.SZ,20061212,2.76,2.78,2.65,2.72,2.76,-0.04,-1.45,51276.3,13929.0076
000573.SZ,20061211,2.66,2.76,2.65,2.76,2.66,0.1,3.76,70814.56,19238.2728
000573.SZ,20061208,2.83,2.83,2.65,2.66,2.84,-0.18,-6.34,108533.68,29652.2078
000573.SZ,20061207,2.9,2.98,2.84,2.84,2.89,-0.05,-1.73,140828.76,40856.5466
000573.SZ,20061206,3.0,3.02,2.79,2.89,3.03,-0.14,-4.62,202888.79,59126.6468
000573.SZ,20061205,2.92,3.15,2.92,3.03,2.87,0.16,5.57,438622.5,132316.6742
000573.SZ,20061204,2.69,2.88,2.68,2.87,2.69,0.18,6.69,238305.61,66301.7246
000573.SZ,20061201,2.76,2.77,2.68,2.69,2.75,-0.06,-2.18,105107.14,28562.0355
000573.SZ,20061130,2.7,2.79,2.69,2.75,2.69,0.06,2.23,135849.81,37234.1777
000573.SZ,20061129,2.64,2.74,2.58,2.69,2.67,0.02,0.75,97721.39,26328.3998
000573.SZ,20061128,2.65,2.71,2.62,2.67,2.63,0.04,1.52,89707.03,23979.2558
000573.SZ,20061127,2.64,2.66,2.59,2.63,2.64,-0.01,-0.38,62708.18,16419.2782
000573.SZ,20061124,2.55,2.75,2.51,2.64,2.56,0.08,3.13,113769.41,29906.3751
000573.SZ,20061123,2.54,2.61,2.54,2.56,2.53,0.03,1.19,54630.87,14066.1852
000573.SZ,20061121,2.57,2.57,2.5,2.53,2.58,-0.05,-1.94,41228.87,10396.293
000573.SZ,20061120,2.55,2.62,2.51,2.58,2.54,0.04,1.57,58998.6,15174.6299
000573.SZ,20061117,2.45,2.6,2.45,2.54,2.46,0.08,3.25,47208.91,11926.5146
000573.SZ,20061116,2.55,2.55,2.46,2.46,2.55,-0.09,-3.53,38203.24,9576.3533
000573.SZ,20061115,2.5,2.57,2.43,2.55,2.47,0.08,3.24,44981.19,11268.2
000573.SZ,20061114,2.48,2.5,2.41,2.47,2.48,-0.01,-0.4,31028.36,7590.4726
000573.SZ,20061113,2.53,2.6,2.43,2.48,2.54,-0.06,-2.36,46189.72,11617.9101
000573.SZ,20061110,2.62,2.64,2.52,2.54,2.62,-0.08,-3.05,49890.73,12870.8132
000573.SZ,20061109,2.55,2.65,2.53,2.62,2.57,0.05,1.95,45680.05,11938.209
000573.SZ,20061108,2.59,2.59,2.53,2.57,2.59,-0.02,-0.77,24753.25,6340.5229
000573.SZ,20061107,2.6,2.63,2.52,2.59,2.6,-0.01,-0.38,50612.84,12971.0851
000573.SZ,20061106,2.66,2.66,2.59,2.6,2.66,-0.06,-2.26,72500.69,18961.2286
000573.SZ,20061103,2.65,2.72,2.64,2.66,2.66,0.0,0.0,104163.43,27853.5232
000573.SZ,20061102,2.78,2.78,2.62,2.66,2.8,-0.14,-5.0,176159.5,47559.6798
000573.SZ,20061101,2.57,2.81,2.56,2.8,2.55,0.25,9.8,470031.45,127201.5445
000573.SZ,20061031,2.52,2.56,2.5,2.55,2.52,0.03,1.19,103922.45,26376.2108
000573.SZ,20061030,2.42,2.52,2.37,2.52,2.39,0.13,5.44,66786.91,16214.9297
000573.SZ,20061027,2.46,2.47,2.39,2.39,2.44,-0.05,-2.05,34912.27,8460.8905
000573.SZ,20061026,2.5,2.5,2.43,2.44,2.48,-0.04,-1.61,52985.76,13045.8714
000573.SZ,20061025,2.53,2.55,2.47,2.48,2.52,-0.04,-1.59,45265.73,11342.9193
000573.SZ,20061024,2.49,2.54,2.49,2.52,2.48,0.04,1.61,61125.9,15350.0003
000573.SZ,20061023,2.59,2.6,2.48,2.48,2.61,-0.13,-4.98,47485.31,12082.331
000573.SZ,20061020,2.6,2.62,2.56,2.61,2.58,0.03,1.16,63765.1,16514.4001
000573.SZ,20061019,2.63,2.63,2.57,2.58,2.63,-0.05,-1.9,53016.03,13717.2115
000573.SZ,20061018,2.58,2.63,2.58,2.63,2.58,0.05,1.94,59890.54,15550.3355
000573.SZ,20061017,2.58,2.63,2.56,2.58,2.58,0.0,0.0,39286.31,10157.8465
000573.SZ,20061016,2.6,2.61,2.56,2.58,2.6,-0.02,-0.77,54896.2,14195.2174
000573.SZ,20061013,2.6,2.63,2.59,2.6,2.6,0.0,0.0,47339.84,12340.1963
000573.SZ,20061012,2.66,2.68,2.6,2.6,2.65,-0.05,-1.89,67713.3,17837.5189
000573.SZ,20061011,2.69,2.7,2.64,2.65,2.67,-0.02,-0.75,112574.61,29949.3709
000573.SZ,20061010,2.57,2.68,2.55,2.67,2.58,0.09,3.49,164257.98,43411.3694
000573.SZ,20061009,2.6,2.63,2.55,2.58,2.6,-0.02,-0.77,70074.19,18118.2264
000573.SZ,20060929,2.57,2.6,2.57,2.6,2.58,0.02,0.78,65752.71,17019.6917
000573.SZ,20060928,2.6,2.6,2.55,2.58,2.59,-0.01,-0.39,87675.48,22586.8359
000573.SZ,20060927,2.51,2.59,2.48,2.59,2.5,0.09,3.6,112294.94,28666.6007
000573.SZ,20060926,2.55,2.56,2.47,2.5,2.55,-0.05,-1.96,39995.2,9999.2488
000573.SZ,20060925,2.53,2.6,2.52,2.55,2.54,0.01,0.39,74567.71,19107.2869
000573.SZ,20060922,2.58,2.6,2.52,2.54,2.58,-0.04,-1.55,74812.29,19144.1094
000573.SZ,20060921,2.6,2.62,2.55,2.58,2.58,0.0,0.0,117586.04,30431.0651
000573.SZ,20060920,2.5,2.58,2.48,2.58,2.5,0.08,3.2,163928.57,41805.9483
000573.SZ,20060919,2.56,2.56,2.49,2.5,2.55,-0.05,-1.96,120230.27,30233.4642
000573.SZ,20060918,2.46,2.57,2.46,2.55,2.46,0.09,3.66,110211.01,27752.8425
000573.SZ,20060915,2.42,2.47,2.42,2.46,2.42,0.04,1.65,36914.02,9050.3317
000573.SZ,20060914,2.4,2.45,2.4,2.42,2.42,0.0,0.0,18659.68,4499.7409
000573.SZ,20060913,2.43,2.46,2.41,2.42,2.43,-0.01,-0.41,26555.26,6466.4921
000573.SZ,20060912,2.44,2.46,2.42,2.43,2.46,-0.03,-1.22,24468.48,5968.448
000573.SZ,20060911,2.41,2.48,2.38,2.46,2.43,0.03,1.23,29036.4,7030.1603
000573.SZ,20060908,2.42,2.46,2.42,2.43,2.43,0.0,0.0,17115.43,4170.7616
000573.SZ,20060907,2.49,2.5,2.42,2.43,2.49,-0.06,-2.41,23358.56,5698.8416
000573.SZ,20060906,2.52,2.52,2.44,2.49,2.51,-0.02,-0.8,25821.29,6387.6502
000573.SZ,20060905,2.52,2.57,2.5,2.51,2.49,0.02,0.8,49826.11,12586.9215
000573.SZ,20060904,2.44,2.5,2.44,2.49,2.47,0.02,0.81,27814.33,6890.5891
000573.SZ,20060901,2.52,2.56,2.43,2.47,2.54,-0.07,-2.76,37864.38,9470.9578
000573.SZ,20060831,2.55,2.59,2.51,2.54,2.57,-0.03,-1.17,47757.38,12151.9876
000573.SZ,20060830,2.42,2.58,2.4,2.57,2.44,0.13,5.33,86149.69,21653.2943
000573.SZ,20060829,2.48,2.52,2.42,2.44,2.48,-0.04,-1.61,57836.36,14321.1611
000573.SZ,20060828,2.41,2.49,2.35,2.48,2.4,0.08,3.33,65980.78,16140.5641
000573.SZ,20060825,2.4,2.42,2.38,2.4,2.4,0.0,0.0,25331.67,6073.2313
000573.SZ,20060824,2.37,2.43,2.35,2.4,2.37,0.03,1.27,58306.68,13934.4933
000573.SZ,20060823,2.36,2.4,2.33,2.37,2.36,0.01,0.42,28267.08,6712.0331
000573.SZ,20060822,2.32,2.38,2.3,2.36,2.32,0.04,1.72,21855.08,5128.3904
000573.SZ,20060821,2.28,2.33,2.2,2.32,2.34,-0.02,-0.85,16374.61,3745.7041
000573.SZ,20060818,2.36,2.41,2.34,2.34,2.35,-0.01,-0.43,18023.86,4275.1949
000573.SZ,20060817,2.38,2.38,2.31,2.35,2.38,-0.03,-1.26,24610.97,5739.8688
000573.SZ,20060816,2.34,2.42,2.32,2.38,2.36,0.02,0.85,45434.79,10863.1538
000573.SZ,20060815,2.25,2.37,2.23,2.36,2.25,0.11,4.89,33376.13,7720.4206
000573.SZ,20060814,2.33,2.36,2.24,2.25,2.34,-0.09,-3.85,23124.45,5272.4314
000573.SZ,20060811,2.34,2.37,2.3,2.34,2.34,0.0,0.0,15759.79,3676.3551
000573.SZ,20060810,2.3,2.35,2.3,2.34,2.3,0.04,1.74,17005.27,3966.3519
000573.SZ,20060809,2.29,2.3,2.25,2.3,2.3,0.0,0.0,12833.35,2932.2954
000573.SZ,20060808,2.23,2.3,2.23,2.3,2.23,0.07,3.14,14191.21,3220.2149
000573.SZ,20060807,2.31,2.31,2.22,2.23,2.33,-0.1,-4.29,24771.45,5590.8034
000573.SZ,20060804,2.42,2.45,2.33,2.33,2.43,-0.1,-4.12,16624.08,3963.8115
000573.SZ,20060803,2.45,2.47,2.41,2.43,2.44,-0.01,-0.41,11338.98,2759.8621
000573.SZ,20060802,2.43,2.47,2.36,2.44,2.44,0.0,0.0,31381.32,7557.0337
000573.SZ,20060801,2.47,2.51,2.43,2.44,2.47,-0.03,-1.21,19152.44,4728.3962
000573.SZ,20060731,2.58,2.58,2.46,2.47,2.59,-0.12,-4.63,32018.31,8022.0091
000573.SZ,20060728,2.57,2.61,2.54,2.59,2.58,0.01,0.39,25454.07,6543.8329
000573.SZ,20060727,2.62,2.65,2.56,2.58,2.63,-0.05,-1.9,31053.06,8032.4279
000573.SZ,20060726,2.65,2.66,2.59,2.63,2.65,-0.02,-0.75,28103.27,7389.2007
000573.SZ,20060725,2.69,2.71,2.65,2.65,2.68,-0.03,-1.12,36255.17,9688.5584
000573.SZ,20060724,2.56,2.73,2.5,2.68,2.59,0.09,3.47,56657.05,14964.1759
000573.SZ,20060721,2.56,2.6,2.56,2.59,2.57,0.02,0.78,23494.77,6079.8624
000573.SZ,20060720,2.58,2.6,2.54,2.57,2.58,-0.01,-0.39,21333.77,5482.9887
000573.SZ,20060719,2.68,2.68,2.55,2.58,2.67,-0.09,-3.37,28865.28,7476.7548
000573.SZ,20060718,2.68,2.7,2.58,2.67,2.68,-0.01,-0.37,43429.54,11489.8952
000573.SZ,20060717,2.65,2.69,2.63,2.68,2.63,0.05,1.9,60182.04,16016.8515
000573.SZ,20060714,2.52,2.64,2.48,2.63,2.54,0.09,3.54,61862.97,15980.0724
000573.SZ,20060713,2.73,2.74,2.51,2.54,2.75,-0.21,-7.64,97596.83,25690.1341
000573.SZ,20060712,2.72,2.79,2.7,2.75,2.74,0.01,0.37,75272.47,20662.5695
000573.SZ,20060711,2.75,2.77,2.71,2.74,2.74,0.0,0.0,41108.47,11238.9039
000573.SZ,20060710,2.74,2.76,2.7,2.74,2.76,-0.02,-0.72,46622.76,12755.172
000573.SZ,20060707,2.82,2.83,2.71,2.76,2.8,-0.04,-1.43,99380.27,27570.0637
000573.SZ,20060706,2.7,2.8,2.67,2.8,2.68,0.12,4.48,195373.33,53677.1077
000573.SZ,20060705,2.75,2.76,2.63,2.68,2.73,-0.05,-1.83,120878.16,32550.6879
000573.SZ,20060704,2.72,2.78,2.7,2.73,2.72,0.01,0.37,160626.75,43969.5182
000573.SZ,20060703,2.69,2.75,2.63,2.72,2.66,0.06,2.26,141725.82,38262.589
000573.SZ,20060630,2.56,2.68,2.54,2.66,2.56,0.1,3.91,155560.48,40894.4888
000573.SZ,20060629,2.5,2.57,2.5,2.56,2.5,0.06,2.4,80574.09,20501.2875
000573.SZ,20060628,2.57,2.57,2.49,2.5,2.57,-0.07,-2.72,72449.79,18211.9228
000573.SZ,20060627,2.6,2.6,2.55,2.57,2.6,-0.03,-1.15,52343.21,13442.2444
000573.SZ,20060626,2.56,2.62,2.55,2.6,2.57,0.03,1.17,64960.91,16817.3459
000573.SZ,20060623,2.58,2.59,2.55,2.57,2.6,-0.03,-1.15,52442.62,13460.2453
000573.SZ,20060622,2.57,2.64,2.54,2.6,2.58,0.02,0.78,67779.97,17598.0797
000573.SZ,20060621,2.63,2.64,2.55,2.58,2.63,-0.05,-1.9,104700.3,27044.7369
000573.SZ,20060620,2.75,2.75,2.58,2.63,2.7,-0.07,-2.59,295552.73,78209.2614
000573.SZ,20060619,2.7,2.7,2.52,2.7,2.74,-0.04,-1.46,234062.34,61646.3916
000573.SZ,20060616,2.22,2.79,2.22,2.74,3.65,-0.91,-24.93,464214.19,117472.9235
000573.SZ,20060519,3.52,3.71,3.5,3.65,3.52,0.13,3.69,93847.4,34097.4975
000573.SZ,20060518,3.53,3.53,3.39,3.52,3.54,-0.02,-0.57,56110.08,19349.5045
000573.SZ,20060517,3.45,3.6,3.44,3.54,3.48,0.06,1.72,43841.39,15452.9105
000573.SZ,20060516,3.63,3.69,3.42,3.48,3.63,-0.15,-4.13,72810.37,25880.4646
000573.SZ,20060515,3.77,3.77,3.51,3.63,3.43,0.2,5.83,113833.39,41554.9754
000573.SZ,20060421,3.33,3.6,3.27,3.43,3.33,0.1,3.0,123644.63,42753.7541
000573.SZ,20060420,3.15,3.34,3.1,3.33,3.15,0.18,5.71,78433.49,25274.8366
000573.SZ,20060419,3.1,3.23,3.09,3.15,3.1,0.05,1.61,42699.77,13436.4806
000573.SZ,20060418,3.13,3.16,3.08,3.1,3.15,-0.05,-1.59,39891.39,12452.5717
000573.SZ,20060417,3.18,3.26,3.12,3.15,3.21,-0.06,-1.87,49449.6,15659.4693
000573.SZ,20060414,3.06,3.22,3.04,3.21,3.08,0.13,4.22,61085.02,19082.905
000573.SZ,20060413,3.23,3.27,3.07,3.08,3.26,-0.18,-5.52,66171.64,21088.96
000573.SZ,20060412,3.15,3.28,3.12,3.26,3.18,0.08,2.52,86996.77,27911.9935
000573.SZ,20060411,2.97,3.27,2.95,3.18,2.97,0.21,7.07,146126.1,45819.8089
000573.SZ,20060410,2.9,2.98,2.83,2.97,2.86,0.11,3.85,77711.98,22664.6433
000573.SZ,20060407,2.85,2.93,2.81,2.86,2.85,0.01,0.35,51625.42,14839.2496
000573.SZ,20060406,2.9,2.93,2.84,2.85,2.91,-0.06,-2.06,43259.59,12456.2011
000573.SZ,20060405,2.83,2.93,2.78,2.91,2.83,0.08,2.83,67580.72,19419.8309
000573.SZ,20060404,2.85,2.85,2.76,2.83,2.83,0.0,0.0,41229.06,11493.4965
000573.SZ,20060403,2.8,2.85,2.78,2.83,2.8,0.03,1.07,38307.39,10805.8988
000573.SZ,20060331,2.73,2.8,2.67,2.8,2.73,0.07,2.56,42762.98,11680.1362
000573.SZ,20060330,2.8,2.86,2.72,2.73,2.82,-0.09,-3.19,46150.08,12944.5702
000573.SZ,20060329,2.78,2.98,2.74,2.82,2.78,0.04,1.44,112557.2,32197.567
000573.SZ,20060328,2.66,2.79,2.66,2.78,2.68,0.1,3.73,75501.44,20825.1375
000573.SZ,20060327,2.6,2.69,2.59,2.68,2.59,0.09,3.47,31268.89,8306.8278
000573.SZ,20060324,2.65,2.67,2.57,2.59,2.66,-0.07,-2.63,24288.59,6362.2616
000573.SZ,20060323,2.66,2.68,2.61,2.66,2.65,0.01,0.38,23189.04,6143.8411
000573.SZ,20060322,2.59,2.66,2.56,2.65,2.59,0.06,2.32,22936.82,6008.4613
000573.SZ,20060321,2.61,2.66,2.58,2.59,2.61,-0.02,-0.77,26761.6,7034.357
000573.SZ,20060320,2.57,2.62,2.54,2.61,2.56,0.05,1.95,17277.77,4481.186
000573.SZ,20060317,2.54,2.58,2.52,2.56,2.54,0.02,0.79,14738.39,3767.7011
000573.SZ,20060316,2.56,2.59,2.53,2.54,2.56,-0.02,-0.78,12178.69,3108.4275
000573.SZ,20060315,2.54,2.57,2.51,2.56,2.54,0.02,0.79,8689.8,2210.2442
000573.SZ,20060314,2.55,2.55,2.51,2.54,2.57,-0.03,-1.17,8342.4,2113.5652
000573.SZ,20060313,2.5,2.57,2.5,2.57,2.51,0.06,2.39,10875.19,2754.5047
000573.SZ,20060310,2.5,2.53,2.49,2.51,2.5,0.01,0.4,7785.68,1953.456
000573.SZ,20060309,2.52,2.55,2.5,2.5,2.53,-0.03,-1.19,8791.56,2213.7292
000573.SZ,20060308,2.51,2.55,2.48,2.53,2.53,0.0,0.0,12438.21,3135.5512
000573.SZ,20060307,2.62,2.62,2.5,2.53,2.62,-0.09,-3.44,21607.44,5516.9367
000573.SZ,20060306,2.65,2.65,2.6,2.62,2.66,-0.04,-1.5,12324.15,3232.811
000573.SZ,20060303,2.61,2.66,2.61,2.66,2.63,0.03,1.14,23136.58,6100.7677
000573.SZ,20060302,2.73,2.73,2.61,2.63,2.74,-0.11,-4.01,27690.01,7420.3898
000573.SZ,20060301,2.76,2.77,2.71,2.74,2.75,-0.01,-0.36,29064.1,7964.611
000573.SZ,20060228,2.63,2.76,2.57,2.75,2.64,0.11,4.17,42484.52,11257.9391
000573.SZ,20060227,2.72,2.73,2.6,2.64,2.73,-0.09,-3.3,43048.29,11464.737
000573.SZ,20060224,2.75,2.77,2.71,2.73,2.75,-0.02,-0.73,34622.67,9453.1939
000573.SZ,20060223,2.75,2.76,2.68,2.75,2.72,0.03,1.1,45606.04,12418.2952
000573.SZ,20060222,2.67,2.76,2.66,2.72,2.66,0.06,2.26,76053.73,20638.7525
000573.SZ,20060221,2.65,2.68,2.58,2.66,2.63,0.03,1.14,59601.29,15657.0969
000573.SZ,20060220,2.53,2.65,2.53,2.63,2.5,0.13,5.2,68915.87,18055.6338
000573.SZ,20060217,2.47,2.56,2.47,2.5,2.49,0.01,0.4,18426.65,4643.5528
000573.SZ,20060216,2.61,2.61,2.48,2.49,2.6,-0.11,-4.23,22393.39,5662.7538
000573.SZ,20060215,2.61,2.64,2.59,2.6,2.6,0.0,0.0,19695.42,5143.9008
000573.SZ,20060214,2.58,2.62,2.55,2.6,2.58,0.02,0.78,14237.97,3688.1812
000573.SZ,20060213,2.57,2.59,2.53,2.58,2.57,0.01,0.39,15394.23,3935.2644
000573.SZ,20060210,2.54,2.59,2.52,2.57,2.55,0.02,0.78,16159.55,4131.8051
000573.SZ,20060209,2.61,2.61,2.53,2.55,2.61,-0.06,-2.3,24591.49,6296.9254
000573.SZ,20060208,2.62,2.63,2.56,2.61,2.62,-0.01,-0.38,19827.76,5133.9216
000573.SZ,20060207,2.66,2.66,2.59,2.62,2.66,-0.04,-1.5,26041.66,6811.7666
000573.SZ,20060206,2.61,2.67,2.6,2.66,2.61,0.05,1.92,27659.01,7310.6704
000573.SZ,20060125,2.58,2.62,2.53,2.61,2.6,0.01,0.38,25255.96,6506.9676
000573.SZ,20060124,2.53,2.68,2.51,2.6,2.55,0.05,1.96,48185.42,12617.8782
000573.SZ,20060123,2.59,2.6,2.52,2.55,2.59,-0.04,-1.54,23447.7,5980.8809
000573.SZ,20060120,2.5,2.63,2.48,2.59,2.51,0.08,3.19,45258.23,11588.0956
000573.SZ,20060119,2.5,2.55,2.46,2.51,2.5,0.01,0.4,29974.0,7483.3988
000573.SZ,20060118,2.36,2.52,2.36,2.5,2.36,0.14,5.93,48891.83,12042.3482
000573.SZ,20060117,2.35,2.38,2.34,2.36,2.37,-0.01,-0.42,8123.22,1918.0267
000573.SZ,20060116,2.4,2.41,2.36,2.37,2.41,-0.04,-1.66,14927.83,3565.2765
000573.SZ,20060113,2.41,2.43,2.37,2.41,2.42,-0.01,-0.41,18242.6,4374.3254
000573.SZ,20060112,2.34,2.44,2.34,2.42,2.35,0.07,2.98,22280.36,5335.7645
000573.SZ,20060111,2.38,2.38,2.33,2.35,2.39,-0.04,-1.67,16226.11,3826.8857
000573.SZ,20060110,2.4,2.4,2.35,2.39,2.39,0.0,0.0,12974.86,3084.7357
000573.SZ,20060109,2.38,2.42,2.36,2.39,2.38,0.01,0.42,18864.64,4518.5219
000573.SZ,20060106,2.36,2.4,2.34,2.38,2.35,0.03,1.28,25534.49,6062.1319
000573.SZ,20060105,2.32,2.37,2.29,2.35,2.31,0.04,1.73,21124.76,4922.2487
000573.SZ,20060104,2.28,2.32,2.27,2.31,2.28,0.03,1.32,10999.53,2530.0249
000573.SZ,20051230,2.33,2.33,2.28,2.28,2.33,-0.05,-2.15,10663.11,2456.4149
000573.SZ,20051229,2.3,2.33,2.29,2.33,2.3,0.03,1.3,15599.7,3621.9179
000573.SZ,20051228,2.29,2.31,2.27,2.3,2.3,0.0,0.0,6613.11,1513.7283
000573.SZ,20051227,2.3,2.31,2.27,2.3,2.3,0.0,0.0,7360.31,1684.964
000573.SZ,20051226,2.29,2.33,2.27,2.3,2.29,0.01,0.44,17224.17,3975.3752
000573.SZ,20051223,2.26,2.29,2.24,2.29,2.26,0.03,1.33,7262.32,1651.3497
000573.SZ,20051222,2.27,2.27,2.24,2.26,2.27,-0.01,-0.44,7744.3,1744.7614
000573.SZ,20051221,2.28,2.28,2.25,2.27,2.29,-0.02,-0.87,9855.0,2235.265
000573.SZ,20051220,2.29,2.3,2.27,2.29,2.29,0.0,0.0,7274.32,1661.903
000573.SZ,20051219,2.31,2.32,2.27,2.29,2.32,-0.03,-1.29,15357.02,3534.3709
000573.SZ,20051216,2.27,2.33,2.26,2.32,2.27,0.05,2.2,17696.27,4078.3406
000573.SZ,20051215,2.27,2.3,2.26,2.27,2.26,0.01,0.44,15100.29,3442.7341
000573.SZ,20051214,2.23,2.27,2.23,2.26,2.24,0.02,0.89,10250.46,2310.7692
000573.SZ,20051213,2.26,2.26,2.22,2.24,2.26,-0.02,-0.89,5491.84,1225.8193
000573.SZ,20051212,2.23,2.28,2.22,2.26,2.23,0.03,1.35,10800.86,2438.8516
000573.SZ,20051209,2.2,2.24,2.19,2.23,2.2,0.03,1.36,7082.38,1569.7386
000573.SZ,20051208,2.22,2.23,2.2,2.2,2.22,-0.02,-0.9,6192.0,1368.775
000573.SZ,20051207,2.21,2.22,2.2,2.22,2.21,0.01,0.45,8095.68,1787.5606
000573.SZ,20051206,2.23,2.24,2.2,2.21,2.25,-0.04,-1.78,10019.78,2225.6994
000573.SZ,20051205,2.23,2.26,2.23,2.25,2.23,0.02,0.9,28699.13,6458.3613
000573.SZ,20051202,2.22,2.24,2.19,2.23,2.23,0.0,0.0,9926.22,2205.4384
000573.SZ,20051201,2.21,2.23,2.2,2.23,2.23,0.0,0.0,7442.12,1652.2117
000573.SZ,20051130,2.22,2.23,2.19,2.23,2.22,0.01,0.45,6742.03,1488.9653
000573.SZ,20051129,2.25,2.27,2.22,2.22,2.27,-0.05,-2.2,5504.0,1233.35
000573.SZ,20051128,2.23,2.28,2.23,2.27,2.23,0.04,1.79,11856.02,2671.75
000573.SZ,20051125,2.22,2.25,2.21,2.23,2.23,0.0,0.0,4726.59,1053.9
000573.SZ,20051124,2.21,2.26,2.21,2.23,2.23,0.0,0.0,7356.8,1645.6364
000573.SZ,20051123,2.2,2.23,2.19,2.23,2.2,0.03,1.36,4627.2,1022.239
000573.SZ,20051122,2.26,2.27,2.2,2.2,2.26,-0.06,-2.65,8401.83,1878.0891
000573.SZ,20051121,2.25,2.3,2.24,2.26,2.24,0.02,0.89,13306.0,3016.8682
000573.SZ,20051118,2.17,2.24,2.16,2.24,2.18,0.06,2.75,11986.14,2655.3231
000573.SZ,20051117,2.2,2.21,2.17,2.18,2.2,-0.02,-0.91,5530.37,1210.8746
000573.SZ,20051116,2.16,2.2,2.13,2.2,2.16,0.04,1.85,6084.48,1313.2494
000573.SZ,20051115,2.2,2.23,2.16,2.16,2.2,-0.04,-1.82,7046.17,1544.7063
000573.SZ,20051114,2.17,2.22,2.17,2.2,2.17,0.03,1.38,3879.08,849.8962
000573.SZ,20051111,2.13,2.19,2.12,2.17,2.14,0.03,1.4,6573.77,1423.2332
000573.SZ,20051110,2.22,2.23,2.13,2.14,2.23,-0.09,-4.04,10048.49,2186.4824
000573.SZ,20051109,2.28,2.29,2.23,2.23,2.28,-0.05,-2.19,8529.99,1922.8727
000573.SZ,20051108,2.24,2.28,2.24,2.28,2.26,0.02,0.89,10935.36,2478.7152
000573.SZ,20051107,2.24,2.27,2.21,2.26,2.24,0.02,0.89,6118.57,1370.1217
000573.SZ,20051104,2.23,2.25,2.2,2.24,2.26,-0.02,-0.89,8770.0,1952.2022
000573.SZ,20051103,2.25,2.3,2.22,2.26,2.21,0.05,2.26,30786.73,6958.5601
000573.SZ,20051102,2.12,2.22,2.12,2.21,2.11,0.1,4.74,14091.82,3077.181
000573.SZ,20051101,2.14,2.15,2.09,2.11,2.14,-0.03,-1.4,5539.99,1168.0664
000573.SZ,20051031,2.12,2.16,2.1,2.14,2.14,0.0,0.0,7418.31,1588.2907
000573.SZ,20051028,2.17,2.18,2.08,2.14,2.17,-0.03,-1.38,11378.44,2409.4952
000573.SZ,20051027,2.18,2.2,2.14,2.17,2.19,-0.02,-0.91,12477.87,2694.8831
000573.SZ,20051026,2.3,2.3,2.18,2.19,2.32,-0.13,-5.6,14631.0,3281.7397
000573.SZ,20051025,2.4,2.4,2.31,2.32,2.37,-0.05,-2.11,12859.08,3036.3307
000573.SZ,20051024,2.35,2.38,2.32,2.37,2.35,0.02,0.85,8316.48,1961.3833
000573.SZ,20051021,2.33,2.37,2.31,2.35,2.33,0.02,0.86,14616.84,3430.3573
000573.SZ,20051020,2.34,2.34,2.29,2.33,2.33,0.0,0.0,9107.11,2101.4419
000573.SZ,20051019,2.32,2.36,2.31,2.33,2.32,0.01,0.43,14840.94,3469.9921
000573.SZ,20051018,2.27,2.32,2.26,2.32,2.27,0.05,2.2,9627.64,2206.093
000573.SZ,20051017,2.28,2.28,2.24,2.27,2.27,0.0,0.0,5927.39,1338.2548
000573.SZ,20051014,2.29,2.31,2.26,2.27,2.29,-0.02,-0.87,6939.64,1584.64
000573.SZ,20051013,2.34,2.34,2.29,2.29,2.33,-0.04,-1.72,4671.0,1079.021
000573.SZ,20051012,2.31,2.35,2.29,2.33,2.31,0.02,0.87,7615.92,1768.603
000573.SZ,20051011,2.25,2.31,2.24,2.31,2.26,0.05,2.21,5265.83,1201.0154
000573.SZ,20051010,2.3,2.3,2.25,2.26,2.3,-0.04,-1.74,4384.0,997.978
000573.SZ,20050930,2.33,2.34,2.3,2.3,2.32,-0.02,-0.86,5994.08,1388.3552
000573.SZ,20050929,2.28,2.34,2.28,2.32,2.28,0.04,1.75,8969.02,2077.8147
000573.SZ,20050928,2.27,2.3,2.26,2.28,2.27,0.01,0.44,8408.85,1918.6445
000573.SZ,20050927,2.37,2.38,2.26,2.27,2.37,-0.1,-4.22,14893.3,3412.0044
000573.SZ,20050926,2.36,2.38,2.34,2.37,2.36,0.01,0.42,6232.86,1468.3478
000573.SZ,20050923,2.38,2.41,2.35,2.36,2.39,-0.03,-1.26,16088.92,3832.1745
000573.SZ,20050922,2.5,2.5,2.32,2.39,2.51,-0.12,-4.78,30773.31,7415.0766
000573.SZ,20050921,2.59,2.59,2.51,2.51,2.6,-0.09,-3.46,28555.1,7228.5309
000573.SZ,20050920,2.64,2.65,2.57,2.6,2.65,-0.05,-1.89,23332.0,6055.4972
000573.SZ,20050919,2.57,2.67,2.56,2.65,2.58,0.07,2.71,26350.04,6909.9206
000573.SZ,20050916,2.58,2.6,2.57,2.58,2.59,-0.01,-0.39,16037.58,4149.4367
000573.SZ,20050915,2.6,2.6,2.56,2.59,2.6,-0.01,-0.38,16711.95,4311.5713
000573.SZ,20050914,2.57,2.62,2.56,2.6,2.58,0.02,0.78,25083.27,6491.7848
000573.SZ,20050913,2.52,2.59,2.5,2.58,2.53,0.05,1.98,20895.69,5343.9526
000573.SZ,20050912,2.49,2.53,2.48,2.53,2.5,0.03,1.2,11978.85,3004.8548
000573.SZ,20050909,2.57,2.58,2.49,2.5,2.56,-0.06,-2.34,28761.0,7263.0204
000573.SZ,20050908,2.6,2.68,2.54,2.56,2.54,0.02,0.79,77602.43,20232.0831
000573.SZ,20050907,2.42,2.54,2.41,2.54,2.43,0.11,4.53,33810.39,8396.0476
000573.SZ,20050906,2.5,2.57,2.41,2.43,2.51,-0.08,-3.19,34349.91,8584.6869
000573.SZ,20050905,2.45,2.52,2.44,2.51,2.45,0.06,2.45,25588.62,6349.5991
000573.SZ,20050902,2.46,2.48,2.42,2.45,2.46,-0.01,-0.41,24995.71,6127.8062
000573.SZ,20050901,2.4,2.46,2.37,2.46,2.4,0.06,2.5,35239.17,8562.1657
000573.SZ,20050831,2.33,2.42,2.31,2.4,2.35,0.05,2.13,29083.67,6907.4065
000573.SZ,20050830,2.31,2.38,2.31,2.35,2.31,0.04,1.73,17575.98,4123.4333
000573.SZ,20050829,2.32,2.39,2.31,2.31,2.36,-0.05,-2.12,15022.89,3516.109
000573.SZ,20050826,2.33,2.37,2.32,2.36,2.34,0.02,0.85,17912.85,4195.692
000573.SZ,20050825,2.28,2.35,2.26,2.34,2.28,0.06,2.63,20206.2,4657.6036
000573.SZ,20050824,2.26,2.32,2.25,2.28,2.26,0.02,0.89,10185.0,2323.873
000573.SZ,20050823,2.31,2.32,2.24,2.26,2.34,-0.08,-3.42,15754.59,3585.775
000573.SZ,20050822,2.3,2.35,2.27,2.34,2.3,0.04,1.74,15912.11,3688.33
000573.SZ,20050819,2.31,2.34,2.24,2.3,2.32,-0.02,-0.86,18756.31,4272.4529
000573.SZ,20050818,2.43,2.49,2.31,2.32,2.45,-0.13,-5.31,50832.89,12158.1257
000573.SZ,20050817,2.3,2.53,2.22,2.45,2.3,0.15,6.52,64643.71,15564.7052
000573.SZ,20050816,2.28,2.32,2.25,2.3,2.28,0.02,0.88,21696.61,4969.9116
000573.SZ,20050815,2.22,2.3,2.19,2.28,2.23,0.05,2.24,21822.95,4887.482
000573.SZ,20050812,2.32,2.34,2.22,2.23,2.33,-0.1,-4.29,27978.07,6388.928
000573.SZ,20050811,2.35,2.36,2.31,2.33,2.35,-0.02,-0.85,26088.18,6075.9009
000573.SZ,20050810,2.32,2.36,2.28,2.35,2.32,0.03,1.29,25249.59,5870.2012
000573.SZ,20050809,2.29,2.32,2.25,2.32,2.31,0.01,0.43,18439.14,4213.5379
000573.SZ,20050808,2.31,2.35,2.27,2.31,2.32,-0.01,-0.43,26425.87,6085.0561
000573.SZ,20050805,2.26,2.32,2.23,2.32,2.3,0.02,0.87,32080.56,7301.376
000573.SZ,20050804,2.24,2.36,2.2,2.3,2.24,0.06,2.68,72643.57,16726.4512
000573.SZ,20050803,2.15,2.27,2.14,2.24,2.14,0.1,4.67,52290.76,11621.0306
000573.SZ,20050802,2.08,2.14,2.08,2.14,2.1,0.04,1.9,13008.96,2750.3725
000573.SZ,20050801,2.08,2.1,2.04,2.1,2.08,0.02,0.96,7771.61,1619.8029
000573.SZ,20050729,2.1,2.11,2.06,2.08,2.12,-0.04,-1.89,10380.2,2158.843
000573.SZ,20050728,2.14,2.15,2.1,2.12,2.15,-0.03,-1.4,19730.1,4192.2473
000573.SZ,20050727,2.13,2.16,2.08,2.15,2.12,0.03,1.42,44302.86,9413.7154
000573.SZ,20050726,2.03,2.12,2.03,2.12,2.03,0.09,4.43,23255.82,4827.7989
000573.SZ,20050725,1.99,2.03,1.97,2.03,1.99,0.04,2.01,13380.92,2681.8364
000573.SZ,20050722,1.98,2.05,1.94,1.99,1.93,0.06,3.11,14328.76,2864.5148
000573.SZ,20050721,1.93,1.95,1.89,1.93,1.94,-0.01,-0.52,3513.7,675.9393
000573.SZ,20050720,1.91,1.95,1.88,1.94,1.92,0.02,1.04,5655.1,1089.4945
000573.SZ,20050719,1.85,1.94,1.85,1.92,1.87,0.05,2.67,5892.81,1118.2143
000573.SZ,20050718,1.95,1.95,1.85,1.87,1.96,-0.09,-4.59,9115.48,1718.8882
000573.SZ,20050715,2.05,2.05,1.95,1.96,2.04,-0.08,-3.92,5354.14,1068.2082
000573.SZ,20050714,2.02,2.06,2.02,2.04,2.03,0.01,0.49,4089.0,832.585
000573.SZ,20050713,2.06,2.06,2.03,2.03,2.07,-0.04,-1.93,4767.78,973.5889
000573.SZ,20050712,2.0,2.09,1.97,2.07,2.02,0.05,2.48,8392.94,1706.5262
000573.SZ,20050711,2.05,2.09,2.01,2.02,2.03,-0.01,-0.49,5339.37,1096.9737
000573.SZ,20050708,2.11,2.11,2.02,2.03,2.13,-0.1,-4.69,4868.53,1000.0462
000573.SZ,20050707,2.11,2.15,2.07,2.13,2.12,0.01,0.47,4903.63,1034.4441
000573.SZ,20050706,2.11,2.13,2.09,2.12,2.09,0.03,1.44,4076.0,860.38
000573.SZ,20050705,2.14,2.14,2.09,2.09,2.14,-0.05,-2.34,4356.0,922.3569
000573.SZ,20050704,2.2,2.2,2.05,2.14,2.23,-0.09,-4.04,8755.41,1850.1868
000573.SZ,20050701,2.29,2.33,2.2,2.23,2.31,-0.08,-3.46,9827.42,2213.8788
000573.SZ,20050630,2.37,2.38,2.3,2.31,2.38,-0.07,-2.94,7369.55,1726.4162
000573.SZ,20050629,2.46,2.46,2.37,2.38,2.45,-0.07,-2.86,6634.8,1600.8816
000573.SZ,20050628,2.48,2.48,2.42,2.45,2.48,-0.03,-1.21,4831.5,1179.179
000573.SZ,20050627,2.46,2.5,2.46,2.48,2.44,0.04,1.64,13007.82,3232.3733
000573.SZ,20050624,2.45,2.46,2.42,2.44,2.45,-0.01,-0.41,7609.81,1852.8934
000573.SZ,20050623,2.46,2.49,2.44,2.45,2.45,0.0,0.0,8079.2,1991.1254
000573.SZ,20050622,2.46,2.47,2.44,2.45,2.47,-0.02,-0.81,6047.27,1485.4428
000573.SZ,20050621,2.51,2.51,2.44,2.47,2.52,-0.05,-1.98,7870.5,1937.685
000573.SZ,20050620,2.46,2.52,2.42,2.52,2.46,0.06,2.44,18208.0,4515.8903
000573.SZ,20050617,2.42,2.52,2.38,2.46,2.39,0.07,2.93,18586.82,4574.9397
000573.SZ,20050616,2.39,2.4,2.34,2.39,2.37,0.02,0.84,7543.3,1783.0537
000573.SZ,20050615,2.47,2.47,2.37,2.37,2.47,-0.1,-4.05,6343.19,1534.982
000573.SZ,20050614,2.49,2.53,2.47,2.47,2.48,-0.01,-0.4,6964.73,1740.6726
000573.SZ,20050613,2.51,2.52,2.44,2.48,2.5,-0.02,-0.8,7267.67,1799.2821
000573.SZ,20050610,2.57,2.57,2.48,2.5,2.57,-0.07,-2.72,16305.37,4111.4307
000573.SZ,20050609,2.56,2.61,2.51,2.57,2.59,-0.02,-0.77,22169.17,5671.9831
000573.SZ,20050608,2.44,2.61,2.43,2.59,2.44,0.15,6.15,38427.01,9706.8366
000573.SZ,20050607,2.38,2.5,2.34,2.44,2.36,0.08,3.39,20610.71,4974.819
000573.SZ,20050606,2.35,2.37,2.3,2.36,2.36,0.0,0.0,3814.17,890.0438
000573.SZ,20050603,2.37,2.37,2.33,2.36,2.37,-0.01,-0.42,3188.61,750.7622
000573.SZ,20050602,2.36,2.38,2.33,2.37,2.35,0.02,0.85,3964.59,931.641
000573.SZ,20050601,2.41,2.42,2.33,2.35,2.41,-0.06,-2.49,5156.59,1218.4329
000573.SZ,20050531,2.38,2.42,2.38,2.41,2.36,0.05,2.12,8665.61,2079.7144
000573.SZ,20050530,2.35,2.37,2.32,2.36,2.34,0.02,0.85,3380.98,792.4583
000573.SZ,20050527,2.37,2.37,2.32,2.34,2.35,-0.01,-0.43,4123.5,969.7575
000573.SZ,20050526,2.38,2.38,2.31,2.35,2.36,-0.01,-0.42,4588.71,1074.3237
000573.SZ,20050524,2.3,2.36,2.3,2.36,2.3,0.06,2.61,4691.82,1097.6582
000573.SZ,20050523,2.37,2.39,2.29,2.3,2.41,-0.11,-4.56,5138.0,1194.841
000573.SZ,20050520,2.42,2.45,2.36,2.41,2.43,-0.02,-0.82,5804.6,1400.5378
000573.SZ,20050519,2.42,2.46,2.41,2.43,2.44,-0.01,-0.41,5306.65,1286.9589
000573.SZ,20050518,2.43,2.54,2.4,2.44,2.38,0.06,2.52,18483.42,4543.3095
000573.SZ,20050517,2.34,2.39,2.33,2.38,2.36,0.02,0.85,7369.11,1745.191
000573.SZ,20050516,2.4,2.4,2.32,2.36,2.37,-0.01,-0.42,3755.81,879.8488
000573.SZ,20050513,2.36,2.4,2.31,2.37,2.35,0.02,0.85,5119.51,1205.128
000573.SZ,20050512,2.4,2.4,2.33,2.35,2.39,-0.04,-1.67,3417.21,805.3874
000573.SZ,20050511,2.39,2.41,2.36,2.39,2.38,0.01,0.42,3682.0,879.1674
000573.SZ,20050510,2.38,2.43,2.25,2.38,2.41,-0.03,-1.24,7194.39,1696.1517
000573.SZ,20050509,2.45,2.48,2.35,2.41,2.43,-0.02,-0.82,10298.79,2497.0353
000573.SZ,20050429,2.45,2.45,2.41,2.43,2.45,-0.02,-0.82,3961.68,961.5099
000573.SZ,20050428,2.4,2.48,2.33,2.45,2.4,0.05,2.08,12130.71,2919.27
000573.SZ,20050427,2.45,2.47,2.38,2.4,2.44,-0.04,-1.64,5780.09,1390.5946
000573.SZ,20050426,2.36,2.46,2.32,2.44,2.35,0.09,3.83,9890.29,2379.3362
000573.SZ,20050425,2.4,2.4,2.28,2.35,2.41,-0.06,-2.49,11231.97,2614.2004
000573.SZ,20050422,2.53,2.59,2.4,2.41,2.55,-0.14,-5.49,10470.0,2596.794
000573.SZ,20050421,2.6,2.65,2.53,2.55,2.62,-0.07,-2.67,7552.56,1953.4496
000573.SZ,20050420,2.7,2.7,2.61,2.62,2.72,-0.1,-3.68,7069.22,1883.8496
000573.SZ,20050419,2.7,2.76,2.7,2.72,2.72,0.0,0.0,5082.0,1389.622
000573.SZ,20050418,2.8,2.8,2.69,2.72,2.8,-0.08,-2.86,6198.92,1680.1825
000573.SZ,20050415,2.85,2.88,2.79,2.8,2.87,-0.07,-2.44,8277.48,2344.6454
000573.SZ,20050414,2.94,2.94,2.86,2.87,2.94,-0.07,-2.38,9191.77,2659.2211
000573.SZ,20050413,2.9,2.96,2.88,2.94,2.88,0.06,2.08,8803.67,2573.1158
000573.SZ,20050412,2.92,2.94,2.88,2.88,2.94,-0.06,-2.04,5577.0,1618.644
000573.SZ,20050411,2.97,2.98,2.91,2.94,2.98,-0.04,-1.34,7115.19,2094.8885
000573.SZ,20050408,2.95,2.98,2.91,2.98,2.95,0.03,1.02,9674.29,2852.6597
000573.SZ,20050407,2.91,2.98,2.9,2.95,2.92,0.03,1.03,14012.58,4132.2593
000573.SZ,20050406,2.87,2.94,2.85,2.92,2.87,0.05,1.74,5110.59,1479.4161
000573.SZ,20050405,2.86,2.91,2.85,2.87,2.89,-0.02,-0.69,4007.24,1151.8305
000573.SZ,20050404,2.93,2.94,2.88,2.89,2.97,-0.08,-2.69,5505.0,1599.878
000573.SZ,20050401,2.9,3.02,2.86,2.97,2.9,0.07,2.41,9684.66,2842.783
000573.SZ,20050331,2.86,2.92,2.83,2.9,2.86,0.04,1.4,6153.38,1769.7688
000573.SZ,20050330,2.98,2.99,2.85,2.86,2.97,-0.11,-3.7,10829.52,3132.7682
000573.SZ,20050329,3.06,3.06,2.97,2.97,3.06,-0.09,-2.94,10956.0,3288.0591
000573.SZ,20050328,3.0,3.07,2.97,3.06,2.96,0.1,3.38,29895.71,9033.4971
000573.SZ,20050325,3.01,3.09,2.95,2.96,2.93,0.03,1.02,25087.45,7500.5163
000573.SZ,20050324,2.88,2.94,2.85,2.93,2.88,0.05,1.74,5617.84,1626.6674
000573.SZ,20050323,2.89,2.9,2.84,2.88,2.84,0.04,1.41,8923.38,2561.4969
000573.SZ,20050322,2.92,2.92,2.81,2.84,2.92,-0.08,-2.74,8603.51,2451.3277
000573.SZ,20050321,2.9,2.95,2.88,2.92,2.9,0.02,0.69,4223.01,1227.1443
000573.SZ,20050318,2.98,2.98,2.86,2.9,2.95,-0.05,-1.69,6767.59,1967.7961
000573.SZ,20050317,2.98,3.0,2.94,2.95,3.0,-0.05,-1.67,7194.97,2134.0035
000573.SZ,20050316,2.99,3.01,2.97,3.0,2.99,0.01,0.33,6410.14,1917.2219
000573.SZ,20050315,3.02,3.05,2.97,2.99,3.04,-0.05,-1.64,7386.96,2214.5412
000573.SZ,20050314,3.04,3.06,2.99,3.04,3.06,-0.02,-0.65,6226.44,1880.6236
000573.SZ,20050311,3.04,3.08,3.02,3.06,3.05,0.01,0.33,7372.97,2248.4802
000573.SZ,20050310,3.15,3.15,3.02,3.05,3.16,-0.11,-3.48,7986.67,2478.0334
000573.SZ,20050309,3.19,3.19,3.12,3.16,3.17,-0.01,-0.32,5829.77,1834.1692
000573.SZ,20050308,3.14,3.18,3.11,3.17,3.13,0.04,1.28,8157.15,2569.095
000573.SZ,20050307,3.14,3.15,3.11,3.13,3.13,0.0,0.0,4613.0,1442.5385
000573.SZ,20050304,3.14,3.16,3.1,3.13,3.14,-0.01,-0.32,4277.45,1334.4242
000573.SZ,20050303,3.1,3.17,3.1,3.14,3.11,0.03,0.96,5461.73,1710.12
000573.SZ,20050302,3.18,3.2,3.11,3.11,3.17,-0.06,-1.89,8771.0,2771.423
000573.SZ,20050301,3.17,3.19,3.15,3.17,3.17,0.0,0.0,5896.23,1866.6243
000573.SZ,20050228,3.2,3.23,3.15,3.17,3.21,-0.04,-1.25,9129.8,2906.6122
000573.SZ,20050225,3.27,3.27,3.21,3.21,3.27,-0.06,-1.83,21506.21,6969.9383
000573.SZ,20050224,3.18,3.28,3.13,3.27,3.18,0.09,2.83,21527.34,6904.2658
000573.SZ,20050223,3.16,3.21,3.14,3.18,3.19,-0.01,-0.31,13480.45,4275.3484
000573.SZ,20050222,3.13,3.21,3.11,3.19,3.13,0.06,1.92,16627.08,5262.2962
000573.SZ,20050221,3.07,3.13,3.07,3.13,3.07,0.06,1.95,4883.0,1518.4696
000573.SZ,20050218,3.12,3.12,3.07,3.07,3.11,-0.04,-1.29,4475.84,1382.4429
000573.SZ,20050217,3.09,3.12,3.07,3.11,3.11,0.0,0.0,4702.96,1455.7921
000573.SZ,20050216,3.09,3.16,3.08,3.11,3.07,0.04,1.3,9097.92,2841.4603
000573.SZ,20050204,2.99,3.1,2.98,3.07,2.98,0.09,3.02,9840.95,3011.347
000573.SZ,20050203,3.05,3.08,2.98,2.98,3.05,-0.07,-2.3,7312.25,2201.9281
000573.SZ,20050202,2.88,3.06,2.88,3.05,2.91,0.14,4.81,7095.18,2125.8619
000573.SZ,20050201,2.92,2.97,2.9,2.91,2.92,-0.01,-0.34,3517.61,1030.3559
000573.SZ,20050131,2.98,2.98,2.88,2.92,2.99,-0.07,-2.34,5199.17,1524.8318
000573.SZ,20050128,3.07,3.12,2.98,2.99,3.06,-0.07,-2.29,7189.0,2186.448
000573.SZ,20050127,3.1,3.13,3.05,3.06,3.11,-0.05,-1.61,3871.82,1194.3282
000573.SZ,20050126,3.1,3.13,3.08,3.11,3.09,0.02,0.65,4260.73,1324.395
000573.SZ,20050125,3.15,3.15,3.06,3.09,3.14,-0.05,-1.59,4327.47,1340.3802
000573.SZ,20050124,3.16,3.21,3.12,3.14,3.11,0.03,0.96,9834.67,3098.2246
000573.SZ,20050121,3.04,3.11,3.0,3.11,3.02,0.09,2.98,7333.19,2244.7529
000573.SZ,20050120,3.06,3.06,3.0,3.02,3.06,-0.04,-1.31,4112.62,1242.5926
000573.SZ,20050119,3.1,3.1,3.04,3.06,3.08,-0.02,-0.65,2980.22,913.9939
000573.SZ,20050118,3.0,3.08,3.0,3.08,3.04,0.04,1.32,5369.51,1623.8336
000573.SZ,20050117,3.05,3.1,3.0,3.04,3.12,-0.08,-2.56,5339.89,1626.6269
000573.SZ,20050114,3.1,3.14,3.08,3.12,3.12,0.0,0.0,7351.94,2286.1532
000573.SZ,20050113,3.1,3.14,3.07,3.12,3.16,-0.04,-1.27,11331.1,3512.407
000573.SZ,20050112,3.21,3.28,3.12,3.16,3.09,0.07,2.27,31886.57,10120.6187
000573.SZ,20050111,3.03,3.1,3.01,3.09,3.04,0.05,1.64,6601.22,2017.0265
000573.SZ,20050110,2.97,3.04,2.97,3.04,3.0,0.04,1.33,3631.9,1092.6749
000573.SZ,20050107,2.95,3.04,2.94,3.0,2.96,0.04,1.35,8104.19,2427.8482
000573.SZ,20050106,2.98,2.98,2.94,2.96,2.98,-0.02,-0.67,1920.81,566.8139
000573.SZ,20050105,2.92,3.03,2.9,2.98,2.9,0.08,2.76,6232.61,1856.5659
000573.SZ,20050104,2.9,2.94,2.85,2.9,2.91,-0.01,-0.34,3074.0,895.03
000573.SZ,20041231,2.95,2.98,2.89,2.91,2.95,-0.04,-1.36,4997.18,1458.4622
000573.SZ,20041230,2.96,2.98,2.91,2.95,2.95,0.0,0.0,3329.74,979.9015
000573.SZ,20041229,2.99,3.0,2.95,2.95,2.98,-0.03,-1.01,3140.4,931.312
000573.SZ,20041228,2.97,2.99,2.94,2.98,2.97,0.01,0.34,3434.24,1018.4264
000573.SZ,20041227,3.01,3.05,2.95,2.97,3.05,-0.08,-2.62,5310.0,1593.504
000573.SZ,20041224,3.07,3.07,3.01,3.05,3.04,0.01,0.33,2739.88,831.665
000573.SZ,20041223,3.1,3.12,3.02,3.04,3.11,-0.07,-2.25,4780.49,1469.9308
000573.SZ,20041222,3.03,3.12,3.01,3.11,3.03,0.08,2.64,6532.26,2011.0556
000573.SZ,20041221,3.07,3.07,3.02,3.03,3.03,0.0,0.0,3251.2,987.4166
000573.SZ,20041220,3.06,3.07,3.02,3.03,3.06,-0.03,-0.98,3803.42,1153.9416
000573.SZ,20041217,3.05,3.08,3.02,3.06,3.05,0.01,0.33,2182.09,664.1464
000573.SZ,20041216,3.06,3.08,3.04,3.05,3.09,-0.04,-1.29,3273.56,1001.3374
000573.SZ,20041215,3.07,3.12,3.01,3.09,3.08,0.01,0.32,5266.97,1607.8256
000573.SZ,20041214,3.1,3.12,3.08,3.08,3.11,-0.03,-0.96,4218.29,1306.4303
000573.SZ,20041213,3.1,3.14,3.09,3.11,3.14,-0.03,-0.96,3885.85,1210.3968
000573.SZ,20041210,3.24,3.24,3.13,3.14,3.24,-0.1,-3.09,5927.0,1884.1338
000573.SZ,20041209,3.25,3.28,3.19,3.24,3.23,0.01,0.31,7911.16,2556.7109
000573.SZ,20041208,3.22,3.28,3.19,3.23,3.23,0.0,0.0,5978.0,1932.8941
000573.SZ,20041207,3.29,3.31,3.22,3.23,3.29,-0.06,-1.82,10806.48,3534.1992
000573.SZ,20041206,3.23,3.32,3.21,3.29,3.26,0.03,0.92,15285.7,5005.492
000573.SZ,20041203,3.2,3.26,3.18,3.26,3.2,0.06,1.88,12815.68,4138.3035
000573.SZ,20041202,3.17,3.21,3.11,3.2,3.16,0.04,1.27,6103.35,1939.347
000573.SZ,20041201,3.15,3.18,3.14,3.16,3.17,-0.01,-0.32,3270.35,1031.469
000573.SZ,20041130,3.12,3.2,3.1,3.17,3.14,0.03,0.96,4011.24,1266.6785
000573.SZ,20041129,3.21,3.24,3.11,3.14,3.24,-0.1,-3.09,4895.08,1551.6369
000573.SZ,20041126,3.15,3.28,3.15,3.24,3.15,0.09,2.86,12290.16,3971.3255
000573.SZ,20041125,3.21,3.22,3.12,3.15,3.21,-0.06,-1.87,8803.14,2779.7029
000573.SZ,20041124,3.28,3.3,3.2,3.21,3.26,-0.05,-1.53,10696.0,3469.581
000573.SZ,20041123,3.27,3.27,3.23,3.26,3.26,0.0,0.0,11310.44,3676.845
000573.SZ,20041122,3.26,3.29,3.21,3.26,3.26,0.0,0.0,12289.58,3995.1731
000573.SZ,20041119,3.21,3.27,3.2,3.26,3.2,0.06,1.88,28755.98,9312.8341
000573.SZ,20041118,3.11,3.2,3.08,3.2,3.12,0.08,2.56,12147.69,3838.7511
000573.SZ,20041117,3.16,3.16,3.09,3.12,3.16,-0.04,-1.27,3822.17,1188.3227
000573.SZ,20041116,3.17,3.17,3.12,3.16,3.18,-0.02,-0.63,5314.04,1669.2128
000573.SZ,20041115,3.17,3.19,3.14,3.18,3.16,0.02,0.63,7296.6,2307.1024
000573.SZ,20041112,3.12,3.17,3.08,3.16,3.12,0.04,1.28,11400.34,3564.9783
000573.SZ,20041111,3.12,3.2,3.11,3.12,3.13,-0.01,-0.32,12774.62,4037.3202
000573.SZ,20041110,3.05,3.13,3.03,3.13,3.04,0.09,2.96,14859.08,4603.8821
000573.SZ,20041109,3.05,3.05,3.01,3.04,3.02,0.02,0.66,3461.38,1048.8263
000573.SZ,20041108,3.02,3.07,3.01,3.02,3.04,-0.02,-0.66,4652.45,1410.3969
000573.SZ,20041105,3.1,3.1,3.02,3.04,3.08,-0.04,-1.3,3822.54,1170.2596
000573.SZ,20041104,3.1,3.15,3.06,3.08,3.12,-0.04,-1.28,4537.0,1407.173
000573.SZ,20041103,3.1,3.13,3.06,3.12,3.06,0.06,1.96,4339.68,1343.1098
000573.SZ,20041102,3.04,3.09,3.04,3.06,3.04,0.02,0.66,3606.15,1104.0632
000573.SZ,20041101,3.13,3.13,3.0,3.04,3.13,-0.09,-2.88,11523.57,3509.4444
000573.SZ,20041029,3.13,3.22,3.01,3.13,3.26,-0.13,-3.99,11813.77,3720.3595
000573.SZ,20041028,3.24,3.39,3.21,3.26,3.21,0.05,1.56,36685.57,12154.8795
000573.SZ,20041027,3.15,3.22,3.06,3.21,3.1,0.11,3.55,11352.41,3559.214
000573.SZ,20041026,3.0,3.1,2.95,3.1,3.02,0.08,2.65,8438.14,2549.2706
000573.SZ,20041025,3.08,3.15,3.0,3.02,3.07,-0.05,-1.63,9302.49,2834.3795
000573.SZ,20041022,2.96,3.08,2.89,3.07,3.01,0.06,1.99,11512.57,3446.3727
000573.SZ,20041021,3.2,3.27,2.85,3.01,3.17,-0.16,-5.05,19263.75,5815.8293
000573.SZ,20041020,3.27,3.27,3.13,3.17,3.28,-0.11,-3.35,9871.63,3147.0772
000573.SZ,20041019,3.35,3.36,3.27,3.28,3.31,-0.03,-0.91,3976.87,1314.5995
000573.SZ,20041018,3.16,3.35,3.16,3.31,3.35,-0.04,-1.19,4285.54,1403.1053
000573.SZ,20041015,3.35,3.4,3.3,3.35,3.35,0.0,0.0,5499.26,1832.2704
000573.SZ,20041014,3.51,3.53,3.34,3.35,3.54,-0.19,-5.37,5896.36,2019.7538
000573.SZ,20041013,3.5,3.55,3.48,3.54,3.5,0.04,1.14,5849.85,2060.7665
000573.SZ,20041012,3.53,3.6,3.5,3.5,3.56,-0.06,-1.69,7373.46,2615.7002
000573.SZ,20041011,3.57,3.65,3.53,3.56,3.58,-0.02,-0.56,11721.79,4212.4007
000573.SZ,20041008,3.53,3.6,3.43,3.58,3.49,0.09,2.58,10885.4,3804.4142
000573.SZ,20040930,3.53,3.57,3.49,3.49,3.52,-0.03,-0.85,5804.29,2045.2511
000573.SZ,20040929,3.6,3.6,3.52,3.52,3.62,-0.1,-2.76,5523.38,1969.46
000573.SZ,20040928,3.7,3.7,3.57,3.62,3.57,0.05,1.4,4807.71,1734.8813
000573.SZ,20040927,3.63,3.69,3.55,3.57,3.63,-0.06,-1.65,8680.09,3138.1048
000573.SZ,20040924,3.75,3.8,3.63,3.63,3.75,-0.12,-3.2,18582.2,6954.5711
000573.SZ,20040923,3.65,3.77,3.65,3.75,3.67,0.08,2.18,10835.94,4000.7516
000573.SZ,20040922,3.8,3.83,3.66,3.67,3.8,-0.13,-3.42,15302.42,5703.0871
000573.SZ,20040921,3.85,3.9,3.77,3.8,3.85,-0.05,-1.3,21599.55,8277.3485
000573.SZ,20040920,3.75,3.88,3.7,3.85,3.78,0.07,1.85,27655.71,10522.094
000573.SZ,20040917,3.6,3.79,3.6,3.78,3.63,0.15,4.13,23068.6,8534.5206
000573.SZ,20040916,3.56,3.64,3.56,3.63,3.6,0.03,0.83,13187.09,4755.1331
000573.SZ,20040915,3.48,3.68,3.48,3.6,3.48,0.12,3.45,16819.32,6069.6035
000573.SZ,20040914,3.34,3.49,3.34,3.48,3.35,0.13,3.88,5300.55,1826.343
000573.SZ,20040913,3.33,3.38,3.33,3.35,3.39,-0.04,-1.18,2695.41,902.1988
000573.SZ,20040910,3.39,3.44,3.36,3.39,3.37,0.02,0.59,3675.96,1247.0037
000573.SZ,20040909,3.47,3.47,3.36,3.37,3.47,-0.1,-2.88,4099.38,1399.2446
000573.SZ,20040908,3.51,3.51,3.45,3.47,3.5,-0.03,-0.86,3523.95,1222.8912
000573.SZ,20040907,3.5,3.51,3.45,3.5,3.49,0.01,0.29,3323.39,1158.8356
000573.SZ,20040906,3.49,3.53,3.45,3.49,3.49,0.0,0.0,4112.0,1438.7195
000573.SZ,20040903,3.46,3.56,3.45,3.49,3.42,0.07,2.05,11846.06,4143.283
000573.SZ,20040902,3.32,3.43,3.31,3.42,3.35,0.07,2.09,2634.79,889.078
000573.SZ,20040901,3.44,3.44,3.33,3.35,3.42,-0.07,-2.05,2734.09,921.45
000573.SZ,20040831,3.42,3.5,3.4,3.42,3.36,0.06,1.79,5182.0,1784.8493
000573.SZ,20040830,3.32,3.38,3.27,3.36,3.32,0.04,1.2,3007.79,999.6457
000573.SZ,20040827,3.41,3.41,3.3,3.32,3.41,-0.09,-2.64,3783.2,1263.0694
000573.SZ,20040826,3.45,3.46,3.35,3.41,3.5,-0.09,-2.57,4154.0,1417.316
000573.SZ,20040825,3.5,3.58,3.42,3.5,3.52,-0.02,-0.57,4932.23,1725.4707
000573.SZ,20040824,3.36,3.6,3.3,3.52,3.36,0.16,4.76,9311.07,3255.2835
000573.SZ,20040823,3.29,3.37,3.27,3.36,3.34,0.02,0.6,3862.19,1284.4789
000573.SZ,20040820,3.35,3.4,3.22,3.34,3.37,-0.03,-0.89,7961.48,2634.95
000573.SZ,20040819,3.53,3.54,3.35,3.37,3.53,-0.16,-4.53,5529.71,1894.7643
000573.SZ,20040818,3.55,3.59,3.51,3.53,3.54,-0.01,-0.28,2491.77,883.7308
000573.SZ,20040817,3.55,3.56,3.51,3.54,3.55,-0.01,-0.28,2131.28,754.9106
000573.SZ,20040816,3.61,3.62,3.53,3.55,3.62,-0.07,-1.93,2910.39,1038.7705
000573.SZ,20040813,3.58,3.66,3.58,3.62,3.62,0.0,0.0,2186.98,793.3486
000573.SZ,20040812,3.71,3.71,3.6,3.62,3.71,-0.09,-2.43,4679.1,1699.9628
000573.SZ,20040811,3.75,3.75,3.7,3.71,3.76,-0.05,-1.33,2825.93,1051.3001
000573.SZ,20040810,3.76,3.79,3.74,3.76,3.77,-0.01,-0.27,2363.54,890.6712
000573.SZ,20040809,3.73,3.77,3.72,3.77,3.71,0.06,1.62,5189.91,1948.452
000573.SZ,20040806,3.7,3.75,3.68,3.71,3.73,-0.02,-0.54,2662.7,987.3367
000573.SZ,20040805,3.76,3.78,3.7,3.73,3.76,-0.03,-0.8,3300.01,1235.4042
000573.SZ,20040804,3.7,3.8,3.69,3.76,3.7,0.06,1.62,4791.18,1798.0483
000573.SZ,20040803,3.71,3.73,3.68,3.7,3.71,-0.01,-0.27,1880.06,695.9406
000573.SZ,20040802,3.73,3.75,3.66,3.71,3.77,-0.06,-1.59,3225.41,1190.403
000573.SZ,20040730,3.85,3.85,3.6,3.77,3.85,-0.08,-2.08,6350.73,2378.2592
000573.SZ,20040729,3.85,3.86,3.76,3.85,3.82,0.03,0.79,5674.08,2160.5504
000573.SZ,20040728,3.7,3.82,3.7,3.82,3.69,0.13,3.52,6530.7,2455.9144
000573.SZ,20040727,3.68,3.78,3.68,3.69,3.73,-0.04,-1.07,3725.42,1380.708
000573.SZ,20040726,3.79,3.79,3.69,3.73,3.76,-0.03,-0.8,3844.61,1428.0308
000573.SZ,20040723,3.75,3.78,3.71,3.76,3.74,0.02,0.53,2943.82,1098.2237
000573.SZ,20040722,3.86,3.9,3.73,3.74,3.86,-0.12,-3.11,5968.59,2262.2972
000573.SZ,20040721,3.9,3.9,3.84,3.86,3.91,-0.05,-1.28,5244.18,2027.5223
000573.SZ,20040720,3.9,3.92,3.84,3.91,3.88,0.03,0.77,18919.95,7336.6903
000573.SZ,20040719,3.79,3.88,3.73,3.88,3.79,0.09,2.37,9834.07,3750.367
000573.SZ,20040716,3.74,3.8,3.7,3.79,3.7,0.09,2.43,6403.13,2412.8387
000573.SZ,20040715,3.76,3.76,3.68,3.7,3.68,0.02,0.54,3044.8,1129.5295
000573.SZ,20040714,3.79,3.79,3.63,3.68,3.76,-0.08,-2.13,6327.62,2342.3399
000573.SZ,20040713,3.72,3.76,3.72,3.76,3.77,-0.01,-0.27,2229.0,833.8773
000573.SZ,20040712,3.83,3.85,3.71,3.77,3.83,-0.06,-1.57,4171.92,1569.8276
000573.SZ,20040709,3.95,3.95,3.82,3.83,3.87,-0.04,-1.03,2304.37,888.6428
000573.SZ,20040708,3.84,3.88,3.81,3.87,3.85,0.02,0.52,3153.12,1206.8219
000573.SZ,20040707,3.9,3.9,3.84,3.85,3.91,-0.06,-1.53,3067.03,1186.3983
000573.SZ,20040706,3.87,3.93,3.84,3.91,3.87,0.04,1.03,5929.48,2308.2934
000573.SZ,20040705,3.86,3.88,3.82,3.87,3.87,0.0,0.0,2144.83,827.6685
000573.SZ,20040702,3.88,3.88,3.81,3.87,3.87,0.0,0.0,3395.69,1305.4229
000573.SZ,20040701,3.79,3.89,3.78,3.87,3.79,0.08,2.11,6418.23,2479.137
000573.SZ,20040630,3.82,3.85,3.79,3.79,3.81,-0.02,-0.52,4893.15,1871.005
000573.SZ,20040629,3.8,3.84,3.73,3.81,3.8,0.01,0.26,5259.13,1991.3286
000573.SZ,20040628,3.81,3.88,3.8,3.8,3.9,-0.1,-2.56,4558.4,1741.0022
000573.SZ,20040625,3.96,3.96,3.89,3.9,3.95,-0.05,-1.27,3975.0,1555.082
000573.SZ,20040624,3.93,3.97,3.91,3.95,3.93,0.02,0.51,4335.25,1704.5281
000573.SZ,20040623,3.96,3.99,3.91,3.93,3.96,-0.03,-0.76,2725.35,1073.0746
000573.SZ,20040622,3.93,3.99,3.93,3.96,3.96,0.0,0.0,3040.0,1206.0194
000573.SZ,20040621,3.91,3.98,3.9,3.96,3.93,0.03,0.76,2163.03,852.8337
000573.SZ,20040618,3.92,3.96,3.89,3.93,3.91,0.02,0.51,3217.58,1261.9639
000573.SZ,20040617,4.0,4.0,3.9,3.91,4.01,-0.1,-2.49,4225.0,1670.4158
000573.SZ,20040616,3.99,4.05,3.93,4.01,3.99,0.02,0.5,8561.82,3418.7636
000573.SZ,20040615,3.86,3.99,3.84,3.99,3.87,0.12,3.1,6004.17,2347.8181
000573.SZ,20040614,3.96,4.0,3.87,3.87,3.98,-0.11,-2.76,5759.76,2246.6982
000573.SZ,20040611,3.97,4.09,3.96,3.98,3.95,0.03,0.76,5126.38,2067.9315
000573.SZ,20040610,3.97,3.97,3.91,3.95,3.96,-0.01,-0.25,7293.37,2871.4671
000573.SZ,20040609,4.05,4.08,3.96,3.96,4.06,-0.1,-2.46,6732.0,2704.9359
000573.SZ,20040608,4.14,4.15,4.04,4.06,4.15,-0.09,-2.17,4630.87,1890.514
000573.SZ,20040607,4.15,4.19,4.1,4.15,4.13,0.02,0.48,4547.78,1879.401
000573.SZ,20040603,4.2,4.25,4.12,4.13,4.23,-0.1,-2.36,6013.19,2506.7125
000573.SZ,20040602,4.21,4.29,4.2,4.23,4.25,-0.02,-0.47,5176.41,2192.5903
000573.SZ,20040601,4.18,4.28,4.18,4.25,4.16,0.09,2.16,7614.18,3228.2642
000573.SZ,20040531,4.17,4.2,4.1,4.16,4.15,0.01,0.24,2474.83,1029.9726
000573.SZ,20040528,4.2,4.2,4.13,4.15,4.18,-0.03,-0.72,3034.2,1264.7686
000573.SZ,20040527,4.09,4.22,4.07,4.18,4.1,0.08,1.95,5727.69,2389.0241
000573.SZ,20040526,4.13,4.15,4.09,4.1,4.15,-0.05,-1.2,6196.53,2545.6766
000573.SZ,20040525,4.31,4.33,4.14,4.15,4.29,-0.14,-3.26,7992.5,3365.8738
000573.SZ,20040524,4.25,4.3,4.2,4.29,4.25,0.04,0.94,4176.73,1775.2271
000573.SZ,20040521,4.24,4.27,4.2,4.25,4.25,0.0,0.0,5205.07,2201.6594
000573.SZ,20040520,4.25,4.3,4.23,4.25,4.26,-0.01,-0.23,3501.16,1488.2484
000573.SZ,20040519,4.29,4.34,4.25,4.26,4.28,-0.02,-0.47,6908.02,2970.3471
000573.SZ,20040518,4.2,4.28,4.17,4.28,4.22,0.06,1.42,5153.54,2175.0566
000573.SZ,20040517,4.21,4.28,4.19,4.22,4.24,-0.02,-0.47,4495.52,1898.2351
000573.SZ,20040514,4.32,4.35,4.21,4.24,4.33,-0.09,-2.08,5588.61,2380.6342
000573.SZ,20040513,4.35,4.35,4.3,4.33,4.35,-0.02,-0.46,4379.28,1892.2265
000573.SZ,20040512,4.24,4.35,4.24,4.35,4.25,0.1,2.35,6879.43,2971.5418
000573.SZ,20040511,4.27,4.31,4.22,4.25,4.28,-0.03,-0.7,6315.76,2697.9697
000573.SZ,20040510,4.31,4.34,4.27,4.28,4.3,-0.02,-0.47,9206.71,3967.5067
000573.SZ,20040430,4.27,4.33,4.2,4.3,4.27,0.03,0.7,8699.34,3708.1581
000573.SZ,20040429,4.27,4.33,4.25,4.27,4.28,-0.01,-0.23,5813.53,2489.0541
000573.SZ,20040428,4.24,4.3,4.19,4.28,4.26,0.02,0.47,9152.57,3881.9258
000573.SZ,20040427,4.35,4.38,4.25,4.26,4.33,-0.07,-1.62,7811.62,3359.6611
000573.SZ,20040426,4.4,4.43,4.3,4.33,4.4,-0.07,-1.59,7986.69,3491.8936
000573.SZ,20040423,4.45,4.48,4.4,4.4,4.48,-0.08,-1.79,6951.88,3080.0772
000573.SZ,20040422,4.43,4.49,4.42,4.48,4.43,0.05,1.13,5673.48,2524.5459
000573.SZ,20040421,4.46,4.48,4.41,4.43,4.45,-0.02,-0.45,7189.07,3194.473
000573.SZ,20040420,4.47,4.48,4.39,4.45,4.45,0.0,0.0,9539.72,4224.2816
000573.SZ,20040419,4.54,4.57,4.44,4.45,4.54,-0.09,-1.98,12358.34,5542.7838
000573.SZ,20040416,4.54,4.59,4.38,4.54,4.54,0.0,0.0,17142.52,7678.2492
000573.SZ,20040415,4.65,4.65,4.53,4.54,4.61,-0.07,-1.52,13373.09,6124.0511
000573.SZ,20040414,4.66,4.7,4.55,4.61,4.68,-0.07,-1.5,14644.04,6753.7016
000573.SZ,20040413,4.72,4.73,4.65,4.68,4.69,-0.01,-0.21,13157.28,6171.049
000573.SZ,20040412,4.65,4.74,4.62,4.69,4.66,0.03,0.64,13804.65,6468.3338
000573.SZ,20040409,4.81,4.86,4.62,4.66,4.81,-0.15,-3.12,23567.43,11140.372
000573.SZ,20040408,4.82,4.9,4.8,4.81,4.86,-0.05,-1.03,19187.76,9285.1438
000573.SZ,20040407,4.9,4.92,4.85,4.86,4.92,-0.06,-1.22,20692.32,10085.6385
000573.SZ,20040406,4.88,4.93,4.83,4.92,4.86,0.06,1.23,33264.03,16219.5373
000573.SZ,20040405,4.85,4.9,4.81,4.86,4.88,-0.02,-0.41,27537.4,13364.1536
000573.SZ,20040402,4.84,4.9,4.82,4.88,4.81,0.07,1.46,83010.87,40427.1897
000573.SZ,20040401,4.72,4.84,4.7,4.81,4.72,0.09,1.91,39332.56,18901.4751
000573.SZ,20040331,4.68,4.75,4.65,4.72,4.7,0.02,0.43,18200.74,8576.3279
000573.SZ,20040330,4.68,4.7,4.6,4.7,4.64,0.06,1.29,12900.88,5982.308
000573.SZ,20040329,4.69,4.72,4.62,4.64,4.69,-0.05,-1.07,13730.43,6412.1547
000573.SZ,20040326,4.7,4.74,4.67,4.69,4.7,-0.01,-0.21,10069.71,4740.8368
000573.SZ,20040325,4.77,4.77,4.68,4.7,4.77,-0.07,-1.47,13422.34,6334.7771
000573.SZ,20040324,4.77,4.82,4.71,4.77,4.78,-0.01,-0.21,17342.93,8271.8769
000573.SZ,20040323,4.85,4.85,4.73,4.78,4.85,-0.07,-1.44,22304.76,10646.4052
000573.SZ,20040322,4.7,4.86,4.65,4.85,4.7,0.15,3.19,54689.46,26140.8068
000573.SZ,20040319,4.57,4.7,4.57,4.7,4.59,0.11,2.4,18332.25,8539.0639
000573.SZ,20040318,4.68,4.73,4.55,4.59,4.68,-0.09,-1.92,16565.79,7709.999
000573.SZ,20040317,4.66,4.7,4.6,4.68,4.65,0.03,0.65,17975.41,8364.2126
000573.SZ,20040316,4.66,4.68,4.61,4.65,4.65,0.0,0.0,16568.18,7691.808
000573.SZ,20040315,4.57,4.66,4.55,4.65,4.57,0.08,1.75,14065.57,6504.0955
000573.SZ,20040312,4.62,4.62,4.54,4.57,4.62,-0.05,-1.08,9967.67,4549.4441
000573.SZ,20040311,4.53,4.64,4.48,4.62,4.53,0.09,1.99,16268.09,7431.8108
000573.SZ,20040310,4.45,4.54,4.44,4.53,4.46,0.07,1.57,10198.04,4577.8408
000573.SZ,20040309,4.45,4.54,4.45,4.46,4.48,-0.02,-0.45,15991.96,7182.9485
000573.SZ,20040308,4.6,4.62,4.46,4.48,4.62,-0.14,-3.03,16885.0,7655.9162
000573.SZ,20040305,4.68,4.69,4.61,4.62,4.69,-0.07,-1.49,13781.53,6404.1276
000573.SZ,20040304,4.64,4.69,4.59,4.69,4.65,0.04,0.86,17486.57,8116.6039
000573.SZ,20040303,4.8,4.8,4.63,4.65,4.8,-0.15,-3.13,13711.14,6450.2151
000573.SZ,20040302,4.78,4.81,4.69,4.8,4.77,0.03,0.63,25112.01,11965.9384
000573.SZ,20040301,4.73,4.77,4.65,4.77,4.7,0.07,1.49,16022.54,7563.7521
000573.SZ,20040227,4.67,4.73,4.63,4.7,4.63,0.07,1.51,12934.39,6046.3694
000573.SZ,20040226,4.68,4.74,4.56,4.63,4.71,-0.08,-1.7,24353.49,11314.3323
000573.SZ,20040225,4.85,4.92,4.69,4.71,4.85,-0.14,-2.89,31801.23,15355.7467
000573.SZ,20040224,4.87,4.88,4.62,4.85,4.89,-0.04,-0.82,45768.89,22020.7305
000573.SZ,20040223,4.82,4.97,4.8,4.89,4.81,0.08,1.66,71938.96,35224.7565
000573.SZ,20040220,4.76,4.82,4.68,4.81,4.78,0.03,0.63,32433.64,15355.1869
000573.SZ,20040219,4.85,4.87,4.76,4.78,4.8,-0.02,-0.42,26874.28,12919.6162
000573.SZ,20040218,4.74,4.85,4.71,4.8,4.76,0.04,0.84,31295.33,14960.8239
000573.SZ,20040217,4.73,4.79,4.69,4.76,4.72,0.04,0.85,23909.55,11340.6186
000573.SZ,20040216,4.59,4.72,4.59,4.72,4.6,0.12,2.61,19811.85,9244.3207
000573.SZ,20040213,4.78,4.82,4.6,4.6,4.77,-0.17,-3.56,33825.78,15824.7057
000573.SZ,20040212,4.8,4.85,4.75,4.77,4.79,-0.02,-0.42,27541.07,13197.1232
000573.SZ,20040211,4.9,4.9,4.72,4.79,4.86,-0.07,-1.44,32581.56,15559.1554
000573.SZ,20040210,4.68,4.98,4.64,4.86,4.67,0.19,4.07,79156.63,38176.9262
000573.SZ,20040209,4.67,4.76,4.64,4.67,4.64,0.03,0.65,25728.32,12060.4611
000573.SZ,20040206,4.65,4.76,4.57,4.64,4.65,-0.01,-0.22,40412.78,18786.8421
000573.SZ,20040205,4.6,4.66,4.53,4.65,4.6,0.05,1.09,37488.14,17203.4926
000573.SZ,20040204,4.57,4.72,4.56,4.6,4.58,0.02,0.44,65787.15,30441.2428
000573.SZ,20040203,4.43,4.6,4.37,4.58,4.4,0.18,4.09,47722.91,21457.7815
000573.SZ,20040202,4.36,4.5,4.33,4.4,4.33,0.07,1.62,30122.2,13253.3286
000573.SZ,20040130,4.42,4.44,4.3,4.33,4.4,-0.07,-1.59,30711.21,13416.3267
000573.SZ,20040129,4.2,4.45,4.2,4.4,4.2,0.2,4.76,37229.88,16221.593
000573.SZ,20040116,4.25,4.25,4.12,4.2,4.2,0.0,0.0,19292.49,8073.1716
000573.SZ,20040115,4.25,4.28,4.18,4.2,4.21,-0.01,-0.24,30455.93,12832.7792
000573.SZ,20040114,4.11,4.25,4.06,4.21,4.13,0.08,1.94,32733.01,13626.7215
000573.SZ,20040113,4.06,4.16,4.03,4.13,4.05,0.08,1.98,26711.22,10931.4133
000573.SZ,20040112,4.04,4.06,4.0,4.05,4.05,0.0,0.0,13325.07,5362.4759
000573.SZ,20040109,4.12,4.14,4.03,4.05,4.11,-0.06,-1.46,21469.42,8745.6959
000573.SZ,20040108,4.11,4.12,4.05,4.11,4.11,0.0,0.0,17307.69,7068.12
000573.SZ,20040107,4.01,4.12,4.0,4.11,3.99,0.12,3.01,24445.07,9908.8656
000573.SZ,20040106,4.03,4.07,3.97,3.99,4.03,-0.04,-0.99,18524.15,7406.6651
000573.SZ,20040105,4.02,4.03,3.97,4.03,4.03,0.0,0.0,18029.14,7219.568
000573.SZ,20040102,4.0,4.07,4.0,4.03,4.02,0.01,0.25,8358.19,3369.4465
000573.SZ,20031231,4.04,4.07,4.01,4.02,4.03,-0.01,-0.25,8037.32,3235.6363
000573.SZ,20031230,4.07,4.07,4.02,4.03,4.06,-0.03,-0.74,9080.91,3666.7788
000573.SZ,20031229,4.1,4.15,4.06,4.06,4.1,-0.04,-0.98,6730.83,2748.3948
000573.SZ,20031226,4.06,4.12,4.06,4.1,4.07,0.03,0.74,5724.03,2340.3992
000573.SZ,20031225,4.12,4.17,4.06,4.07,4.12,-0.05,-1.21,11904.6,4879.3792
000573.SZ,20031224,4.15,4.16,4.1,4.12,4.16,-0.04,-0.96,11195.34,4612.2072
000573.SZ,20031223,4.12,4.18,4.08,4.16,4.11,0.05,1.22,16924.04,6984.1872
000573.SZ,20031222,4.04,4.14,3.98,4.11,4.04,0.07,1.73,12307.23,4981.1577
000573.SZ,20031219,4.14,4.18,4.0,4.04,4.14,-0.1,-2.42,15503.9,6290.0608
000573.SZ,20031218,4.2,4.23,4.14,4.14,4.22,-0.08,-1.9,11028.0,4599.345
000573.SZ,20031217,4.26,4.3,4.22,4.22,4.26,-0.04,-0.94,10755.53,4591.5976
000573.SZ,20031216,4.31,4.38,4.23,4.26,4.35,-0.09,-2.07,10451.68,4458.3266
000573.SZ,20031215,4.35,4.4,4.31,4.35,4.37,-0.02,-0.46,6796.55,2957.7416
000573.SZ,20031212,4.4,4.4,4.34,4.37,4.44,-0.07,-1.58,16243.75,7095.8568
000573.SZ,20031211,4.48,4.5,4.4,4.44,4.4,0.04,0.91,80241.64,35701.8537
000573.SZ,20031210,4.3,4.4,4.27,4.4,4.29,0.11,2.56,26597.28,11539.6076
000573.SZ,20031209,4.33,4.33,4.25,4.29,4.33,-0.04,-0.92,9173.24,3927.4751
000573.SZ,20031208,4.24,4.34,4.22,4.33,4.23,0.1,2.36,27070.33,11584.0319
000573.SZ,20031205,4.19,4.27,4.19,4.23,4.19,0.04,0.95,8432.68,3563.6788
000573.SZ,20031204,4.2,4.22,4.15,4.19,4.22,-0.03,-0.71,12348.54,5170.6982
000573.SZ,20031203,4.28,4.28,4.16,4.22,4.26,-0.04,-0.94,13643.98,5734.7889
000573.SZ,20031202,4.26,4.3,4.18,4.26,4.26,0.0,0.0,13044.53,5523.8963
000573.SZ,20031201,4.17,4.26,4.17,4.26,4.17,0.09,2.16,10623.09,4486.7368
000573.SZ,20031128,4.15,4.21,4.12,4.17,4.15,0.02,0.48,9315.44,3881.5228
000573.SZ,20031127,4.23,4.32,4.12,4.15,4.22,-0.07,-1.66,11836.0,4999.7067
000573.SZ,20031126,4.24,4.3,4.19,4.22,4.25,-0.03,-0.71,13184.1,5580.3471
000573.SZ,20031125,4.22,4.31,4.21,4.25,4.19,0.06,1.43,25963.94,11046.9849
000573.SZ,20031124,4.06,4.24,4.06,4.19,4.06,0.13,3.2,15761.56,6594.1151
000573.SZ,20031121,4.15,4.17,4.04,4.06,4.15,-0.09,-2.17,11081.76,4548.2437
000573.SZ,20031120,4.03,4.17,4.02,4.15,4.03,0.12,2.98,15075.96,6214.675
000573.SZ,20031119,3.94,4.05,3.94,4.03,3.96,0.07,1.77,3960.44,1586.2565
000573.SZ,20031118,3.99,4.0,3.95,3.96,4.0,-0.04,-1.0,2709.57,1074.5157
000573.SZ,20031117,4.01,4.03,3.98,4.0,4.01,-0.01,-0.25,2683.97,1073.332
000573.SZ,20031114,3.98,4.03,3.95,4.01,3.97,0.04,1.01,3545.56,1415.386
000573.SZ,20031113,3.93,4.03,3.92,3.97,3.95,0.02,0.51,4883.13,1936.9048
000573.SZ,20031112,4.05,4.05,3.95,3.95,4.05,-0.1,-2.47,5092.58,2030.0369
000573.SZ,20031111,4.05,4.06,4.0,4.05,4.07,-0.02,-0.49,3400.78,1372.0413
000573.SZ,20031110,3.95,4.07,3.95,4.07,4.01,0.06,1.5,3346.26,1340.6711
000573.SZ,20031107,4.03,4.06,3.96,4.01,4.07,-0.06,-1.47,9533.8,3810.9336
000573.SZ,20031106,4.17,4.19,4.03,4.07,4.17,-0.1,-2.4,10108.65,4121.5624
000573.SZ,20031105,4.16,4.3,4.15,4.17,4.16,0.01,0.24,10936.56,4601.1294
000573.SZ,20031104,4.08,4.19,4.07,4.16,4.09,0.07,1.71,12177.4,5053.7706
000573.SZ,20031103,4.06,4.11,4.02,4.09,4.06,0.03,0.74,5452.47,2220.574
000573.SZ,20031031,4.02,4.15,4.0,4.06,4.01,0.05,1.25,5658.48,2298.3616
000573.SZ,20031030,4.1,4.1,3.99,4.01,4.08,-0.07,-1.72,7300.31,2937.7624
000573.SZ,20031029,4.17,4.22,4.0,4.08,4.17,-0.09,-2.16,13277.41,5402.8786
000573.SZ,20031028,4.18,4.26,4.1,4.17,4.2,-0.03,-0.71,9487.5,3952.0421
000573.SZ,20031027,4.25,4.3,4.15,4.2,4.25,-0.05,-1.18,9462.56,3965.4342
000573.SZ,20031024,4.35,4.35,4.24,4.25,4.35,-0.1,-2.3,8799.46,3774.7048
000573.SZ,20031023,4.41,4.44,4.33,4.35,4.4,-0.05,-1.14,11193.76,4896.3303
000573.SZ,20031022,4.38,4.48,4.3,4.4,4.36,0.04,0.92,28669.81,12597.4685
000573.SZ,20031021,4.22,4.42,4.19,4.36,4.22,0.14,3.32,29138.47,12671.4385
000573.SZ,20031020,4.15,4.23,4.14,4.22,4.15,0.07,1.69,8286.67,3468.2779
000573.SZ,20031017,4.18,4.23,4.13,4.15,4.19,-0.04,-0.95,9523.54,3981.7864
000573.SZ,20031016,4.3,4.32,4.13,4.19,4.4,-0.21,-4.77,29577.78,12453.1345
000573.SZ,20031015,4.17,4.54,4.17,4.4,4.13,0.27,6.54,81583.06,36154.8532
000573.SZ,20031014,4.08,4.13,4.07,4.13,4.11,0.02,0.49,6302.92,2581.8532
000573.SZ,20031013,4.12,4.14,4.08,4.11,4.09,0.02,0.49,5713.91,2346.3382
000573.SZ,20031010,4.0,4.11,4.0,4.09,3.99,0.1,2.51,9020.36,3658.9645
000573.SZ,20031009,3.97,4.04,3.97,3.99,3.98,0.01,0.25,4573.86,1835.5032
000573.SZ,20031008,4.0,4.01,3.94,3.98,4.01,-0.03,-0.75,4988.87,1979.6074
000573.SZ,20030930,4.0,4.06,3.95,4.01,4.0,0.01,0.25,5322.96,2123.018
000573.SZ,20030929,4.06,4.06,3.99,4.0,4.05,-0.05,-1.23,4134.98,1661.8843
000573.SZ,20030926,4.08,4.09,4.05,4.05,4.1,-0.05,-1.22,2774.24,1127.1202
000573.SZ,20030925,4.15,4.15,4.08,4.1,4.18,-0.08,-1.91,2296.56,944.9645
000573.SZ,20030924,4.1,4.19,4.09,4.18,4.11,0.07,1.7,3881.9,1603.5038
000573.SZ,20030923,4.1,4.13,4.04,4.11,4.1,0.01,0.24,3696.19,1505.5401
000573.SZ,20030922,4.11,4.12,4.08,4.1,4.11,-0.01,-0.24,3483.54,1424.8049
000573.SZ,20030919,4.12,4.15,4.08,4.11,4.12,-0.01,-0.24,2073.08,849.6969
000573.SZ,20030918,4.09,4.16,4.09,4.12,4.1,0.02,0.49,3092.71,1273.3454
000573.SZ,20030917,4.16,4.16,4.08,4.1,4.16,-0.06,-1.44,3258.15,1338.7958
000573.SZ,20030916,4.1,4.17,4.1,4.16,4.1,0.06,1.46,3292.95,1357.6349
000573.SZ,20030915,4.17,4.2,4.08,4.1,4.18,-0.08,-1.91,4982.5,2057.21
000573.SZ,20030912,4.28,4.3,4.16,4.18,4.29,-0.11,-2.56,6867.27,2884.3285
000573.SZ,20030911,4.35,4.35,4.26,4.29,4.34,-0.05,-1.15,4539.89,1948.3205
000573.SZ,20030910,4.35,4.39,4.28,4.34,4.33,0.01,0.23,13069.36,5658.5193
000573.SZ,20030909,4.2,4.33,4.2,4.33,4.22,0.11,2.61,10723.46,4599.3299
000573.SZ,20030908,4.23,4.27,4.2,4.22,4.22,0.0,0.0,3500.0,1482.8476
000573.SZ,20030905,4.3,4.3,4.18,4.22,4.3,-0.08,-1.86,3591.75,1518.0655
000573.SZ,20030904,4.32,4.36,4.26,4.3,4.31,-0.01,-0.23,3928.21,1694.7268
000573.SZ,20030903,4.26,4.35,4.25,4.31,4.24,0.07,1.65,8903.62,3828.911
000573.SZ,20030902,4.23,4.26,4.19,4.24,4.23,0.01,0.24,4431.84,1869.1879
000573.SZ,20030901,4.16,4.24,4.11,4.23,4.17,0.06,1.44,3523.17,1478.536
000573.SZ,20030829,4.2,4.22,4.08,4.17,4.2,-0.03,-0.71,3405.71,1409.7197
000573.SZ,20030828,4.26,4.28,4.2,4.2,4.25,-0.05,-1.18,2384.89,1006.8995
000573.SZ,20030827,4.23,4.25,4.21,4.25,4.22,0.03,0.71,1394.56,588.8748
000573.SZ,20030826,4.2,4.25,4.19,4.22,4.21,0.01,0.24,2218.51,935.637
000573.SZ,20030825,4.2,4.25,4.19,4.21,4.24,-0.03,-0.71,2526.09,1064.2058
000573.SZ,20030822,4.21,4.28,4.21,4.24,4.21,0.03,0.71,2464.45,1049.1513
000573.SZ,20030821,4.23,4.27,4.21,4.21,4.25,-0.04,-0.94,1721.05,728.7701
000573.SZ,20030820,4.25,4.28,4.23,4.25,4.25,0.0,0.0,2412.66,1025.4653
000573.SZ,20030819,4.2,4.27,4.2,4.25,4.18,0.07,1.67,1680.1,712.3875
000573.SZ,20030818,4.2,4.25,4.18,4.18,4.24,-0.06,-1.42,4182.0,1757.568
000573.SZ,20030815,4.27,4.3,4.21,4.24,4.27,-0.03,-0.7,4183.73,1782.1528
000573.SZ,20030814,4.28,4.35,4.26,4.27,4.29,-0.02,-0.47,3128.08,1342.0414
000573.SZ,20030813,4.35,4.35,4.28,4.29,4.35,-0.06,-1.38,2105.5,906.7048
000573.SZ,20030812,4.3,4.38,4.3,4.35,4.34,0.01,0.23,1775.28,771.396
000573.SZ,20030811,4.31,4.37,4.29,4.34,4.33,0.01,0.23,4597.46,1982.9906
000573.SZ,20030808,4.46,4.47,4.31,4.33,4.4,-0.07,-1.59,3958.77,1728.2558
000573.SZ,20030807,4.45,4.48,4.39,4.4,4.44,-0.04,-0.9,3223.6,1429.976
000573.SZ,20030806,4.35,4.59,4.34,4.44,4.38,0.06,1.37,7470.86,3316.6211
000573.SZ,20030805,4.4,4.4,4.35,4.38,4.4,-0.02,-0.45,2890.62,1265.3461
000573.SZ,20030804,4.3,4.43,4.27,4.4,4.31,0.09,2.09,5205.35,2268.1956
000573.SZ,20030801,4.3,4.32,4.25,4.31,4.3,0.01,0.23,2849.07,1219.5628
000573.SZ,20030731,4.29,4.3,4.25,4.3,4.28,0.02,0.47,2719.49,1163.0594
000573.SZ,20030730,4.3,4.36,4.25,4.28,4.3,-0.02,-0.47,2156.47,925.2423
000573.SZ,20030729,4.39,4.39,4.28,4.3,4.27,0.03,0.7,2696.4,1162.8505
000573.SZ,20030728,4.36,4.36,4.23,4.27,4.36,-0.09,-2.06,5377.17,2295.2227
000573.SZ,20030725,4.4,4.42,4.35,4.36,4.41,-0.05,-1.13,3902.0,1711.0184
000573.SZ,20030724,4.47,4.47,4.41,4.41,4.47,-0.06,-1.34,2620.0,1159.59
000573.SZ,20030723,4.43,4.48,4.43,4.47,4.43,0.04,0.9,2094.81,933.0824
000573.SZ,20030722,4.39,4.45,4.36,4.43,4.38,0.05,1.14,4979.63,2190.4895
000573.SZ,20030721,4.51,4.51,4.36,4.38,4.52,-0.14,-3.1,7988.29,3523.8987
000573.SZ,20030718,4.57,4.61,4.52,4.52,4.57,-0.05,-1.09,6008.28,2738.6884
000573.SZ,20030717,4.52,4.6,4.52,4.57,4.54,0.03,0.66,5809.4,2653.4968
000573.SZ,20030716,4.6,4.61,4.5,4.54,4.6,-0.06,-1.3,13985.69,6349.2418
000573.SZ,20030715,4.62,4.67,4.57,4.6,4.66,-0.06,-1.29,12142.41,5591.3792
000573.SZ,20030714,4.72,4.72,4.65,4.66,4.72,-0.06,-1.27,4167.25,1946.8358
000573.SZ,20030711,4.75,4.79,4.7,4.72,4.77,-0.05,-1.05,3985.83,1886.6322
000573.SZ,20030710,4.7,4.79,4.7,4.77,4.71,0.06,1.27,3981.24,1889.9987
000573.SZ,20030709,4.72,4.77,4.7,4.71,4.75,-0.04,-0.84,1206.64,570.2488
000573.SZ,20030708,4.7,4.79,4.7,4.75,4.7,0.05,1.06,2903.4,1377.1007
000573.SZ,20030707,4.69,4.74,4.68,4.7,4.71,-0.01,-0.21,1845.27,868.6375
000573.SZ,20030704,4.74,4.75,4.68,4.71,4.71,0.0,0.0,1850.2,872.3876
000573.SZ,20030703,4.7,4.75,4.67,4.71,4.68,0.03,0.64,2645.63,1247.0481
000573.SZ,20030702,4.68,4.69,4.62,4.68,4.69,-0.01,-0.21,4374.53,2036.3393
000573.SZ,20030701,4.68,4.75,4.68,4.69,4.68,0.01,0.21,2510.0,1183.9278
000573.SZ,20030630,4.7,4.75,4.61,4.68,4.7,-0.02,-0.43,4754.02,2232.6702
000573.SZ,20030627,4.79,4.81,4.69,4.7,4.78,-0.08,-1.67,7284.07,3442.7932
000573.SZ,20030626,4.82,4.83,4.7,4.78,4.82,-0.04,-0.83,11186.32,5316.5282
000573.SZ,20030625,4.87,4.87,4.81,4.82,4.87,-0.05,-1.03,4636.75,2247.1915
000573.SZ,20030624,4.87,4.88,4.84,4.87,4.87,0.0,0.0,4065.74,1975.9504
000573.SZ,20030623,4.94,4.94,4.83,4.87,4.93,-0.06,-1.22,6086.88,2960.7606
000573.SZ,20030620,4.88,4.96,4.88,4.93,4.91,0.02,0.41,2763.43,1359.7471
000573.SZ,20030619,4.94,4.97,4.88,4.91,4.94,-0.03,-0.61,6176.94,3036.2154
000573.SZ,20030618,5.04,5.04,4.94,4.94,4.99,-0.05,-1.0,4414.0,2201.732
000573.SZ,20030617,5.0,5.05,4.98,4.99,5.0,-0.01,-0.2,3630.24,1818.8156
000573.SZ,20030616,5.03,5.04,4.99,5.0,5.04,-0.04,-0.79,5608.01,2810.6835
000573.SZ,20030613,5.1,5.12,5.03,5.04,5.08,-0.04,-0.79,5122.65,2592.1463
000573.SZ,20030612,5.08,5.12,5.02,5.08,5.07,0.01,0.2,7449.63,3774.9909
000573.SZ,20030611,4.96,5.09,4.95,5.07,4.97,0.1,2.01,6952.1,3491.8552
000573.SZ,20030610,4.92,5.0,4.91,4.97,4.91,0.06,1.22,2892.87,1436.2826
000573.SZ,20030609,4.95,4.97,4.86,4.91,4.95,-0.04,-0.81,5412.3,2665.0454
000573.SZ,20030606,5.0,5.04,4.94,4.95,5.04,-0.09,-1.79,12396.0,6183.463
000573.SZ,20030605,5.1,5.1,5.01,5.04,5.09,-0.05,-0.98,7445.83,3765.3057
000573.SZ,20030604,5.07,5.1,5.02,5.09,5.1,-0.01,-0.2,10912.1,5516.4246
000573.SZ,20030603,5.23,5.23,5.1,5.1,5.23,-0.13,-2.49,10847.0,5581.133
000573.SZ,20030602,5.2,5.27,5.11,5.23,5.18,0.05,0.97,19895.37,10351.0703
000573.SZ,20030530,5.08,5.24,5.05,5.18,5.05,0.13,2.57,30657.91,15843.4369
000573.SZ,20030529,5.09,5.09,5.0,5.05,5.05,0.0,0.0,10477.78,5263.4986
000573.SZ,20030528,5.1,5.14,5.01,5.05,5.1,-0.05,-0.98,11423.61,5784.7802
000573.SZ,20030527,5.1,5.1,5.0,5.1,5.05,0.05,0.99,15927.2,8079.4031
000573.SZ,20030526,5.05,5.05,4.98,5.05,5.03,0.02,0.4,10610.33,5324.5019
000573.SZ,20030523,4.93,5.1,4.93,5.03,4.93,0.1,2.03,15564.41,7791.7172
000573.SZ,20030522,4.95,4.96,4.86,4.93,4.96,-0.03,-0.6,7722.36,3786.5432
000573.SZ,20030521,4.95,5.02,4.95,4.96,5.02,-0.06,-1.2,7280.68,3621.0613
000573.SZ,20030519,5.03,5.08,4.97,5.02,5.04,-0.02,-0.4,12368.39,6209.9032
000573.SZ,20030516,5.04,5.08,4.99,5.04,5.05,-0.01,-0.2,11525.76,5790.2541
000573.SZ,20030515,4.9,5.08,4.85,5.05,4.94,0.11,2.23,19837.5,9836.5867
000573.SZ,20030514,4.8,4.95,4.8,4.94,4.83,0.11,2.28,14011.01,6860.2898
000573.SZ,20030513,5.08,5.11,4.8,4.83,5.08,-0.25,-4.92,32115.76,15760.952
000573.SZ,20030512,5.18,5.2,5.05,5.08,5.2,-0.12,-2.31,23209.52,11827.2101
000573.SZ,20030430,5.26,5.26,5.1,5.2,5.28,-0.08,-1.52,32818.03,16947.4989
000573.SZ,20030429,5.56,5.56,5.25,5.28,5.61,-0.33,-5.88,51079.97,27399.9456
000573.SZ,20030428,5.35,5.68,5.28,5.61,5.24,0.37,7.06,152676.09,84383.6632
000573.SZ,20030425,5.1,5.28,5.05,5.24,5.09,0.15,2.95,29397.77,15248.7831
000573.SZ,20030424,5.13,5.28,4.99,5.09,5.13,-0.04,-0.78,37788.02,19563.852
000573.SZ,20030423,5.04,5.18,4.96,5.13,5.04,0.09,1.79,22308.71,11276.9684
000573.SZ,20030422,5.06,5.11,5.02,5.04,5.06,-0.02,-0.4,5969.47,3015.1372
000573.SZ,20030421,5.18,5.2,4.99,5.06,5.17,-0.11,-2.13,16670.76,8456.5498
000573.SZ,20030418,5.11,5.18,5.06,5.17,5.11,0.06,1.17,16444.0,8404.4597
000573.SZ,20030417,5.25,5.25,5.03,5.11,5.35,-0.24,-4.49,28649.59,14681.7122
000573.SZ,20030415,5.36,5.42,5.28,5.35,5.35,0.0,0.0,28648.79,15261.099
000573.SZ,20030414,5.19,5.39,5.18,5.35,5.18,0.17,3.28,71011.43,37501.645
000573.SZ,20030411,4.9,5.22,4.83,5.18,4.9,0.28,5.71,45948.35,23318.8161
000573.SZ,20030410,4.9,4.94,4.78,4.9,4.9,0.0,0.0,17128.08,8334.6468
000573.SZ,20030409,4.78,4.92,4.72,4.9,4.79,0.11,2.3,7826.77,3744.3599
000573.SZ,20030408,4.87,4.88,4.77,4.79,4.87,-0.08,-1.64,7964.63,3827.0813
000573.SZ,20030407,4.92,4.97,4.87,4.87,4.92,-0.05,-1.02,2795.03,1368.4817
000573.SZ,20030404,4.87,4.95,4.87,4.92,4.87,0.05,1.03,3352.6,1641.7148
000573.SZ,20030403,4.93,4.95,4.86,4.87,4.93,-0.06,-1.22,3074.91,1509.947
000573.SZ,20030402,4.99,5.0,4.91,4.93,4.99,-0.06,-1.2,4022.34,1990.5258
000573.SZ,20030401,4.9,5.09,4.87,4.99,4.88,0.11,2.25,10729.59,5338.478
000573.SZ,20030331,4.83,4.9,4.77,4.88,4.83,0.05,1.04,4700.12,2282.6584
000573.SZ,20030328,4.87,4.9,4.81,4.83,4.87,-0.04,-0.82,3765.6,1834.7786
000573.SZ,20030327,4.72,4.94,4.68,4.87,4.71,0.16,3.4,4241.23,2028.8936
000573.SZ,20030326,4.72,4.77,4.7,4.71,4.74,-0.03,-0.63,4060.8,1920.3108
000573.SZ,20030325,4.8,4.82,4.72,4.74,4.83,-0.09,-1.86,3101.9,1475.8063
000573.SZ,20030324,4.87,4.88,4.8,4.83,4.87,-0.04,-0.82,2778.0,1341.6076
000573.SZ,20030321,4.8,4.87,4.8,4.87,4.8,0.07,1.46,2841.44,1375.3561
000573.SZ,20030320,4.89,4.91,4.78,4.8,4.88,-0.08,-1.64,4405.0,2126.72
000573.SZ,20030319,4.87,4.92,4.84,4.88,4.87,0.01,0.21,3339.63,1628.8481
000573.SZ,20030318,4.9,4.97,4.86,4.87,4.88,-0.01,-0.2,2917.4,1435.3925
000573.SZ,20030317,4.93,4.94,4.85,4.88,4.92,-0.04,-0.81,3860.56,1882.1017
000573.SZ,20030314,4.92,4.95,4.9,4.92,4.92,0.0,0.0,2208.5,1085.6901
000573.SZ,20030313,4.94,4.97,4.92,4.92,4.94,-0.02,-0.4,3152.0,1557.201
000573.SZ,20030312,4.9,4.95,4.89,4.94,4.9,0.04,0.82,3390.01,1667.2855
000573.SZ,20030311,4.92,4.95,4.88,4.9,4.93,-0.03,-0.61,3700.91,1817.2739
000573.SZ,20030310,4.98,4.98,4.91,4.93,4.97,-0.04,-0.8,6215.14,3066.9409
000573.SZ,20030307,5.01,5.05,4.96,4.97,5.01,-0.04,-0.8,7205.29,3607.3195
000573.SZ,20030306,5.1,5.12,5.0,5.01,5.12,-0.11,-2.15,7867.0,3958.075
000573.SZ,20030305,5.13,5.13,5.09,5.12,5.13,-0.01,-0.19,4263.44,2177.1982
000573.SZ,20030304,5.15,5.2,5.13,5.13,5.15,-0.02,-0.39,4940.3,2551.7813
000573.SZ,20030303,5.13,5.19,5.1,5.15,5.13,0.02,0.39,4376.23,2242.3653
000573.SZ,20030228,5.18,5.19,5.11,5.13,5.21,-0.08,-1.54,5245.08,2696.926
000573.SZ,20030227,5.18,5.22,5.15,5.21,5.19,0.02,0.39,7340.77,3803.189
000573.SZ,20030226,5.22,5.25,5.16,5.19,5.22,-0.03,-0.57,3602.37,1869.2149
000573.SZ,20030225,5.12,5.28,5.12,5.22,5.11,0.11,2.15,10398.11,5415.5464
000573.SZ,20030224,5.18,5.18,5.09,5.11,5.11,0.0,0.0,2678.0,1371.791
000573.SZ,20030221,5.16,5.2,5.08,5.11,5.19,-0.08,-1.54,6935.09,3556.605
000573.SZ,20030220,5.24,5.28,5.19,5.19,5.24,-0.05,-0.95,5305.0,2782.8934
000573.SZ,20030219,5.16,5.24,5.16,5.24,5.16,0.08,1.55,3143.62,1636.3361
000573.SZ,20030218,5.19,5.2,5.14,5.16,5.21,-0.05,-0.96,5409.7,2793.7338
000573.SZ,20030217,5.2,5.33,5.17,5.21,5.21,0.0,0.0,8908.35,4676.3391
000573.SZ,20030214,5.15,5.24,5.15,5.21,5.18,0.03,0.58,3662.87,1907.9789
000573.SZ,20030213,5.25,5.3,5.18,5.18,5.25,-0.07,-1.33,7472.37,3906.2987
000573.SZ,20030212,5.11,5.25,5.11,5.25,5.15,0.1,1.94,8708.99,4542.4616
000573.SZ,20030211,5.08,5.18,5.08,5.15,5.12,0.03,0.59,3778.48,1946.393
000573.SZ,20030210,5.2,5.23,5.1,5.12,5.23,-0.11,-2.1,4170.89,2144.1035
000573.SZ,20030129,5.24,5.28,5.22,5.23,5.25,-0.02,-0.38,8047.8,4221.3197
000573.SZ,20030128,5.2,5.28,5.16,5.25,5.18,0.07,1.35,14280.69,7484.6088
000573.SZ,20030127,5.1,5.24,5.08,5.18,5.1,0.08,1.57,10281.67,5328.4579
000573.SZ,20030124,5.03,5.13,5.0,5.1,5.03,0.07,1.39,5711.79,2892.7696
000573.SZ,20030123,5.1,5.15,5.02,5.03,5.08,-0.05,-0.98,3223.87,1639.0641
000573.SZ,20030122,5.07,5.14,5.04,5.08,5.1,-0.02,-0.39,4278.94,2174.9322
000573.SZ,20030121,5.19,5.21,5.06,5.1,5.2,-0.1,-1.92,5590.68,2856.2024
000573.SZ,20030120,5.08,5.24,5.0,5.2,5.11,0.09,1.76,8717.16,4430.6664
000573.SZ,20030117,5.16,5.16,5.07,5.11,5.16,-0.05,-0.97,6926.7,3542.765
000573.SZ,20030116,5.13,5.18,5.08,5.16,5.13,0.03,0.58,9319.87,4783.0421
000573.SZ,20030115,5.15,5.29,5.06,5.13,5.14,-0.01,-0.19,19251.17,9932.7314
000573.SZ,20030114,4.88,5.16,4.85,5.14,4.87,0.27,5.54,27205.65,13860.02
000573.SZ,20030113,4.87,4.95,4.85,4.87,4.86,0.01,0.21,1992.24,973.3776
000573.SZ,20030110,4.96,5.04,4.85,4.86,4.95,-0.09,-1.82,6740.33,3328.5516
000573.SZ,20030109,4.85,4.98,4.81,4.95,4.84,0.11,2.27,7305.72,3593.2632
000573.SZ,20030108,4.68,4.88,4.68,4.84,4.7,0.14,2.98,3462.49,1656.4512
000573.SZ,20030107,4.71,4.8,4.69,4.7,4.74,-0.04,-0.84,2941.06,1395.0689
000573.SZ,20030106,4.61,4.74,4.61,4.74,4.66,0.08,1.72,2349.42,1102.1705
000573.SZ,20030103,4.56,4.72,4.56,4.66,4.66,0.0,0.0,3457.62,1615.2847
000573.SZ,20030102,4.75,4.83,4.6,4.66,4.75,-0.09,-1.89,4059.5,1904.29
000573.SZ,20021231,4.8,4.92,4.75,4.75,4.81,-0.06,-1.25,4848.99,2327.0582
000573.SZ,20021230,4.87,4.87,4.8,4.81,4.89,-0.08,-1.64,2957.59,1425.851
000573.SZ,20021227,4.8,4.93,4.8,4.89,4.9,-0.01,-0.2,2766.97,1350.3246
000573.SZ,20021226,4.95,4.98,4.84,4.9,4.98,-0.08,-1.61,7852.28,3852.2385
000573.SZ,20021225,5.03,5.08,4.95,4.98,5.03,-0.05,-0.99,2701.78,1356.9495
000573.SZ,20021224,5.04,5.04,4.95,5.03,5.05,-0.02,-0.4,3007.89,1502.745
000573.SZ,20021223,5.1,5.12,5.05,5.05,5.08,-0.03,-0.59,4614.27,2342.8229
000573.SZ,20021220,4.95,5.09,4.95,5.08,4.96,0.12,2.42,4885.16,2455.5724
000573.SZ,20021219,4.97,4.99,4.91,4.96,4.98,-0.02,-0.4,3568.55,1765.4962
000573.SZ,20021218,5.06,5.13,4.98,4.98,5.07,-0.09,-1.78,4803.15,2429.5468
000573.SZ,20021217,4.98,5.1,4.98,5.07,5.03,0.04,0.8,5079.16,2562.2947
000573.SZ,20021216,5.0,5.04,4.97,5.03,4.93,0.1,2.03,4914.67,2460.9379
000573.SZ,20021213,4.8,5.0,4.78,4.93,4.88,0.05,1.02,3541.92,1740.3429
000573.SZ,20021212,4.85,4.95,4.85,4.88,4.84,0.04,0.83,2316.0,1132.4989
000573.SZ,20021211,4.84,4.89,4.75,4.84,4.84,0.0,0.0,4292.27,2064.5644
000573.SZ,20021210,4.96,5.0,4.8,4.84,4.96,-0.12,-2.42,4947.9,2439.8264
000573.SZ,20021209,5.02,5.05,4.96,4.96,5.02,-0.06,-1.2,2980.0,1487.277
000573.SZ,20021206,5.05,5.1,4.97,5.02,5.03,-0.01,-0.2,5461.34,2750.0788
000573.SZ,20021205,5.07,5.08,5.01,5.03,5.09,-0.06,-1.18,3815.5,1922.7747
000573.SZ,20021204,5.06,5.13,5.01,5.09,5.05,0.04,0.79,10472.8,5331.3272
000573.SZ,20021203,4.9,5.08,4.9,5.05,4.98,0.07,1.41,4275.87,2147.8398
000573.SZ,20021202,5.18,5.18,4.96,4.98,5.2,-0.22,-4.23,7296.47,3698.4426
000573.SZ,20021129,5.18,5.38,5.01,5.2,5.18,0.02,0.39,30457.4,15891.8396
000573.SZ,20021128,4.94,5.19,4.9,5.18,4.94,0.24,4.86,9771.71,4901.5599
000573.SZ,20021127,4.8,5.01,4.7,4.94,4.82,0.12,2.49,6541.59,3189.0562
000573.SZ,20021126,4.94,5.03,4.8,4.82,4.94,-0.12,-2.43,7015.2,3460.1018
000573.SZ,20021125,4.89,4.99,4.83,4.94,4.89,0.05,1.02,7397.85,3635.2312
000573.SZ,20021122,4.68,4.96,4.61,4.89,4.69,0.2,4.26,23748.95,11591.5684
000573.SZ,20021121,4.88,4.88,4.69,4.69,4.88,-0.19,-3.89,8703.69,4139.2027
000573.SZ,20021120,5.03,5.03,4.88,4.88,5.03,-0.15,-2.98,5238.0,2583.162
000573.SZ,20021119,4.97,5.06,4.96,5.03,4.98,0.05,1.0,6003.22,3007.803
000573.SZ,20021118,5.25,5.25,4.96,4.98,5.22,-0.24,-4.6,7081.21,3580.9843
000573.SZ,20021115,5.23,5.28,5.18,5.22,5.2,0.02,0.38,6491.48,3392.2241
000573.SZ,20021114,5.3,5.35,5.19,5.2,5.29,-0.09,-1.7,4876.42,2570.6261
000573.SZ,20021113,5.2,5.29,5.15,5.29,5.23,0.06,1.15,5556.26,2900.069
000573.SZ,20021112,5.38,5.42,5.2,5.23,5.4,-0.17,-3.15,9413.0,4999.9588
000573.SZ,20021111,5.4,5.5,5.36,5.4,5.42,-0.02,-0.37,4531.81,2455.2989
000573.SZ,20021108,5.6,5.74,5.41,5.42,5.6,-0.18,-3.21,7138.5,3942.498
000573.SZ,20021107,5.68,5.68,5.58,5.6,5.65,-0.05,-0.89,4417.2,2480.4881
000573.SZ,20021106,5.69,5.7,5.61,5.65,5.7,-0.05,-0.88,5476.62,3100.0155
000573.SZ,20021105,5.55,5.73,5.48,5.7,5.56,0.14,2.52,12962.1,7316.1688
000573.SZ,20021104,5.45,5.63,5.42,5.56,5.4,0.16,2.96,8302.84,4611.2203
000573.SZ,20021101,5.38,5.42,5.32,5.4,5.39,0.01,0.19,2523.14,1356.7416
000573.SZ,20021031,5.36,5.45,5.32,5.39,5.36,0.03,0.56,3357.0,1818.3574
000573.SZ,20021030,5.43,5.43,5.32,5.36,5.39,-0.03,-0.56,3338.78,1792.451
000573.SZ,20021029,5.29,5.4,5.25,5.39,5.29,0.1,1.89,5388.61,2855.9221
000573.SZ,20021028,5.45,5.45,5.28,5.29,5.45,-0.16,-2.94,5993.0,3204.379
000573.SZ,20021025,5.7,5.7,5.4,5.45,5.48,-0.03,-0.55,4637.33,2537.5719
000573.SZ,20021024,5.5,5.55,5.48,5.48,5.54,-0.06,-1.08,5242.49,2893.624
000573.SZ,20021023,5.51,5.57,5.49,5.54,5.53,0.01,0.18,3231.1,1784.2518
000573.SZ,20021022,5.44,5.6,5.38,5.53,5.43,0.1,1.84,10493.88,5793.3608
000573.SZ,20021021,5.37,5.45,5.35,5.43,5.37,0.06,1.12,4017.68,2170.2931
000573.SZ,20021018,5.29,5.39,5.29,5.37,5.32,0.05,0.94,3227.73,1723.5866
000573.SZ,20021017,5.4,5.4,5.29,5.32,5.4,-0.08,-1.48,3980.61,2119.3004
000573.SZ,20021016,5.28,5.47,5.28,5.4,5.3,0.1,1.89,5423.51,2928.1537
000573.SZ,20021015,5.39,5.4,5.28,5.3,5.39,-0.09,-1.67,2709.0,1450.775
000573.SZ,20021014,5.32,5.5,5.24,5.39,5.32,0.07,1.32,4477.27,2389.3497
000573.SZ,20021011,5.38,5.38,5.3,5.32,5.3,0.02,0.38,3665.58,1959.4066
000573.SZ,20021010,5.2,5.37,5.2,5.3,5.27,0.03,0.57,3861.43,2048.6528
000573.SZ,20021009,5.59,5.59,5.15,5.27,5.57,-0.3,-5.39,7185.63,3845.9097
000573.SZ,20021008,5.57,5.6,5.46,5.57,5.58,-0.01,-0.18,2711.28,1502.0013
000573.SZ,20020927,5.56,5.64,5.52,5.58,5.56,0.02,0.36,3419.01,1907.8724
000573.SZ,20020926,5.6,5.64,5.56,5.56,5.6,-0.04,-0.71,4046.07,2258.9033
000573.SZ,20020925,5.58,5.69,5.55,5.6,5.6,0.0,0.0,4265.86,2394.5225
000573.SZ,20020924,5.65,5.69,5.56,5.6,5.66,-0.06,-1.06,4649.86,2605.1837
000573.SZ,20020923,5.67,5.74,5.55,5.66,5.68,-0.02,-0.35,3091.01,1751.0511
000573.SZ,20020920,5.8,5.9,5.66,5.68,5.87,-0.19,-3.24,10935.2,6312.72
000573.SZ,20020919,5.46,5.99,5.4,5.87,5.46,0.41,7.51,19562.36,11165.0615
000573.SZ,20020918,5.55,5.58,5.46,5.46,5.57,-0.11,-1.97,3626.0,2003.332
000573.SZ,20020917,5.52,5.59,5.49,5.57,5.53,0.04,0.72,5551.36,3068.5422
000573.SZ,20020916,5.7,5.7,5.53,5.53,5.71,-0.18,-3.15,5746.3,3202.3899
000573.SZ,20020913,5.72,5.74,5.69,5.71,5.75,-0.04,-0.7,2677.52,1527.1036
000573.SZ,20020912,5.71,5.8,5.7,5.75,5.75,0.0,0.0,2818.09,1617.2318
000573.SZ,20020911,5.8,5.84,5.68,5.75,5.8,-0.05,-0.86,4326.49,2479.5356
000573.SZ,20020910,5.74,5.8,5.73,5.8,5.74,0.06,1.05,3763.31,2165.8777
000573.SZ,20020909,5.75,5.75,5.67,5.74,5.77,-0.03,-0.52,7720.16,4406.3021
000573.SZ,20020906,5.75,5.82,5.75,5.77,5.79,-0.02,-0.35,6461.23,3732.5686
000573.SZ,20020905,5.9,5.9,5.78,5.79,5.9,-0.11,-1.86,12469.24,7251.0687
000573.SZ,20020904,5.96,6.0,5.88,5.9,5.96,-0.06,-1.01,7002.0,4152.9069
000573.SZ,20020903,5.92,6.02,5.9,5.96,5.93,0.03,0.51,5826.28,3483.3891
000573.SZ,20020902,6.03,6.03,5.9,5.93,6.03,-0.1,-1.66,17530.38,10407.0939
000573.SZ,20020830,6.08,6.14,6.0,6.03,6.09,-0.06,-0.99,17324.11,10472.6874
000573.SZ,20020829,6.2,6.23,6.05,6.09,6.21,-0.12,-1.93,13691.79,8393.6838
000573.SZ,20020828,6.2,6.25,6.18,6.21,6.2,0.01,0.16,4821.97,2993.8491
000573.SZ,20020827,6.25,6.27,6.19,6.2,6.24,-0.04,-0.64,9061.2,5628.4707
000573.SZ,20020826,6.4,6.4,6.21,6.24,6.33,-0.09,-1.42,5187.79,3251.9096
000573.SZ,20020823,6.29,6.39,6.29,6.33,6.29,0.04,0.64,11787.57,7486.3445
000573.SZ,20020822,6.3,6.33,6.23,6.29,6.29,0.0,0.0,14734.17,9252.2775
000573.SZ,20020821,6.31,6.41,6.27,6.29,6.34,-0.05,-0.79,9891.26,6258.594
000573.SZ,20020820,6.2,6.38,6.19,6.34,6.21,0.13,2.09,12621.8,7920.2428
000573.SZ,20020819,6.24,6.26,6.17,6.21,6.25,-0.04,-0.64,2723.21,1693.0655
000573.SZ,20020816,6.25,6.3,6.15,6.25,6.19,0.06,0.97,3801.86,2362.6444
000573.SZ,20020815,6.27,6.3,6.19,6.19,6.26,-0.07,-1.12,2922.81,1814.9279
000573.SZ,20020814,6.22,6.27,6.18,6.26,6.22,0.04,0.64,3697.35,2297.9751
000573.SZ,20020813,6.2,6.26,6.18,6.22,6.22,0.0,0.0,4445.71,2767.8449
000573.SZ,20020812,6.25,6.28,6.2,6.22,6.31,-0.09,-1.43,8004.27,4979.5747
000573.SZ,20020809,6.43,6.43,6.28,6.31,6.36,-0.05,-0.79,4063.95,2562.8673
000573.SZ,20020808,6.38,6.44,6.35,6.36,6.38,-0.02,-0.31,4230.99,2701.8786
000573.SZ,20020807,6.39,6.4,6.3,6.38,6.38,0.0,0.0,5135.19,3267.5703
000573.SZ,20020806,6.24,6.56,6.21,6.38,6.26,0.12,1.92,12679.2,8152.472
000573.SZ,20020805,6.31,6.31,6.23,6.26,6.3,-0.04,-0.63,5199.09,3249.021
000573.SZ,20020802,6.31,6.34,6.23,6.3,6.33,-0.03,-0.47,6180.69,3884.1456
000573.SZ,20020801,6.32,6.38,6.26,6.33,6.32,0.01,0.16,7702.78,4859.0773
000573.SZ,20020731,6.42,6.52,6.3,6.32,6.42,-0.1,-1.56,11965.72,7674.0756
000573.SZ,20020730,6.57,6.59,6.38,6.42,6.54,-0.12,-1.83,17078.63,10987.4093
000573.SZ,20020729,6.54,6.63,6.46,6.54,6.54,0.0,0.0,16997.32,11147.0458
000573.SZ,20020726,6.45,6.68,6.44,6.54,6.46,0.08,1.24,35639.23,23508.6196
000573.SZ,20020725,6.55,6.59,6.41,6.46,6.55,-0.09,-1.37,24193.64,15726.8138
000573.SZ,20020724,6.28,6.59,6.25,6.55,6.25,0.3,4.8,36401.16,23536.5018
000573.SZ,20020723,6.2,6.26,6.16,6.25,6.23,0.02,0.32,8104.37,5031.6143
000573.SZ,20020722,6.37,6.37,6.2,6.23,6.37,-0.14,-2.2,10402.72,6522.9157
000573.SZ,20020719,6.3,6.38,6.3,6.37,6.3,0.07,1.11,7002.36,4435.1695
000573.SZ,20020718,6.26,6.35,6.22,6.3,6.26,0.04,0.64,9622.22,6062.4466
000573.SZ,20020717,6.15,6.27,6.15,6.26,6.15,0.11,1.79,8050.51,4987.6392
000573.SZ,20020716,6.14,6.27,6.12,6.15,6.15,0.0,0.0,9988.07,6186.0896
000573.SZ,20020715,6.37,6.38,6.1,6.15,6.37,-0.22,-3.45,19570.74,12128.2103
000573.SZ,20020712,6.37,6.41,6.35,6.37,6.37,0.0,0.0,8852.67,5652.4103
000573.SZ,20020711,6.31,6.47,6.31,6.37,6.39,-0.02,-0.31,11797.16,7540.8855
000573.SZ,20020710,6.49,6.53,6.38,6.39,6.52,-0.13,-1.99,15827.78,10211.3691
000573.SZ,20020709,6.5,6.6,6.48,6.52,6.5,0.02,0.31,15489.0,10117.3262
000573.SZ,20020708,6.43,6.52,6.35,6.5,6.5,0.0,0.0,17465.63,11257.0323
000573.SZ,20020705,6.51,6.54,6.31,6.5,6.52,-0.02,-0.31,12872.93,8264.1251
000573.SZ,20020704,6.58,6.62,6.5,6.52,6.59,-0.07,-1.06,16546.32,10835.8571
000573.SZ,20020703,6.66,6.7,6.52,6.59,6.66,-0.07,-1.05,18575.79,12253.141
000573.SZ,20020702,6.48,6.7,6.45,6.66,6.51,0.15,2.3,21353.28,14108.1162
000573.SZ,20020701,6.6,6.67,6.48,6.51,6.61,-0.1,-1.51,26592.82,17420.9521
000573.SZ,20020628,6.8,6.94,6.5,6.61,6.82,-0.21,-3.08,70617.19,47073.3578
000573.SZ,20020627,6.65,6.97,6.6,6.82,6.69,0.13,1.94,70436.55,48096.6733
000573.SZ,20020626,6.6,6.79,6.46,6.69,6.7,-0.01,-0.15,81722.98,54290.1853
000573.SZ,20020625,6.8,7.19,6.6,6.7,6.6,0.1,1.52,274483.81,190569.5213
000573.SZ,20020624,6.6,6.6,6.45,6.6,6.0,0.6,10.0,151088.9,99557.6715
000573.SZ,20020621,5.45,6.0,5.4,6.0,5.45,0.55,10.09,133591.06,78592.4227
000573.SZ,20020620,5.36,5.6,5.35,5.45,5.31,0.14,2.64,53831.76,29636.0792
000573.SZ,20020619,5.18,5.34,5.13,5.31,5.18,0.13,2.51,16303.09,8574.1089
000573.SZ,20020618,5.03,5.22,5.03,5.18,5.04,0.14,2.78,7297.26,3777.2926
000573.SZ,20020617,5.0,5.07,5.0,5.04,5.08,-0.04,-0.79,3652.3,1837.3456
000573.SZ,20020614,5.1,5.1,5.05,5.08,5.12,-0.04,-0.78,4210.61,2136.2192
000573.SZ,20020613,5.16,5.2,5.1,5.12,5.16,-0.04,-0.78,3620.16,1861.2663
000573.SZ,20020612,5.2,5.2,5.09,5.16,5.22,-0.06,-1.15,3497.94,1800.1406
000573.SZ,20020611,5.15,5.25,5.15,5.22,5.17,0.05,0.97,5212.29,2716.4892
000573.SZ,20020610,5.08,5.25,5.08,5.17,5.23,-0.06,-1.15,4903.88,2535.9764
000573.SZ,20020607,5.15,5.28,5.04,5.23,5.16,0.07,1.36,12496.43,6493.7961
000573.SZ,20020606,4.8,5.23,4.75,5.16,4.83,0.33,6.83,9078.7,4521.9076
000573.SZ,20020605,5.05,5.05,4.82,4.83,5.05,-0.22,-4.36,5667.48,2777.4705
000573.SZ,20020604,5.0,5.12,4.98,5.05,5.01,0.04,0.8,5623.23,2835.4236
000573.SZ,20020603,5.19,5.19,4.95,5.01,5.19,-0.18,-3.47,7245.51,3641.2585
000573.SZ,20020531,5.23,5.24,5.14,5.19,5.23,-0.04,-0.76,6245.68,3238.0299
000573.SZ,20020530,5.2,5.25,5.1,5.23,5.25,-0.02,-0.38,4597.41,2383.6022
000573.SZ,20020529,5.36,5.36,5.2,5.25,5.4,-0.15,-2.78,6729.0,3553.2378
000573.SZ,20020528,5.43,5.49,5.36,5.4,5.38,0.02,0.37,3442.51,1865.5533
000573.SZ,20020527,5.4,5.45,5.3,5.38,5.38,0.0,0.0,4519.63,2424.5964
000573.SZ,20020524,5.42,5.45,5.35,5.38,5.42,-0.04,-0.74,5999.95,3231.5466
000573.SZ,20020523,5.36,5.5,5.36,5.42,5.35,0.07,1.31,5567.76,3035.5591
000573.SZ,20020522,5.55,5.55,5.35,5.35,5.51,-0.16,-2.9,6302.41,3406.3225
000573.SZ,20020521,5.37,5.58,5.34,5.51,5.27,0.24,4.55,12600.84,6875.4363
000573.SZ,20020520,5.37,5.37,5.2,5.27,5.33,-0.06,-1.13,7685.24,4022.7823
000573.SZ,20020517,5.24,5.39,5.24,5.33,5.26,0.07,1.33,8408.46,4461.8393
000573.SZ,20020516,5.5,5.53,5.23,5.26,5.51,-0.25,-4.54,14383.68,7722.2468
000573.SZ,20020515,5.53,5.65,5.5,5.51,5.54,-0.03,-0.54,9181.79,5105.0509
000573.SZ,20020514,5.63,5.7,5.51,5.54,5.65,-0.11,-1.95,12873.27,7178.9772
000573.SZ,20020513,5.65,5.7,5.51,5.65,5.65,0.0,0.0,5123.43,2870.2711
000573.SZ,20020510,5.76,5.76,5.6,5.65,5.74,-0.09,-1.57,11077.93,6252.43
000573.SZ,20020509,5.71,5.85,5.71,5.74,5.74,0.0,0.0,11360.17,6578.3748
000573.SZ,20020508,5.8,5.8,5.7,5.74,5.82,-0.08,-1.37,10371.3,5953.5504
000573.SZ,20020430,5.9,5.95,5.79,5.82,5.73,0.09,1.57,50018.21,29280.1243
000573.SZ,20020426,5.6,5.81,5.55,5.73,5.56,0.17,3.06,42101.88,24060.9011
000573.SZ,20020425,5.5,5.56,5.45,5.56,5.52,0.04,0.72,7360.13,4067.3185
000573.SZ,20020424,5.58,5.6,5.45,5.52,5.57,-0.05,-0.9,7305.92,4031.9558
000573.SZ,20020423,5.48,5.6,5.46,5.57,5.46,0.11,2.01,10912.9,6044.2962
000573.SZ,20020422,5.44,5.56,5.34,5.46,5.44,0.02,0.37,6663.91,3649.4411
000573.SZ,20020419,5.35,5.45,5.25,5.44,5.4,0.04,0.74,9704.31,5187.5644
000573.SZ,20020418,5.54,5.56,5.39,5.4,5.53,-0.13,-2.35,13935.09,7603.4334
000573.SZ,20020417,5.63,5.64,5.51,5.53,5.59,-0.06,-1.07,8807.57,4895.5893
000573.SZ,20020416,5.62,5.73,5.55,5.59,5.66,-0.07,-1.24,15031.85,8461.9677
000573.SZ,20020415,5.54,5.7,5.48,5.66,5.54,0.12,2.17,34100.06,19182.1955
000573.SZ,20020412,5.5,5.58,5.48,5.54,5.53,0.01,0.18,11591.91,6405.3863
000573.SZ,20020411,5.53,5.65,5.48,5.53,5.53,0.0,0.0,33527.23,18755.2438
000573.SZ,20020410,5.54,5.55,5.46,5.53,5.52,0.01,0.18,13191.67,7259.671
000573.SZ,20020409,5.32,5.65,5.32,5.52,5.35,0.17,3.18,24767.65,13630.5297
000573.SZ,20020408,5.33,5.4,5.3,5.35,5.33,0.02,0.38,6734.7,3608.0589
000573.SZ,20020405,5.35,5.41,5.3,5.33,5.35,-0.02,-0.37,9745.04,5208.5159
000573.SZ,20020404,5.2,5.35,5.11,5.35,5.2,0.15,2.88,11962.82,6282.1584
000573.SZ,20020403,5.18,5.27,5.14,5.2,5.15,0.05,0.97,11000.03,5723.2728
000573.SZ,20020402,5.24,5.36,5.1,5.15,5.25,-0.1,-1.9,14521.62,7600.3632
000573.SZ,20020401,5.3,5.3,5.2,5.25,5.33,-0.08,-1.5,14282.64,7488.9738
000573.SZ,20020329,5.51,5.54,5.29,5.33,5.51,-0.18,-3.27,19379.6,10498.3319
000573.SZ,20020328,5.58,5.61,5.46,5.51,5.58,-0.07,-1.25,17028.83,9467.9843
000573.SZ,20020327,5.48,5.6,5.42,5.58,5.52,0.06,1.09,17506.51,9667.8985
000573.SZ,20020326,5.62,5.63,5.42,5.52,5.63,-0.11,-1.95,23586.45,13028.5095
000573.SZ,20020325,5.35,5.66,5.31,5.63,5.36,0.27,5.04,39053.0,21668.395
000573.SZ,20020322,5.46,5.46,5.28,5.36,5.46,-0.1,-1.83,12378.76,6649.3944
000573.SZ,20020321,5.4,5.5,5.32,5.46,5.35,0.11,2.06,25836.72,14055.9619
000573.SZ,20020320,5.33,5.35,5.25,5.35,5.32,0.03,0.56,16487.3,8741.7884
000573.SZ,20020319,5.25,5.35,5.2,5.32,5.27,0.05,0.95,13425.54,7099.0733
000573.SZ,20020318,5.3,5.35,5.13,5.27,5.21,0.06,1.15,17171.28,8994.5734
000573.SZ,20020315,5.5,5.56,5.2,5.21,5.48,-0.27,-4.93,26118.3,14019.9718
000573.SZ,20020314,5.2,5.49,5.15,5.48,5.2,0.28,5.38,26956.19,14419.9724
000573.SZ,20020313,5.45,5.57,5.2,5.2,5.54,-0.34,-6.14,33514.06,17937.8834
000573.SZ,20020312,5.6,5.79,5.51,5.54,5.61,-0.07,-1.25,55987.35,31613.2843
000573.SZ,20020311,5.48,5.69,5.3,5.61,5.44,0.17,3.13,48671.81,27053.6949
000573.SZ,20020308,5.45,5.6,5.21,5.44,5.45,-0.01,-0.18,67090.59,36350.0578
000573.SZ,20020307,5.01,5.47,4.95,5.45,5.01,0.44,8.78,67669.58,35628.3665
000573.SZ,20020306,4.73,5.16,4.69,5.01,4.69,0.32,6.82,63269.53,31733.6912
000573.SZ,20020305,4.57,4.75,4.55,4.69,4.53,0.16,3.53,20904.12,9807.7977
000573.SZ,20020304,4.3,4.55,4.3,4.53,4.42,0.11,2.49,4478.93,1990.3749
000573.SZ,20020301,4.52,4.53,4.42,4.42,4.54,-0.12,-2.64,7711.88,3447.6462
000573.SZ,20020228,4.58,4.65,4.53,4.54,4.63,-0.09,-1.94,7121.08,3256.7362
000573.SZ,20020227,4.65,4.68,4.61,4.63,4.65,-0.02,-0.43,8693.73,4036.1986
000573.SZ,20020226,4.63,4.69,4.54,4.65,4.6,0.05,1.09,11431.9,5279.6124
000573.SZ,20020225,4.53,4.64,4.53,4.6,4.41,0.19,4.31,15789.85,7239.6706
000573.SZ,20020208,4.43,4.47,4.36,4.41,4.42,-0.01,-0.23,7873.72,3491.4491
000573.SZ,20020207,4.27,4.49,4.27,4.42,4.32,0.1,2.31,9130.38,4018.2784
000573.SZ,20020206,4.51,4.53,4.31,4.32,4.51,-0.19,-4.21,14323.7,6290.7929
000573.SZ,20020205,4.46,4.59,4.38,4.51,4.45,0.06,1.35,22414.79,10121.9397
000573.SZ,20020204,4.23,4.48,4.22,4.45,4.27,0.18,4.22,13169.06,5756.906
000573.SZ,20020201,4.34,4.38,4.25,4.27,4.35,-0.08,-1.84,17058.15,7350.5921
000573.SZ,20020131,4.09,4.39,4.09,4.35,4.07,0.28,6.88,23922.38,10236.1154
000573.SZ,20020130,4.0,4.12,3.92,4.07,4.0,0.07,1.75,11137.01,4519.3283
000573.SZ,20020129,3.7,4.03,3.6,4.0,3.77,0.23,6.1,10875.6,4228.6929
000573.SZ,20020128,4.05,4.12,3.75,3.77,4.12,-0.35,-8.5,14053.09,5501.3464
000573.SZ,20020125,4.0,4.15,3.95,4.12,4.05,0.07,1.73,14296.08,5795.3238
000573.SZ,20020124,3.87,4.21,3.65,4.05,3.91,0.14,3.58,20508.19,8253.1391
000573.SZ,20020123,3.51,3.92,3.45,3.91,3.56,0.35,9.83,14130.08,5186.7186
000573.SZ,20020122,3.67,3.74,3.45,3.56,3.68,-0.12,-3.26,10595.4,3817.296
000573.SZ,20020121,4.01,4.04,3.68,3.68,4.09,-0.41,-10.02,14960.04,5656.8835
000573.SZ,20020118,4.22,4.25,4.06,4.09,4.23,-0.14,-3.31,8968.38,3722.584
000573.SZ,20020117,4.65,4.65,4.2,4.23,4.67,-0.44,-9.42,5796.07,2504.7438
000573.SZ,20020116,4.66,4.72,4.59,4.67,4.61,0.06,1.3,4280.55,1981.7625
000573.SZ,20020115,4.6,4.7,4.52,4.61,4.61,0.0,0.0,4509.07,2073.5918
000573.SZ,20020114,4.75,4.76,4.58,4.61,4.86,-0.25,-5.14,7852.46,3642.9685
000573.SZ,20020111,4.95,5.02,4.85,4.86,5.02,-0.16,-3.19,3820.41,1877.9047
000573.SZ,20020110,4.95,5.03,4.78,5.02,4.97,0.05,1.01,8199.89,3999.4586
000573.SZ,20020109,5.09,5.1,4.95,4.97,5.09,-0.12,-2.36,4952.6,2481.3926
000573.SZ,20020108,5.1,5.2,5.09,5.09,5.1,-0.01,-0.2,1476.95,758.8536
000573.SZ,20020107,5.16,5.17,5.06,5.1,5.17,-0.07,-1.35,2737.28,1396.862
000573.SZ,20020104,5.28,5.28,5.16,5.17,5.27,-0.1,-1.9,1955.0,1019.499
000573.SZ,20011231,5.28,5.3,5.23,5.27,5.23,0.04,0.76,2842.45,1494.3821
000573.SZ,20011228,5.28,5.28,5.2,5.23,5.28,-0.05,-0.95,1659.59,869.2778
000573.SZ,20011227,5.28,5.33,5.24,5.28,5.27,0.01,0.19,2531.02,1335.7934
000573.SZ,20011226,5.2,5.28,5.2,5.27,5.2,0.07,1.35,3223.85,1689.4283
000573.SZ,20011225,5.17,5.22,5.15,5.2,5.19,0.01,0.19,2418.69,1256.0217
000573.SZ,20011224,5.3,5.3,5.17,5.19,5.31,-0.12,-2.26,4292.39,2231.7717
000573.SZ,20011221,5.26,5.34,5.25,5.31,5.28,0.03,0.57,3721.87,1965.3373
000573.SZ,20011220,5.3,5.37,5.25,5.28,5.41,-0.13,-2.4,4679.95,2486.5568
000573.SZ,20011219,5.55,5.55,5.39,5.41,5.5,-0.09,-1.64,2794.71,1529.588
000573.SZ,20011218,5.43,5.5,5.38,5.5,5.43,0.07,1.29,3174.5,1727.1107
000573.SZ,20011217,5.46,5.5,5.4,5.43,5.49,-0.06,-1.09,3014.09,1638.8576
000573.SZ,20011214,5.55,5.56,5.48,5.49,5.55,-0.06,-1.08,4395.34,2418.6356
000573.SZ,20011213,5.66,5.72,5.55,5.55,5.67,-0.12,-2.12,5427.0,3045.2857
000573.SZ,20011212,5.8,5.8,5.67,5.67,5.85,-0.18,-3.08,3481.75,1992.0652
000573.SZ,20011211,5.79,5.9,5.64,5.85,5.8,0.05,0.86,7507.38,4370.1012
000573.SZ,20011210,5.82,5.85,5.76,5.8,5.83,-0.03,-0.51,2392.72,1384.4578
000573.SZ,20011207,5.75,5.85,5.74,5.83,5.75,0.08,1.39,4259.57,2475.8194
000573.SZ,20011206,5.74,5.79,5.7,5.75,5.77,-0.02,-0.35,10025.59,5752.1642
000573.SZ,20011205,5.92,5.95,5.76,5.77,5.95,-0.18,-3.03,9330.88,5454.3577
000573.SZ,20011204,5.89,5.99,5.82,5.95,5.89,0.06,1.02,10354.64,6142.2158
000573.SZ,20011203,5.88,5.94,5.85,5.89,5.88,0.01,0.17,10214.93,6022.9739
000573.SZ,20011130,5.88,5.89,5.81,5.88,5.86,0.02,0.34,7444.51,4364.8472
000573.SZ,20011129,5.77,5.88,5.77,5.86,5.76,0.1,1.74,10107.06,5903.3795
000573.SZ,20011128,5.75,5.82,5.75,5.76,5.75,0.01,0.17,6762.85,3916.9367
000573.SZ,20011127,5.65,5.75,5.65,5.75,5.66,0.09,1.59,3783.35,2155.4559
000573.SZ,20011126,5.76,5.78,5.63,5.66,5.78,-0.12,-2.08,7110.31,4036.8256
000573.SZ,20011123,5.83,5.84,5.76,5.78,5.85,-0.07,-1.2,5792.98,3351.3034
000573.SZ,20011122,5.73,5.86,5.72,5.85,5.73,0.12,2.09,6570.61,3793.5236
000573.SZ,20011121,5.72,5.77,5.65,5.73,5.72,0.01,0.17,5749.59,3285.93
000573.SZ,20011120,5.68,5.75,5.66,5.72,5.65,0.07,1.24,7074.67,4036.4821
000573.SZ,20011119,5.61,5.7,5.58,5.65,5.6,0.05,0.89,3347.06,1880.4047
000573.SZ,20011116,5.95,5.98,5.59,5.6,5.47,0.13,2.38,9653.65,5524.9905
000573.SZ,20011115,5.45,5.5,5.44,5.47,5.44,0.03,0.55,2512.71,1375.3839
000573.SZ,20011114,5.47,5.58,5.42,5.44,5.48,-0.04,-0.73,2348.0,1286.6373
000573.SZ,20011113,5.45,5.55,5.35,5.48,5.48,0.0,0.0,2956.31,1615.5735
000573.SZ,20011112,5.54,5.56,5.45,5.48,5.5,-0.02,-0.36,2592.45,1428.5558
000573.SZ,20011109,5.44,5.53,5.28,5.5,5.39,0.11,2.04,4004.94,2169.1619
000573.SZ,20011108,5.2,5.45,5.1,5.39,5.33,0.06,1.13,5273.78,2801.2384
000573.SZ,20011107,5.68,5.7,5.33,5.33,5.7,-0.37,-6.49,7002.3,3875.768
000573.SZ,20011106,5.75,5.81,5.68,5.7,5.73,-0.03,-0.52,3702.3,2119.4388
000573.SZ,20011105,5.78,5.8,5.71,5.73,5.82,-0.09,-1.55,3253.66,1870.1045
000573.SZ,20011102,5.81,5.93,5.79,5.82,5.91,-0.09,-1.52,3805.68,2220.8782
000573.SZ,20011101,5.95,5.98,5.87,5.91,5.86,0.05,0.85,7503.28,4446.4215
000573.SZ,20011031,5.75,5.86,5.7,5.86,5.8,0.06,1.03,5048.49,2901.9202
000573.SZ,20011030,5.95,5.95,5.8,5.8,5.95,-0.15,-2.52,6120.16,3581.1173
000573.SZ,20011029,5.84,6.02,5.84,5.95,5.84,0.11,1.88,9223.89,5489.9099
000573.SZ,20011026,5.7,5.85,5.66,5.84,5.76,0.08,1.39,7970.79,4609.6714
000573.SZ,20011025,5.94,5.94,5.75,5.76,5.99,-0.23,-3.84,14391.95,8373.5804
000573.SZ,20011024,6.12,6.14,5.85,5.99,5.94,0.05,0.84,49825.01,29987.7173
000573.SZ,20011023,5.87,5.94,5.61,5.94,5.4,0.54,10.0,40457.18,23687.1476
000573.SZ,20011022,5.25,5.54,5.16,5.4,5.2,0.2,3.85,27513.15,14837.3938
000573.SZ,20011019,5.14,5.21,5.0,5.2,5.14,0.06,1.17,6661.4,3399.131
000573.SZ,20011018,5.25,5.31,5.11,5.14,5.25,-0.11,-2.1,2243.0,1168.7188
000573.SZ,20011017,5.22,5.3,5.15,5.25,5.22,0.03,0.57,2163.99,1130.4794
000573.SZ,20011016,5.35,5.37,5.2,5.22,5.35,-0.13,-2.43,2932.29,1542.0278
000573.SZ,20011015,5.2,5.4,5.1,5.35,5.22,0.13,2.49,6958.24,3686.1535
000573.SZ,20011012,5.05,5.28,4.98,5.22,5.03,0.19,3.78,8890.12,4547.9521
000573.SZ,20011011,5.15,5.21,5.01,5.03,5.18,-0.15,-2.9,5243.82,2672.3758
000573.SZ,20011010,5.4,5.4,5.16,5.18,5.37,-0.19,-3.54,4591.55,2406.6551
000573.SZ,20011009,5.3,5.42,5.28,5.37,5.29,0.08,1.51,3281.66,1753.5326
000573.SZ,20011008,5.51,5.58,5.25,5.29,5.5,-0.21,-3.82,3934.55,2118.0123
000573.SZ,20010928,5.5,5.56,5.49,5.5,5.5,0.0,0.0,3320.54,1831.545
000573.SZ,20010927,5.49,5.57,5.45,5.5,5.52,-0.02,-0.36,3656.79,2013.6351
000573.SZ,20010926,5.63,5.65,5.52,5.52,5.63,-0.11,-1.95,3284.27,1829.595
000573.SZ,20010925,5.63,5.7,5.6,5.63,5.62,0.01,0.18,2030.4,1146.0911
000573.SZ,20010924,5.59,5.65,5.56,5.62,5.62,0.0,0.0,2715.38,1524.4154
000573.SZ,20010921,5.6,5.73,5.58,5.62,5.67,-0.05,-0.88,2765.6,1556.6474
000573.SZ,20010920,5.7,5.78,5.67,5.67,5.75,-0.08,-1.39,5774.33,3305.2069
000573.SZ,20010919,5.61,5.75,5.59,5.75,5.68,0.07,1.23,4586.81,2598.6106
000573.SZ,20010918,5.6,5.79,5.56,5.68,5.65,0.03,0.53,7017.08,3961.2202
000573.SZ,20010917,5.92,5.93,5.56,5.65,6.0,-0.35,-5.83,15673.45,8917.4424
000573.SZ,20010914,6.08,6.13,5.98,6.0,6.1,-0.1,-1.64,4767.0,2882.4006
000573.SZ,20010913,6.1,6.2,6.1,6.1,6.14,-0.04,-0.65,2425.0,1488.628
000573.SZ,20010912,6.1,6.23,5.85,6.14,6.28,-0.14,-2.23,10602.91,6461.9937
000573.SZ,20010911,6.2,6.33,6.16,6.28,6.2,0.08,1.29,6415.88,4021.8303
000573.SZ,20010910,5.98,6.2,5.85,6.2,6.03,0.17,2.82,4471.0,2704.9372
000573.SZ,20010907,6.15,6.18,6.03,6.03,6.19,-0.16,-2.58,4383.49,2660.3988
000573.SZ,20010906,6.22,6.27,6.13,6.19,6.23,-0.04,-0.64,2963.8,1833.6975
000573.SZ,20010905,6.24,6.33,6.2,6.23,6.21,0.02,0.32,3710.11,2325.9225
000573.SZ,20010904,6.02,6.22,6.02,6.21,6.04,0.17,2.81,3530.02,2166.8809
000573.SZ,20010903,6.11,6.11,6.01,6.04,6.11,-0.07,-1.15,3980.5,2404.5736
000573.SZ,20010831,6.12,6.13,6.05,6.11,6.1,0.01,0.16,3063.6,1865.3077
000573.SZ,20010830,6.2,6.2,6.05,6.1,6.18,-0.08,-1.29,2576.3,1578.9849
000573.SZ,20010829,6.22,6.31,6.18,6.18,6.2,-0.02,-0.32,3647.07,2278.5869
000573.SZ,20010828,6.2,6.2,6.0,6.2,6.22,-0.02,-0.32,6869.94,4192.4811
000573.SZ,20010827,6.5,6.52,6.18,6.22,6.55,-0.33,-5.04,8287.59,5218.517
000573.SZ,20010824,6.59,6.67,6.51,6.55,6.58,-0.03,-0.46,4148.15,2737.0514
000573.SZ,20010823,6.6,6.6,6.5,6.58,6.61,-0.03,-0.45,5747.22,3766.1565
000573.SZ,20010822,6.68,6.71,6.58,6.61,6.71,-0.1,-1.49,6884.44,4550.0962
000573.SZ,20010821,6.69,6.77,6.69,6.71,6.69,0.02,0.3,3096.37,2081.0189
000573.SZ,20010820,6.69,6.73,6.65,6.69,6.69,0.0,0.0,3149.15,2105.8494
000573.SZ,20010817,6.7,6.73,6.65,6.69,6.73,-0.04,-0.59,3450.15,2307.3627
000573.SZ,20010816,6.85,6.85,6.72,6.73,6.85,-0.12,-1.75,3311.0,2241.483
000573.SZ,20010815,6.85,6.89,6.8,6.85,6.82,0.03,0.44,2376.6,1627.6412
000573.SZ,20010814,6.85,6.95,6.78,6.82,6.9,-0.08,-1.16,4301.89,2955.7408
000573.SZ,20010813,6.9,6.94,6.83,6.9,6.89,0.01,0.15,4363.41,3008.7687
000573.SZ,20010810,6.8,6.9,6.8,6.89,6.83,0.06,0.88,6855.41,4714.0454
000573.SZ,20010809,6.74,6.85,6.71,6.83,6.74,0.09,1.34,4375.62,2975.8721
000573.SZ,20010808,6.8,6.82,6.66,6.74,6.77,-0.03,-0.44,2749.25,1850.8823
000573.SZ,20010807,6.63,6.8,6.6,6.77,6.63,0.14,2.11,4411.64,2955.2962
000573.SZ,20010806,6.87,6.87,6.61,6.63,6.89,-0.26,-3.77,6654.44,4436.9042
000573.SZ,20010803,6.86,6.91,6.81,6.89,6.85,0.04,0.58,3079.56,2113.7825
000573.SZ,20010802,6.92,6.92,6.68,6.85,6.93,-0.08,-1.15,6607.05,4486.0459
000573.SZ,20010801,6.66,6.95,6.66,6.93,6.66,0.27,4.05,8743.38,5973.5477
000573.SZ,20010731,6.6,6.92,6.58,6.66,6.72,-0.06,-0.89,9546.71,6443.359
000573.SZ,20010730,7.2,7.2,6.7,6.72,7.26,-0.54,-7.44,13970.0,9763.7776
000573.SZ,20010727,7.32,7.38,7.25,7.26,7.32,-0.06,-0.82,9987.09,7294.9406
000573.SZ,20010726,7.45,7.47,7.32,7.32,7.43,-0.11,-1.48,6731.49,4963.7129
000573.SZ,20010725,7.44,7.46,7.4,7.43,7.45,-0.02,-0.27,4881.05,3620.2785
000573.SZ,20010724,7.52,7.54,7.38,7.45,7.54,-0.09,-1.19,5893.13,4388.371
000573.SZ,20010723,7.68,7.69,7.52,7.54,7.62,-0.08,-1.05,9000.65,6821.7825
000573.SZ,20010720,7.45,7.75,7.42,7.62,7.41,0.21,2.83,10444.94,7929.9733
000573.SZ,20010719,7.48,7.48,7.38,7.41,7.45,-0.04,-0.54,3698.16,2743.0464
000573.SZ,20010718,7.5,7.5,7.42,7.45,7.45,0.0,0.0,3476.03,2588.9623
000573.SZ,20010717,7.39,7.46,7.36,7.45,7.39,0.06,0.81,6204.4,4596.4817
000573.SZ,20010716,7.43,7.5,7.35,7.39,7.39,0.0,0.0,6977.5,5166.414
000573.SZ,20010713,7.43,7.5,7.39,7.39,7.41,-0.02,-0.27,3534.2,2631.5472
000573.SZ,20010712,7.4,7.48,7.35,7.41,7.41,0.0,0.0,5471.34,4048.4521
000573.SZ,20010711,7.51,7.54,7.35,7.41,7.54,-0.13,-1.72,11695.69,8676.4527
000573.SZ,20010710,7.5,7.56,7.49,7.54,7.48,0.06,0.8,4934.24,3714.3399
000573.SZ,20010709,7.47,7.5,7.46,7.48,7.47,0.01,0.13,5178.41,3874.2445
000573.SZ,20010706,7.54,7.6,7.46,7.47,7.54,-0.07,-0.93,7314.7,5487.8927
000573.SZ,20010705,7.69,7.69,7.53,7.54,7.69,-0.15,-1.95,7447.5,5642.5767
000573.SZ,20010704,7.65,7.77,7.63,7.69,7.65,0.04,0.52,7387.92,5683.3663
000573.SZ,20010703,7.58,7.68,7.56,7.65,7.58,0.07,0.92,7580.35,5775.6073
000573.SZ,20010702,7.72,7.73,7.55,7.58,7.7,-0.12,-1.56,10592.99,8051.0579
000573.SZ,20010629,7.78,7.84,7.67,7.7,7.78,-0.08,-1.03,11079.74,8549.7581
000573.SZ,20010628,7.72,7.88,7.72,7.78,7.74,0.04,0.52,14799.0,11543.57
000573.SZ,20010627,7.82,7.88,7.7,7.74,7.82,-0.08,-1.02,18714.97,14490.6653
000573.SZ,20010626,8.02,8.05,7.8,7.82,7.95,-0.13,-1.64,49993.11,39436.8263
000573.SZ,20010625,7.8,8.24,7.79,7.95,7.5,0.45,6.0,105279.71,84018.3442
000573.SZ,20010622,7.39,7.5,7.36,7.5,7.39,0.11,1.49,12265.61,9162.7011
000573.SZ,20010621,7.32,7.4,7.29,7.39,7.32,0.07,0.96,6039.71,4444.8229
000573.SZ,20010620,7.39,7.41,7.3,7.32,7.33,-0.01,-0.14,6748.93,4957.6085
000573.SZ,20010619,7.31,7.42,7.27,7.33,7.31,0.02,0.27,8517.0,6228.6201
000573.SZ,20010618,7.43,7.43,7.29,7.31,7.44,-0.13,-1.75,15741.55,11554.8697
000573.SZ,20010615,7.38,7.5,7.35,7.44,7.4,0.04,0.54,10503.82,7780.7066
000573.SZ,20010614,7.56,7.56,7.38,7.4,7.54,-0.14,-1.86,14391.5,10754.8897
000573.SZ,20010613,7.42,7.57,7.4,7.54,7.42,0.12,1.62,10855.46,8126.8301
000573.SZ,20010612,7.4,7.5,7.39,7.42,7.41,0.01,0.14,8327.16,6191.5406
000573.SZ,20010611,7.46,7.47,7.38,7.41,7.46,-0.05,-0.67,13620.25,10085.7554
000573.SZ,20010608,7.5,7.56,7.42,7.46,7.57,-0.11,-1.45,9662.25,7212.4555
000573.SZ,20010607,7.65,7.65,7.55,7.57,7.6,-0.03,-0.39,8776.11,6656.2482
000573.SZ,20010606,7.65,7.66,7.53,7.6,7.63,-0.03,-0.39,9945.11,7532.7108
000573.SZ,20010605,7.45,7.67,7.45,7.63,7.45,0.18,2.42,12324.8,9373.7642
000573.SZ,20010604,7.55,7.57,7.41,7.45,7.57,-0.12,-1.59,10915.3,8168.2646
000573.SZ,20010601,7.42,7.58,7.41,7.57,7.42,0.15,2.02,9436.11,7027.0364
000573.SZ,20010531,7.48,7.55,7.4,7.42,7.47,-0.05,-0.67,7226.93,5397.673
000573.SZ,20010530,7.4,7.48,7.38,7.47,7.39,0.08,1.08,6898.23,5127.8074
000573.SZ,20010529,7.46,7.48,7.37,7.39,7.48,-0.09,-1.2,7485.06,5542.7008
000573.SZ,20010528,7.4,7.5,7.3,7.48,7.41,0.07,0.94,15435.4,11315.7959
000573.SZ,20010525,7.51,7.53,7.38,7.41,7.5,-0.09,-1.2,13484.31,10018.0382
000573.SZ,20010524,7.46,7.6,7.45,7.5,7.49,0.01,0.13,11987.79,8988.3381
000573.SZ,20010523,7.59,7.61,7.46,7.49,7.59,-0.1,-1.32,15211.99,11443.8752
000573.SZ,20010522,7.63,7.69,7.58,7.59,7.63,-0.04,-0.52,12922.29,9828.7369
000573.SZ,20010521,7.61,7.69,7.6,7.63,7.61,0.02,0.26,15172.41,11575.3857
000573.SZ,20010517,7.67,7.7,7.6,7.61,7.67,-0.06,-0.78,17848.54,13593.9529
000573.SZ,20010516,7.73,7.76,7.63,7.67,7.73,-0.06,-0.78,12736.77,9772.7578
000573.SZ,20010515,7.77,7.84,7.72,7.73,7.77,-0.04,-0.51,10681.0,8303.5159
000573.SZ,20010514,7.77,7.8,7.65,7.77,7.77,0.0,0.0,11973.15,9236.9459
000573.SZ,20010511,7.8,7.84,7.73,7.77,7.79,-0.02,-0.26,6281.86,4873.8443
000573.SZ,20010510,7.75,7.84,7.72,7.79,7.74,0.05,0.65,9368.0,7293.0
000573.SZ,20010509,7.7,7.82,7.7,7.74,7.72,0.02,0.26,6663.43,5171.5386
000573.SZ,20010508,7.67,7.8,7.67,7.72,7.67,0.05,0.65,6189.3,4779.793
000573.SZ,20010430,7.75,7.75,7.66,7.67,7.69,-0.02,-0.26,7440.0,5722.0
000573.SZ,20010427,7.66,7.75,7.65,7.69,7.63,0.06,0.79,10247.14,7886.7513
000573.SZ,20010426,7.63,7.73,7.6,7.63,7.69,-0.06,-0.78,13410.22,10259.8058
000573.SZ,20010425,7.86,7.96,7.62,7.69,7.85,-0.16,-2.04,18556.89,14453.5413
000573.SZ,20010424,7.85,7.95,7.82,7.85,7.86,-0.01,-0.13,17422.0,13712.0
000573.SZ,20010423,8.0,8.02,7.85,7.86,8.02,-0.16,-2.0,24871.02,19676.4008
000573.SZ,20010420,8.25,8.3,8.0,8.02,8.24,-0.22,-2.67,33625.13,27369.1439
000573.SZ,20010419,8.15,8.25,7.95,8.24,8.16,0.08,0.98,56070.76,45236.7649
000573.SZ,20010418,8.31,8.49,8.15,8.16,8.16,0.0,0.0,232733.08,192917.1841
000573.SZ,20010417,7.72,8.17,7.6,8.16,7.71,0.45,5.84,115579.66,92014.6621
000573.SZ,20010416,7.57,7.77,7.5,7.71,7.58,0.13,1.72,30658.58,23442.8809
000573.SZ,20010413,7.63,7.65,7.57,7.58,7.63,-0.05,-0.66,15180.73,11517.9907
000573.SZ,20010412,7.7,7.74,7.6,7.63,7.69,-0.06,-0.78,15071.19,11512.8881
000573.SZ,20010411,7.75,7.76,7.65,7.69,7.76,-0.07,-0.9,8397.73,6454.2898
000573.SZ,20010410,7.8,7.82,7.72,7.76,7.79,-0.03,-0.39,21980.33,17060.6362
000573.SZ,20010409,7.68,7.8,7.64,7.79,7.61,0.18,2.37,72285.37,55813.3531
000573.SZ,20010406,7.7,7.7,7.55,7.61,7.6,0.01,0.13,18305.65,13903.7844
000573.SZ,20010405,7.44,7.6,7.42,7.6,7.44,0.16,2.15,30021.01,22648.6485
000573.SZ,20010404,7.46,7.46,7.32,7.44,7.46,-0.02,-0.27,17602.57,13032.2021
000573.SZ,20010403,7.34,7.46,7.34,7.46,7.35,0.11,1.5,11407.0,8456.7987
000573.SZ,20010402,7.4,7.4,7.3,7.35,7.42,-0.07,-0.94,15091.86,11089.7009
000573.SZ,20010330,7.35,7.42,7.32,7.42,7.37,0.05,0.68,9232.4,6802.6567
000573.SZ,20010329,7.48,7.49,7.36,7.37,7.47,-0.1,-1.34,13023.52,9651.3305
000573.SZ,20010328,7.5,7.51,7.4,7.47,7.5,-0.03,-0.4,11472.5,8534.1763
000573.SZ,20010327,7.45,7.54,7.43,7.5,7.45,0.05,0.67,17277.49,12929.2806
000573.SZ,20010326,7.29,7.46,7.27,7.45,7.33,0.12,1.64,10096.02,7453.5219
000573.SZ,20010323,7.5,7.53,7.33,7.33,7.49,-0.16,-2.14,14772.22,10938.6142
000573.SZ,20010322,7.38,7.56,7.38,7.49,7.38,0.11,1.49,18369.61,13721.1776
000573.SZ,20010321,7.35,7.42,7.33,7.38,7.37,0.01,0.14,12294.72,9052.8146
000573.SZ,20010320,7.3,7.44,7.3,7.37,7.36,0.01,0.14,10115.33,7468.0228
000573.SZ,20010319,7.26,7.38,7.2,7.36,7.2,0.16,2.22,10439.59,7580.5532
000573.SZ,20010316,7.25,7.3,7.05,7.2,7.25,-0.05,-0.69,8045.94,5810.8112
000573.SZ,20010315,7.28,7.32,7.23,7.25,7.25,0.0,0.0,7907.16,5754.83
000573.SZ,20010314,7.19,7.26,7.16,7.25,7.2,0.05,0.69,6481.61,4676.0659
000573.SZ,20010313,7.28,7.28,7.18,7.2,7.28,-0.08,-1.1,6592.37,4751.7553
000573.SZ,20010312,7.25,7.32,7.18,7.28,7.25,0.03,0.41,8402.81,6101.079
000573.SZ,20010309,7.2,7.25,7.15,7.25,7.18,0.07,0.97,12169.53,8754.8864
000573.SZ,20010308,7.16,7.22,7.15,7.18,7.18,0.0,0.0,6824.3,4908.2821
000573.SZ,20010307,7.16,7.25,7.15,7.18,7.17,0.01,0.14,6092.7,4382.1207
000573.SZ,20010306,7.18,7.23,7.1,7.17,7.26,-0.09,-1.24,9894.72,7081.6703
000573.SZ,20010305,7.36,7.36,7.24,7.26,7.31,-0.05,-0.68,5797.56,4214.8228
000573.SZ,20010302,7.22,7.38,7.21,7.31,7.21,0.1,1.39,7866.33,5740.9015
000573.SZ,20010301,7.12,7.23,7.12,7.21,7.16,0.05,0.7,6274.42,4508.8353
000573.SZ,20010228,7.12,7.19,7.1,7.16,7.14,0.02,0.28,3839.9,2746.6665
000573.SZ,20010227,7.17,7.2,7.08,7.14,7.16,-0.02,-0.28,7797.31,5555.8909
000573.SZ,20010226,7.15,7.18,7.01,7.16,7.09,0.07,0.99,8219.36,5832.2381
000573.SZ,20010223,7.06,7.13,6.95,7.09,7.06,0.03,0.42,11440.08,8040.9175
000573.SZ,20010222,7.08,7.16,7.0,7.06,7.08,-0.02,-0.28,9186.5,6513.9274
000573.SZ,20010221,7.32,7.32,7.04,7.08,7.35,-0.27,-3.67,18065.36,12912.0753
000573.SZ,20010220,7.5,7.55,7.31,7.35,7.48,-0.13,-1.74,13963.29,10343.8908
000573.SZ,20010219,7.5,7.53,7.4,7.48,7.53,-0.05,-0.66,9675.92,7201.1434
000573.SZ,20010216,7.62,7.62,7.34,7.53,7.64,-0.11,-1.44,12972.7,9671.8988
000573.SZ,20010215,7.7,7.79,7.64,7.64,7.69,-0.05,-0.65,5395.99,4160.7451
000573.SZ,20010214,7.7,7.7,7.64,7.69,7.7,-0.01,-0.13,4617.38,3543.2051
000573.SZ,20010213,7.66,7.75,7.65,7.7,7.65,0.05,0.65,9550.19,7364.4246
000573.SZ,20010212,7.65,7.7,7.51,7.65,7.63,0.02,0.26,8305.29,6303.8583
000573.SZ,20010209,7.58,7.75,7.58,7.63,7.57,0.06,0.79,9152.13,7003.6223
000573.SZ,20010208,7.82,7.85,7.55,7.57,7.77,-0.2,-2.57,11795.76,9107.4186
000573.SZ,20010207,7.68,7.84,7.67,7.77,7.66,0.11,1.44,15792.28,12275.6979
000573.SZ,20010206,7.65,7.72,7.5,7.66,7.7,-0.04,-0.52,9575.18,7282.1696
000573.SZ,20010205,7.72,7.85,7.63,7.7,7.73,-0.03,-0.39,13386.74,10408.0444
000573.SZ,20010119,7.63,7.76,7.63,7.73,7.63,0.1,1.31,10750.77,8308.4201
000573.SZ,20010118,7.58,7.7,7.56,7.63,7.6,0.03,0.39,10776.13,8231.4845
000573.SZ,20010117,7.7,7.74,7.6,7.6,7.67,-0.07,-0.91,7647.91,5854.3745
000573.SZ,20010116,7.5,7.7,7.48,7.67,7.6,0.07,0.92,12512.33,9489.2733
000573.SZ,20010115,7.8,7.8,7.55,7.6,7.83,-0.23,-2.94,20028.98,15327.0654
000573.SZ,20010112,7.92,7.96,7.75,7.83,7.92,-0.09,-1.14,15100.55,11808.9468
000573.SZ,20010111,8.01,8.07,7.91,7.92,8.01,-0.09,-1.12,20316.86,16184.8242
000573.SZ,20010110,7.95,8.08,7.87,8.01,7.95,0.06,0.75,39057.87,31231.0287
000573.SZ,20010109,7.75,7.96,7.68,7.95,7.76,0.19,2.45,24879.66,19508.2101
000573.SZ,20010108,7.85,7.89,7.68,7.76,7.84,-0.08,-1.02,17146.86,13347.5554
000573.SZ,20010105,7.7,7.88,7.62,7.84,7.72,0.12,1.55,21535.45,16784.4541
000573.SZ,20010104,7.75,7.79,7.58,7.72,7.76,-0.04,-0.52,11618.93,8952.6623
000573.SZ,20010103,7.68,7.95,7.68,7.76,7.63,0.13,1.7,25918.75,20268.6157
000573.SZ,20010102,7.4,7.7,7.38,7.63,7.45,0.18,2.42,13163.21,10015.9922
000573.SZ,20001229,7.42,7.48,7.37,7.45,7.39,0.06,0.81,6867.99,5100.5202
000573.SZ,20001228,7.39,7.45,7.36,7.39,7.39,0.0,0.0,8076.34,5975.7469
000573.SZ,20001227,7.48,7.53,7.38,7.39,7.51,-0.12,-1.6,8910.83,6626.285
000573.SZ,20001226,7.4,7.52,7.37,7.51,7.38,0.13,1.76,10958.92,8163.816
000573.SZ,20001225,7.46,7.46,7.35,7.38,7.45,-0.07,-0.94,10264.72,7583.4492
000573.SZ,20001222,7.53,7.53,7.35,7.45,7.51,-0.06,-0.8,12647.11,9360.9194
000573.SZ,20001221,7.45,7.56,7.38,7.51,7.43,0.08,1.08,10924.8,8182.3554
000573.SZ,20001220,7.4,7.45,7.33,7.43,7.38,0.05,0.68,9527.16,7039.9209
000573.SZ,20001219,7.33,7.44,7.31,7.38,7.33,0.05,0.68,5295.63,3907.4122
000573.SZ,20001218,7.4,7.43,7.23,7.33,7.4,-0.07,-0.95,11470.95,8354.2349
000573.SZ,20001215,7.41,7.5,7.36,7.4,7.46,-0.06,-0.8,7346.72,5442.2562
000573.SZ,20001214,7.49,7.55,7.45,7.46,7.5,-0.04,-0.53,8347.23,6242.8029
000573.SZ,20001213,7.59,7.6,7.5,7.5,7.58,-0.08,-1.06,7887.94,5931.768
000573.SZ,20001212,7.83,7.83,7.45,7.58,7.47,0.11,1.47,10772.2,8129.4007
000573.SZ,20001211,7.66,7.7,7.44,7.47,7.67,-0.2,-2.61,14413.28,10834.5137
000573.SZ,20001208,7.65,7.79,7.63,7.67,7.63,0.04,0.52,8973.2,6908.3072
000573.SZ,20001207,7.72,7.74,7.58,7.63,7.74,-0.11,-1.42,14604.49,11164.3336
000573.SZ,20001206,7.99,8.0,7.7,7.74,7.98,-0.24,-3.01,19206.0,15007.2557
000573.SZ,20001205,7.91,8.1,7.91,7.98,7.91,0.07,0.89,20308.41,16201.7149
000573.SZ,20001204,7.9,7.96,7.82,7.91,7.89,0.02,0.25,14512.7,11455.6645
000573.SZ,20001201,7.98,8.01,7.81,7.89,7.98,-0.09,-1.13,20530.21,16198.334
000573.SZ,20001130,8.0,8.15,7.9,7.98,7.99,-0.01,-0.13,23363.95,18730.3283
000573.SZ,20001129,8.13,8.15,7.9,7.99,8.12,-0.13,-1.6,50411.44,40264.6206
000573.SZ,20001128,7.9,8.17,7.84,8.12,7.84,0.28,3.57,142809.58,114382.5215
000573.SZ,20001127,7.37,7.85,7.3,7.84,7.43,0.41,5.52,57331.11,43866.5471
000573.SZ,20001124,7.76,7.83,7.35,7.43,7.81,-0.38,-4.87,29480.49,22459.0793
000573.SZ,20001123,7.75,7.88,7.66,7.81,7.72,0.09,1.17,39739.46,30903.0764
000573.SZ,20001122,7.5,7.79,7.48,7.72,7.55,0.17,2.25,31923.07,24348.0161
000573.SZ,20001121,7.5,7.65,7.48,7.55,7.48,0.07,0.94,26249.98,19840.6211
000573.SZ,20001120,7.52,7.59,7.4,7.48,7.51,-0.03,-0.4,17599.34,13146.7398
000573.SZ,20001117,7.47,7.59,7.47,7.51,7.46,0.05,0.67,23554.0,17712.3736
000573.SZ,20001116,7.48,7.52,7.4,7.46,7.48,-0.02,-0.27,20919.0,15580.2033
000573.SZ,20001115,7.5,7.6,7.45,7.48,7.46,0.02,0.27,25282.0,19015.463
000573.SZ,20001114,7.5,7.5,7.39,7.46,7.5,-0.04,-0.53,19313.0,14390.5062
000573.SZ,20001113,7.44,7.5,7.35,7.5,7.42,0.08,1.08,29051.0,21619.0566
000573.SZ,20001110,7.35,7.44,7.26,7.42,7.32,0.1,1.37,23688.0,17462.267
000573.SZ,20001109,7.3,7.33,7.2,7.32,7.3,0.02,0.27,12725.0,9237.4679
000573.SZ,20001108,7.2,7.31,7.15,7.3,7.19,0.11,1.53,16396.0,11797.0228
000573.SZ,20001107,7.18,7.24,7.17,7.19,7.18,0.01,0.14,11667.0,8394.3126
000573.SZ,20001106,7.18,7.26,7.16,7.18,7.17,0.01,0.14,10637.0,7643.1435
000573.SZ,20001103,7.21,7.32,7.14,7.17,7.29,-0.12,-1.65,13519.0,9724.9103
000573.SZ,20001102,7.32,7.39,7.26,7.29,7.34,-0.05,-0.68,12828.0,9389.5281
000573.SZ,20001101,7.32,7.45,7.3,7.34,7.32,0.02,0.27,10217.0,7518.2164
000573.SZ,20001031,7.5,7.52,7.3,7.32,7.49,-0.17,-2.27,16135.0,11890.7022
000573.SZ,20001030,7.23,7.58,7.23,7.49,7.11,0.38,5.34,63488.0,47263.4118
000573.SZ,20001027,7.05,7.15,7.0,7.11,7.08,0.03,0.42,11806.0,8305.337
000573.SZ,20001026,7.18,7.22,7.08,7.08,7.16,-0.08,-1.12,10813.0,7694.6951
000573.SZ,20001025,7.06,7.23,7.06,7.16,7.06,0.1,1.42,13603.0,9718.396
000573.SZ,20001024,7.18,7.18,7.01,7.06,7.17,-0.11,-1.53,8687.0,6141.5643
000573.SZ,20001023,7.12,7.2,7.1,7.17,7.1,0.07,0.99,10698.0,7646.502
000573.SZ,20001020,7.01,7.15,6.98,7.1,7.0,0.1,1.43,8280.0,5825.2161
000573.SZ,20001019,7.1,7.28,7.0,7.0,7.1,-0.1,-1.41,6768.0,4782.2135
000573.SZ,20001018,7.04,7.25,7.02,7.1,7.04,0.06,0.85,8085.0,5783.5533
000573.SZ,20001017,6.9,7.1,6.89,7.04,6.91,0.13,1.88,7398.0,5154.2482
000573.SZ,20001016,7.1,7.1,6.91,6.91,7.1,-0.19,-2.68,8530.0,5962.0391
000573.SZ,20001013,7.3,7.3,7.06,7.1,7.28,-0.18,-2.47,8615.0,6157.7996
000573.SZ,20001012,7.26,7.38,7.13,7.28,7.25,0.03,0.41,21817.0,15883.4576
000573.SZ,20001011,7.09,7.26,7.01,7.25,7.09,0.16,2.26,18326.0,13074.2872
000573.SZ,20001010,7.07,7.13,7.02,7.09,7.06,0.03,0.42,9992.0,7073.9002
000573.SZ,20001009,7.1,7.14,6.92,7.06,7.01,0.05,0.71,7091.0,4954.7585
000573.SZ,20000929,6.7,7.05,6.7,7.01,6.72,0.29,4.32,16427.0,11420.8546
000573.SZ,20000928,6.9,6.92,6.71,6.72,6.9,-0.18,-2.61,7423.0,5034.1004
000573.SZ,20000927,6.73,6.91,6.73,6.9,6.72,0.18,2.68,7044.0,4791.6929
000573.SZ,20000926,6.82,6.82,6.68,6.72,6.73,-0.01,-0.15,5156.0,3474.6073
000573.SZ,20000922,6.83,6.83,6.7,6.73,6.86,-0.13,-1.9,8172.0,5510.3364
000573.SZ,20000921,6.88,7.0,6.86,6.86,6.88,-0.02,-0.29,10474.0,7246.9646
000573.SZ,20000920,6.75,6.9,6.72,6.88,6.79,0.09,1.33,11654.0,7946.4849
000573.SZ,20000919,7.1,7.1,6.75,6.79,7.13,-0.34,-4.77,20025.0,13781.2123
000573.SZ,20000918,7.18,7.3,7.12,7.13,7.18,-0.05,-0.7,9214.0,6644.6815
000573.SZ,20000915,7.24,7.24,7.11,7.18,7.24,-0.06,-0.83,11213.0,8032.5283
000573.SZ,20000914,7.42,7.42,7.18,7.24,7.4,-0.16,-2.16,13523.0,9827.5854
000573.SZ,20000913,7.42,7.47,7.3,7.4,7.42,-0.02,-0.27,17374.0,12808.9645
000573.SZ,20000912,7.22,7.49,7.22,7.42,7.22,0.2,2.77,15506.0,11337.7817
000573.SZ,20000911,7.08,7.27,7.08,7.22,7.08,0.14,1.98,15553.0,11195.7072
000573.SZ,20000908,7.18,7.25,7.04,7.08,7.18,-0.1,-1.39,25942.0,18407.9844
000573.SZ,20000907,7.33,7.5,7.11,7.18,7.32,-0.14,-1.91,22151.0,16082.2079
000573.SZ,20000906,7.3,7.52,7.3,7.32,7.31,0.01,0.14,18554.83,13727.9088
000573.SZ,20000905,7.65,7.7,7.3,7.31,7.6,-0.29,-3.82,31386.0,23487.0857
000573.SZ,20000904,7.79,7.79,7.4,7.6,8.02,-0.42,-5.24,46423.0,34957.3166
000573.SZ,20000830,8.18,8.22,8.0,8.02,8.15,-0.13,-1.6,24645.0,19854.264
000573.SZ,20000829,8.08,8.24,8.06,8.15,8.06,0.09,1.12,31386.0,25534.6156
000573.SZ,20000828,8.18,8.2,8.02,8.06,8.18,-0.12,-1.47,40034.0,32244.0742
000573.SZ,20000825,8.1,8.24,8.1,8.18,8.08,0.1,1.24,23701.0,19293.183
000573.SZ,20000824,8.12,8.2,7.99,8.08,8.12,-0.04,-0.49,46471.0,37544.1112
000573.SZ,20000823,8.21,8.38,7.75,8.12,8.25,-0.13,-1.58,54238.0,43837.366
000573.SZ,20000822,8.45,8.6,8.25,8.25,8.42,-0.17,-2.02,37944.0,32275.3113
000573.SZ,20000821,8.26,8.45,8.2,8.42,8.25,0.17,2.06,38210.0,31890.377
000573.SZ,20000818,8.35,8.36,8.24,8.25,8.35,-0.1,-1.2,27078.0,22403.9601
000573.SZ,20000817,8.3,8.4,8.24,8.35,8.29,0.06,0.72,29402.0,24399.1261
000573.SZ,20000816,8.32,8.41,8.25,8.29,8.32,-0.03,-0.36,23474.0,19472.183
000573.SZ,20000815,8.38,8.4,8.3,8.32,8.34,-0.02,-0.24,16263.0,13553.2998
000573.SZ,20000814,8.35,8.43,8.27,8.34,8.35,-0.01,-0.12,24701.0,20546.9917
000573.SZ,20000811,8.37,8.6,8.33,8.35,8.37,-0.02,-0.24,16397.0,13794.781
000573.SZ,20000810,8.6,8.64,8.35,8.37,8.58,-0.21,-2.45,28728.0,24153.4976
000573.SZ,20000809,8.74,8.75,8.53,8.58,8.7,-0.12,-1.38,30034.0,25807.2976
000573.SZ,20000808,8.42,8.74,8.35,8.7,8.4,0.3,3.57,66912.0,57522.0812
000573.SZ,20000807,8.4,8.47,8.26,8.4,8.4,0.0,0.0,25082.0,20973.4188
000573.SZ,20000804,8.35,8.47,8.3,8.4,8.33,0.07,0.84,30618.0,25668.7602
000573.SZ,20000803,8.2,8.4,8.2,8.33,8.26,0.07,0.85,26894.0,22396.7963
000573.SZ,20000802,8.29,8.3,8.2,8.26,8.29,-0.03,-0.36,28044.0,23078.442
000573.SZ,20000801,8.4,8.42,8.24,8.29,8.36,-0.07,-0.84,28682.0,23766.5953
000573.SZ,20000731,8.23,8.38,8.2,8.36,8.29,0.07,0.84,35593.0,29410.2096
000573.SZ,20000728,8.38,8.48,8.26,8.29,8.37,-0.08,-0.96,31540.0,26233.7934
000573.SZ,20000727,8.48,8.55,8.33,8.37,8.48,-0.11,-1.3,27031.0,22727.9949
000573.SZ,20000726,8.32,8.5,8.24,8.48,8.32,0.16,1.92,28145.0,23659.3999
000573.SZ,20000725,8.2,8.42,8.2,8.32,8.21,0.11,1.34,22145.0,18437.3731
000573.SZ,20000724,8.35,8.37,8.19,8.21,8.39,-0.18,-2.15,47042.0,38686.3639
000573.SZ,20000721,8.5,8.56,8.35,8.39,8.49,-0.1,-1.18,30678.0,25778.5565
000573.SZ,20000720,8.36,8.49,8.25,8.49,8.36,0.13,1.56,61178.0,50852.3675
000573.SZ,20000719,8.55,8.59,8.32,8.36,8.55,-0.19,-2.22,84850.0,71187.785
000573.SZ,20000718,8.5,8.65,8.48,8.55,8.48,0.07,0.83,50007.0,42668.9268
000573.SZ,20000717,8.86,8.87,8.45,8.48,8.89,-0.41,-4.61,92127.0,79433.7698
000573.SZ,20000714,9.0,9.02,8.85,8.89,9.0,-0.11,-1.22,38657.0,34432.9999
000573.SZ,20000713,8.78,9.18,8.72,9.0,8.75,0.25,2.86,81643.0,73274.3226
000573.SZ,20000712,8.72,8.89,8.7,8.75,8.72,0.03,0.34,39061.0,34255.5305
000573.SZ,20000711,8.9,8.98,8.7,8.72,8.89,-0.17,-1.91,49170.0,43284.3548
000573.SZ,20000710,8.8,8.94,8.56,8.89,8.81,0.08,0.91,67624.0,59014.6122
000573.SZ,20000707,8.92,9.0,8.76,8.81,8.9,-0.09,-1.01,42350.0,37466.5324
000573.SZ,20000706,8.84,9.0,8.73,8.9,8.84,0.06,0.68,29830.0,26497.6772
000573.SZ,20000705,9.07,9.12,8.8,8.84,9.07,-0.23,-2.54,43319.0,38566.6883
000573.SZ,20000704,9.15,9.24,8.9,9.07,9.15,-0.08,-0.87,52282.0,47215.9004
000573.SZ,20000703,9.0,9.34,8.7,9.15,9.02,0.13,1.44,159576.0,145275.9591
000573.SZ,20000630,8.73,9.48,8.73,9.02,8.68,0.34,3.92,178576.0,162756.6806
000573.SZ,20000629,8.9,8.99,8.62,8.68,8.89,-0.21,-2.36,43019.0,37602.6892
000573.SZ,20000628,8.7,9.15,8.7,8.89,8.7,0.19,2.18,64477.0,57797.5835
000573.SZ,20000627,8.71,8.9,8.65,8.7,8.65,0.05,0.58,33038.0,28951.9459
000573.SZ,20000623,8.5,8.8,8.45,8.65,8.53,0.12,1.41,40796.0,35015.6606
000573.SZ,20000622,8.6,8.7,8.45,8.53,8.6,-0.07,-0.81,33933.0,29025.0885
000573.SZ,20000621,8.5,8.65,8.4,8.6,8.55,0.05,0.58,37746.0,32186.9406
000573.SZ,20000620,8.78,8.79,8.45,8.55,8.78,-0.23,-2.62,50258.0,43121.9047
000573.SZ,20000619,9.0,9.15,8.7,8.78,9.01,-0.23,-2.55,77786.0,69342.179
000573.SZ,20000616,9.29,9.53,9.0,9.01,9.26,-0.25,-2.7,190292.0,175958.8726
000573.SZ,20000615,8.68,9.29,8.6,9.26,8.67,0.59,6.81,184179.0,165391.4168
000573.SZ,20000614,8.85,8.88,8.61,8.67,8.79,-0.12,-1.37,63952.0,55910.9342
000573.SZ,20000613,8.49,8.88,8.42,8.79,8.41,0.38,4.52,80342.0,69902.1449
000573.SZ,20000612,8.43,8.55,8.28,8.41,8.43,-0.02,-0.24,35008.0,29295.2746
000573.SZ,20000609,8.7,8.88,8.41,8.43,8.68,-0.25,-2.88,61475.0,53188.8483
000573.SZ,20000608,8.38,8.8,8.25,8.68,8.39,0.29,3.46,74569.0,63550.1553
000573.SZ,20000607,8.4,8.5,8.2,8.39,8.4,-0.01,-0.12,48576.0,40601.4491
000573.SZ,20000606,8.28,8.42,8.18,8.4,8.28,0.12,1.45,58200.0,48287.9949
000573.SZ,20000605,8.54,8.66,8.19,8.28,8.54,-0.26,-3.04,82398.0,69163.0252
000573.SZ,20000602,8.66,8.78,8.45,8.54,8.66,-0.12,-1.39,66142.0,56380.5647
000573.SZ,20000601,8.6,8.88,8.5,8.66,8.58,0.08,0.93,54930.0,47703.2971
000573.SZ,20000531,8.41,8.65,8.25,8.58,8.44,0.14,1.66,61461.0,52061.2103
000573.SZ,20000530,8.73,8.79,8.41,8.44,8.73,-0.29,-3.32,82365.0,70542.1715
000573.SZ,20000529,8.8,8.97,8.7,8.73,8.77,-0.04,-0.46,86245.0,75983.2224
000573.SZ,20000526,8.98,9.15,8.71,8.77,8.95,-0.18,-2.01,153932.0,137523.1998
000573.SZ,20000525,8.8,9.0,8.5,8.95,8.68,0.27,3.11,177218.0,156874.205
000573.SZ,20000524,8.2,9.0,8.17,8.68,8.22,0.46,5.6,190761.0,166903.511
000573.SZ,20000523,8.5,8.5,8.16,8.22,8.42,-0.2,-2.38,75519.0,62304.8076
000573.SZ,20000522,8.35,8.47,8.2,8.42,8.29,0.13,1.57,97250.0,81472.223
000573.SZ,20000519,8.15,8.45,7.9,8.29,8.1,0.19,2.35,96747.0,79537.5243
000573.SZ,20000518,7.86,8.18,7.6,8.1,7.88,0.22,2.79,89850.0,71372.3938
000573.SZ,20000517,8.15,8.15,7.85,7.88,8.18,-0.3,-3.67,62394.0,49855.4421
000573.SZ,20000516,7.81,8.29,7.78,8.18,8.12,0.06,0.74,142145.0,113686.4846
000573.SZ,20000515,9.0,9.07,8.1,8.12,8.91,-0.79,-8.87,317963.0,267144.5796
000573.SZ,20000512,8.24,8.97,8.2,8.91,8.24,0.67,8.13,280687.0,238215.2899
000573.SZ,20000511,8.51,8.58,8.12,8.24,8.75,-0.51,-5.83,136829.0,113091.835
000573.SZ,20000510,9.0,9.19,8.18,8.75,9.03,-0.28,-3.1,289862.0,248014.2141
000573.SZ,20000509,8.82,9.09,8.6,9.03,8.87,0.16,1.8,276010.0,246882.9032
000573.SZ,20000508,8.55,8.95,8.51,8.87,8.15,0.72,8.83,555364.0,484759.7339
000573.SZ,20000428,7.48,8.15,7.21,8.15,7.41,0.74,9.99,533286.0,422531.3969
000573.SZ,20000427,7.4,7.6,7.18,7.41,7.4,0.01,0.14,169448.0,125659.3654
000573.SZ,20000426,7.48,7.57,7.26,7.4,7.46,-0.06,-0.8,90698.0,67015.4597
000573.SZ,20000425,7.5,7.6,7.31,7.46,7.45,0.01,0.13,216537.0,161823.0098
000573.SZ,20000424,6.8,7.48,6.8,7.45,6.82,0.63,9.24,164685.0,118781.0632
000573.SZ,20000421,7.0,7.08,6.79,6.82,6.99,-0.17,-2.43,32157.0,22067.2843
000573.SZ,20000420,6.85,7.14,6.83,6.99,6.82,0.17,2.49,39171.0,27485.6161
000573.SZ,20000419,6.8,6.97,6.73,6.82,6.77,0.05,0.74,25946.0,17829.0765
000573.SZ,20000418,6.68,6.85,6.64,6.77,6.7,0.07,1.04,27507.0,18561.0
000573.SZ,20000417,6.9,6.91,6.6,6.7,6.91,-0.21,-3.04,52665.0,35276.7519
000573.SZ,20000414,6.99,7.0,6.81,6.91,6.99,-0.08,-1.14,41867.0,28828.8838
000573.SZ,20000413,7.0,7.05,6.92,6.99,7.03,-0.04,-0.57,38817.0,27077.6097
000573.SZ,20000412,6.9,7.08,6.8,7.03,6.94,0.09,1.3,52291.0,36408.7069
000573.SZ,20000411,7.25,7.26,6.92,6.94,7.25,-0.31,-4.28,80620.0,56942.0366
000573.SZ,20000410,7.33,7.5,7.2,7.25,7.34,-0.09,-1.23,89341.0,65220.1021
000573.SZ,20000407,7.2,7.65,7.19,7.34,7.08,0.26,3.67,246267.0,182582.2163
000573.SZ,20000406,6.81,7.1,6.79,7.08,6.79,0.29,4.27,177471.0,124215.3397
000573.SZ,20000405,6.32,6.95,6.3,6.79,6.35,0.44,6.93,80745.0,54055.026
000573.SZ,20000404,6.61,6.62,6.3,6.35,6.61,-0.26,-3.93,34011.0,21798.0059
000573.SZ,20000403,6.61,6.9,6.6,6.61,6.61,0.0,0.0,39541.0,26660.6602
000573.SZ,20000331,6.82,6.85,6.58,6.61,6.82,-0.21,-3.08,53812.0,35848.3629
000573.SZ,20000330,6.88,6.95,6.8,6.82,6.88,-0.06,-0.87,62032.0,42568.0985
000573.SZ,20000329,6.9,6.98,6.55,6.88,6.8,0.08,1.18,89757.0,60300.1561
000573.SZ,20000328,6.99,7.25,6.6,6.8,6.79,0.01,0.15,222901.0,155518.7855
000573.SZ,20000327,6.2,6.79,6.2,6.79,6.17,0.62,10.05,140976.0,93371.4303
000573.SZ,20000324,6.27,6.42,6.15,6.17,6.27,-0.1,-1.59,52621.0,33210.8076
000573.SZ,20000323,6.13,6.34,6.12,6.27,6.11,0.16,2.62,42192.0,26267.8466
000573.SZ,20000322,6.2,6.24,6.07,6.11,6.2,-0.09,-1.45,22218.0,13596.4621
000573.SZ,20000321,6.1,6.38,6.06,6.2,6.08,0.12,1.97,44605.0,27881.787
000573.SZ,20000320,5.8,6.09,5.78,6.08,5.92,0.16,2.7,27828.0,16598.9099
000573.SZ,20000317,5.76,5.95,5.76,5.92,5.84,0.08,1.37,18060.0,10598.598
000573.SZ,20000316,6.18,6.19,5.81,5.84,6.17,-0.33,-5.35,22815.0,13534.4466
000573.SZ,20000315,5.96,6.2,5.96,6.17,5.96,0.21,3.52,36220.0,22265.1456
000573.SZ,20000314,5.96,5.97,5.76,5.96,5.97,-0.01,-0.17,33710.0,19698.6553
000573.SZ,20000313,5.95,5.99,5.8,5.97,5.9,0.07,1.19,19861.0,11738.1484
000573.SZ,20000310,5.95,6.03,5.83,5.9,5.96,-0.06,-1.01,20279.0,11972.5644
000573.SZ,20000309,6.1,6.12,5.9,5.96,6.09,-0.13,-2.13,23754.0,14219.2148
000573.SZ,20000308,6.02,6.15,5.95,6.09,5.99,0.1,1.67,22534.0,13600.8302
000573.SZ,20000307,5.8,6.0,5.75,5.99,5.94,0.05,0.84,33362.0,19612.7541
000573.SZ,20000306,6.3,6.45,5.68,5.94,6.31,-0.37,-5.86,63628.0,39151.5826
000573.SZ,20000303,6.28,6.39,6.25,6.31,6.23,0.08,1.28,36939.0,23294.8427
000573.SZ,20000302,6.3,6.4,6.16,6.23,6.3,-0.07,-1.11,31937.0,20034.4318
000573.SZ,20000301,6.34,6.45,6.21,6.3,6.34,-0.04,-0.63,34682.0,21941.0
000573.SZ,20000229,6.45,6.55,6.15,6.34,6.39,-0.05,-0.78,51310.0,32457.9473
000573.SZ,20000228,6.1,6.58,6.1,6.39,6.1,0.29,4.75,61838.0,39659.5168
000573.SZ,20000225,6.0,6.28,5.95,6.1,6.0,0.1,1.67,43235.0,26435.0339
000573.SZ,20000224,5.82,6.05,5.79,6.0,5.82,0.18,3.09,23366.0,13850.2379
000573.SZ,20000223,5.83,6.08,5.81,5.82,6.03,-0.21,-3.48,31344.0,18527.4693
000573.SZ,20000222,6.16,6.52,6.02,6.03,6.19,-0.16,-2.58,42408.0,26629.7431
000573.SZ,20000221,6.35,6.48,6.12,6.19,6.2,-0.01,-0.16,50480.0,31577.5677
000573.SZ,20000218,6.12,6.2,5.8,6.2,6.2,0.0,0.0,51553.0,30939.6476
000573.SZ,20000217,7.0,7.25,6.12,6.2,6.74,-0.54,-8.01,134093.0,89531.1656
000573.SZ,20000216,6.5,6.74,6.35,6.74,6.14,0.6,9.77,259984.0,172584.5024
000573.SZ,20000215,5.8,6.33,5.53,6.14,5.75,0.39,6.78,121969.0,74713.488
000573.SZ,20000214,5.4,5.75,5.4,5.75,5.3,0.45,8.49,48259.0,27158.2641
000573.SZ,20000128,5.35,5.37,5.23,5.3,5.34,-0.04,-0.75,23253.0,12250.1472
000573.SZ,20000127,5.25,5.39,5.18,5.34,5.25,0.09,1.71,24026.0,12659.7715
000573.SZ,20000126,5.25,5.3,5.2,5.25,5.24,0.01,0.19,11103.0,5816.9675
000573.SZ,20000125,5.4,5.42,5.2,5.24,5.38,-0.14,-2.6,17379.0,9163.8575
000573.SZ,20000124,5.15,5.44,5.06,5.38,5.09,0.29,5.7,41859.0,21983.9271
000573.SZ,20000121,5.16,5.19,5.05,5.09,5.19,-0.1,-1.93,22585.0,11485.144
000573.SZ,20000120,5.12,5.22,5.08,5.19,5.12,0.07,1.37,13209.0,6771.4385
000573.SZ,20000119,5.19,5.19,5.1,5.12,5.12,0.0,0.0,7577.0,3879.5104
000573.SZ,20000118,5.13,5.2,5.08,5.12,5.14,-0.02,-0.39,7750.0,3976.6924
000573.SZ,20000117,5.1,5.18,5.04,5.14,5.1,0.04,0.78,9963.0,5085.7661
000573.SZ,20000114,5.16,5.2,5.07,5.1,5.16,-0.06,-1.16,10322.0,5270.6547
000573.SZ,20000113,5.21,5.27,5.14,5.16,5.23,-0.07,-1.34,12216.0,6321.5058
000573.SZ,20000112,5.37,5.44,5.21,5.23,5.37,-0.14,-2.61,13885.0,7330.2033
000573.SZ,20000111,5.7,5.73,5.3,5.37,5.69,-0.32,-5.62,20403.0,11205.1149
000573.SZ,20000110,5.6,5.78,5.41,5.69,5.58,0.11,1.97,35403.0,19849.9226
000573.SZ,20000107,5.4,5.6,5.4,5.58,5.37,0.21,3.91,30436.0,16777.7041
000573.SZ,20000106,5.15,5.41,5.15,5.37,5.21,0.16,3.07,14007.0,7378.5818
000573.SZ,20000105,5.28,5.35,5.2,5.21,5.25,-0.04,-0.76,11603.0,6125.2414
000573.SZ,20000104,5.15,5.32,5.03,5.25,5.13,0.12,2.34,7192.0,3733.8493
