ts_code,trade_date,open,high,low,close,pre_close,change,pct_chg,vol,amount
000673.SZ,20200601,1.21,1.28,1.21,1.28,1.22,0.06,4.918,375011.19,47394.671
000673.SZ,20200529,1.19,1.23,1.17,1.22,1.21,0.01,0.8264,179935.46,21834.631
000673.SZ,20200528,1.24,1.26,1.2,1.21,1.25,-0.04,-3.2,238508.2,29269.433
000673.SZ,20200527,1.2,1.27,1.2,1.25,1.23,0.02,1.626,308764.46,38236.89
000673.SZ,20200526,1.19,1.25,1.15,1.23,1.2,0.03,2.5,352269.56,41970.405
000673.SZ,20200525,1.24,1.25,1.2,1.2,1.26,-0.06,-4.7619,277304.02,33535.441
000673.SZ,20200522,1.29,1.3,1.23,1.26,1.29,-0.03,-2.3256,385284.72,47982.868
000673.SZ,20200521,1.28,1.37,1.28,1.29,1.35,-0.06,-4.4444,552493.65,71605.755
000673.SZ,20200520,1.35,1.37,1.35,1.35,1.42,-0.07,-4.9296,128051.0,17300.201
000673.SZ,20200519,1.5,1.51,1.42,1.42,1.49,-0.07,-4.698,392408.23,57128.057
000673.SZ,20200518,1.35,1.49,1.35,1.49,1.42,0.07,4.9296,546864.74,75687.925
000673.SZ,20200515,1.42,1.42,1.42,1.42,1.49,-0.07,-4.698,25170.0,3574.14
000673.SZ,20200514,1.49,1.49,1.49,1.49,1.57,-0.08,-5.0955,10865.0,1618.885
000673.SZ,20200513,1.57,1.57,1.57,1.57,1.65,-0.08,-4.8485,7868.0,1235.276
000673.SZ,20200512,1.65,1.65,1.65,1.65,1.74,-0.09,-5.1724,12603.0,2079.495
000673.SZ,20200511,1.74,1.74,1.74,1.74,1.83,-0.09,-4.918,12239.0,2129.586
000673.SZ,20200508,1.83,1.83,1.83,1.83,1.93,-0.1,-5.1813,9115.0,1668.045
000673.SZ,20200507,1.93,1.93,1.93,1.93,2.03,-0.1,-4.9261,15510.0,2993.43
000673.SZ,20200506,2.03,2.03,2.03,2.03,2.14,-0.11,-5.1402,9461.0,1920.583
000673.SZ,20200430,2.14,2.14,2.14,2.14,2.25,-0.11,-4.8889,7651.0,1637.314
000673.SZ,20200429,2.25,2.25,2.25,2.25,2.37,-0.12,-5.0633,10425.0,2345.625
000673.SZ,20200427,2.5,2.5,2.28,2.37,2.53,-0.16,-6.3241,328660.31,76621.632
000673.SZ,20200424,2.62,2.65,2.52,2.53,2.64,-0.11,-4.1667,187959.8,48211.178
000673.SZ,20200423,2.69,2.73,2.63,2.64,2.72,-0.08,-2.9412,197690.0,52739.763
000673.SZ,20200422,2.73,2.75,2.67,2.72,2.77,-0.05,-1.8051,164837.0,44670.879
000673.SZ,20200421,2.76,2.84,2.73,2.77,2.75,0.02,0.7273,202964.0,56426.447
000673.SZ,20200420,2.8,2.82,2.74,2.75,2.8,-0.05,-1.7857,149500.6,41222.135
000673.SZ,20200417,2.82,2.87,2.79,2.8,2.84,-0.04,-1.4085,168755.59,47609.914
000673.SZ,20200416,2.78,2.88,2.77,2.84,2.82,0.02,0.7092,199924.02,56607.335
000673.SZ,20200415,2.93,2.96,2.81,2.82,2.91,-0.09,-3.0928,224143.02,64179.362
000673.SZ,20200414,2.9,3.06,2.83,2.91,2.83,0.08,2.8269,259256.38,75261.692
000673.SZ,20200413,2.86,2.91,2.73,2.83,2.96,-0.13,-4.3919,279483.62,78775.245
000673.SZ,20200410,3.18,3.29,2.93,2.96,3.12,-0.16,-5.1282,571385.46,177988.17
000673.SZ,20200409,2.88,3.12,2.85,3.12,2.84,0.28,9.8592,137722.24,42045.602
000673.SZ,20200408,2.82,2.89,2.81,2.84,2.84,0.0,0.0,197434.0,56363.782
000673.SZ,20200407,2.8,2.85,2.75,2.84,2.74,0.1,3.6496,272229.52,76692.739
000673.SZ,20200403,2.74,2.85,2.73,2.74,2.73,0.01,0.3663,273148.74,75982.919
000673.SZ,20200402,2.65,2.73,2.58,2.73,2.69,0.04,1.487,223159.26,59421.475
000673.SZ,20200401,2.76,2.8,2.6,2.69,2.81,-0.12,-4.2705,336505.74,90194.211
000673.SZ,20200331,2.96,2.98,2.76,2.81,2.93,-0.12,-4.0956,296898.12,83964.02
000673.SZ,20200330,3.0,3.02,2.9,2.93,3.06,-0.13,-4.2484,178323.0,52310.551
000673.SZ,20200327,3.14,3.18,3.06,3.06,3.12,-0.06,-1.9231,162775.74,50678.631
000673.SZ,20200326,3.12,3.19,3.07,3.12,3.15,-0.03,-0.9524,214055.0,67257.002
000673.SZ,20200325,3.08,3.18,3.05,3.15,3.03,0.12,3.9604,254459.0,79410.168
000673.SZ,20200324,3.03,3.08,2.93,3.03,2.96,0.07,2.3649,175127.46,52706.937
000673.SZ,20200323,3.11,3.11,2.95,2.96,3.11,-0.15,-4.8232,147963.0,44722.56
000673.SZ,20200320,3.15,3.17,3.05,3.11,3.11,0.0,0.0,143475.26,44486.451
000673.SZ,20200319,3.1,3.14,2.98,3.11,3.11,0.0,0.0,211846.92,64875.024
000673.SZ,20200318,3.24,3.31,3.1,3.11,3.23,-0.12,-3.7152,194242.0,62426.175
000673.SZ,20200317,3.3,3.4,3.02,3.23,3.34,-0.11,-3.2934,245574.0,79018.501
000673.SZ,20200316,3.48,3.58,3.31,3.34,3.45,-0.11,-3.1884,231616.0,79311.629
000673.SZ,20200313,3.39,3.53,3.31,3.45,3.52,-0.07,-1.9886,263839.0,89435.972
000673.SZ,20200312,3.54,3.58,3.48,3.52,3.64,-0.12,-3.2967,213466.0,75310.18
000673.SZ,20200311,3.67,3.83,3.63,3.64,3.61,0.03,0.831,363088.0,134681.365
000673.SZ,20200310,3.5,3.61,3.4,3.61,3.56,0.05,1.4045,342914.2,120678.062
000673.SZ,20200309,3.71,3.74,3.55,3.56,3.76,-0.2,-5.3191,353899.0,128426.609
000673.SZ,20200306,3.8,3.84,3.73,3.76,3.91,-0.15,-3.8363,430141.4,162831.955
000673.SZ,20200305,3.79,4.2,3.72,3.91,3.87,0.04,1.0336,827908.94,320567.837
000673.SZ,20200304,3.71,3.98,3.71,3.87,3.71,0.16,4.3127,973635.35,375774.138
000673.SZ,20200303,3.43,3.71,3.38,3.71,3.37,0.34,10.089,494334.17,179887.895
000673.SZ,20200302,3.4,3.42,3.34,3.37,3.31,0.06,1.8127,273877.0,92420.804
000673.SZ,20200228,3.5,3.52,3.3,3.31,3.62,-0.31,-8.5635,385109.0,130682.385
000673.SZ,20200227,3.75,3.77,3.62,3.62,3.71,-0.09,-2.4259,294383.0,107691.718
000673.SZ,20200226,3.77,3.82,3.7,3.71,3.77,-0.06,-1.5915,371918.1,139721.418
000673.SZ,20200225,3.82,3.84,3.58,3.77,3.9,-0.13,-3.3333,435840.36,163029.772
000673.SZ,20200224,3.93,3.97,3.83,3.9,3.93,-0.03,-0.7634,383864.81,149300.683
000673.SZ,20200221,3.94,3.97,3.88,3.93,3.89,0.04,1.0283,413636.6,162195.367
000673.SZ,20200220,3.84,3.91,3.78,3.89,3.84,0.05,1.3021,375634.72,144801.763
000673.SZ,20200219,4.04,4.04,3.83,3.84,4.0,-0.16,-4.0,431774.66,168442.953
000673.SZ,20200218,3.9,4.07,3.9,4.0,3.87,0.13,3.3592,538202.42,213675.939
000673.SZ,20200217,3.77,3.89,3.74,3.87,3.81,0.06,1.5748,374881.63,144296.935
000673.SZ,20200214,3.8,3.86,3.7,3.81,3.91,-0.1,-2.5575,379267.74,144274.42
000673.SZ,20200213,3.92,4.1,3.9,3.91,3.88,0.03,0.7732,488159.09,194637.205
000673.SZ,20200212,3.89,3.92,3.81,3.88,3.85,0.03,0.7792,289951.0,112114.97
000673.SZ,20200211,3.98,4.0,3.77,3.85,3.97,-0.12,-3.0227,392945.36,152020.034
000673.SZ,20200210,4.02,4.02,3.82,3.97,4.02,-0.05,-1.2438,412627.99,162710.683
000673.SZ,20200207,4.06,4.3,3.78,4.02,4.05,-0.03,-0.7407,684748.36,278307.784
000673.SZ,20200206,3.69,4.06,3.58,4.05,3.69,0.36,9.7561,782980.89,307648.853
000673.SZ,20200205,3.22,3.69,3.22,3.69,3.35,0.34,10.1493,473164.06,165094.883
000673.SZ,20200204,3.35,3.35,3.35,3.35,3.72,-0.37,-9.9462,57081.0,19122.135
000673.SZ,20200203,3.72,3.72,3.72,3.72,4.13,-0.41,-9.9274,14304.0,5321.088
000673.SZ,20200123,4.13,4.13,4.13,4.13,4.59,-0.46,-10.0218,50095.0,20689.235
000673.SZ,20200122,4.59,4.59,4.59,4.59,5.1,-0.51,-10.0,94310.0,43288.29
000673.SZ,20200121,5.38,5.39,5.1,5.1,5.37,-0.27,-5.0279,331143.45,172221.39
000673.SZ,20200120,5.32,5.48,5.23,5.37,5.36,0.01,0.1866,231886.0,124390.681
000673.SZ,20200117,5.51,5.58,5.36,5.36,5.53,-0.17,-3.0741,328227.0,178596.39
000673.SZ,20200116,5.69,5.74,5.51,5.53,5.77,-0.24,-4.1594,489146.32,273204.267
000673.SZ,20200115,5.5,5.99,5.35,5.77,5.55,0.22,3.964,740190.74,419889.222
000673.SZ,20200114,5.76,5.84,5.5,5.55,5.67,-0.12,-2.1164,519041.93,293535.724
000673.SZ,20200113,5.7,5.74,5.47,5.67,5.76,-0.09,-1.5625,532576.05,297725.187
000673.SZ,20200110,5.88,5.96,5.73,5.76,6.03,-0.27,-4.4776,724558.01,422597.61
000673.SZ,20200109,5.74,6.23,5.65,6.03,5.74,0.29,5.0523,1151425.93,689964.92
000673.SZ,20200108,5.61,6.01,5.5,5.74,5.8,-0.06,-1.0345,914453.44,524422.789
000673.SZ,20200107,5.59,6.0,5.59,5.8,5.7,0.1,1.7544,902500.11,523916.657
000673.SZ,20200106,5.96,6.15,5.66,5.7,5.8,-0.1,-1.7241,1263599.31,748487.098
000673.SZ,20200103,5.18,5.8,5.1,5.8,5.27,0.53,10.0569,891179.06,489367.801
000673.SZ,20200102,5.18,5.3,5.11,5.27,5.1,0.17,3.3333,531083.74,277853.958
000673.SZ,20191231,5.22,5.32,5.05,5.1,5.16,-0.06,-1.1628,376809.74,194304.542
000673.SZ,20191230,5.1,5.2,4.68,5.16,5.2,-0.04,-0.7692,541185.03,271467.693
000673.SZ,20191227,5.45,5.45,5.15,5.2,5.36,-0.16,-2.9851,506310.39,268274.116
000673.SZ,20191226,5.39,5.48,5.21,5.36,5.42,-0.06,-1.107,478506.32,255218.812
000673.SZ,20191225,5.35,5.63,5.33,5.42,5.33,0.09,1.6886,666231.07,364495.565
000673.SZ,20191224,5.24,5.38,5.13,5.33,5.24,0.09,1.7176,560044.68,294457.149
000673.SZ,20191223,5.66,5.66,5.15,5.24,5.61,-0.37,-6.5954,671085.0,358604.686
000673.SZ,20191220,5.9,5.9,5.52,5.61,5.98,-0.37,-6.1873,852730.33,485673.647
000673.SZ,20191219,5.95,6.22,5.91,5.98,5.91,0.07,1.1844,973527.6,590034.902
000673.SZ,20191218,6.03,6.12,5.88,5.91,6.15,-0.24,-3.9024,1078363.1,645925.638
000673.SZ,20191217,5.91,6.31,5.82,6.15,5.81,0.34,5.852,1292351.4,794994.394
000673.SZ,20191216,5.71,5.94,5.65,5.81,5.69,0.12,2.109,934744.34,543302.51
000673.SZ,20191213,5.72,5.81,5.53,5.69,5.7,-0.01,-0.1754,840766.4,475840.794
000673.SZ,20191212,5.88,6.04,5.67,5.7,6.3,-0.6,-9.5238,1424771.29,825702.765
000673.SZ,20191211,6.0,6.55,6.0,6.3,6.03,0.27,4.4776,1669430.77,1053220.379
000673.SZ,20191210,6.51,6.67,5.76,6.03,6.2,-0.17,-2.7419,1906708.44,1185014.209
000673.SZ,20191209,5.74,6.2,5.74,6.2,5.64,0.56,9.9291,1207287.74,728383.556
000673.SZ,20191206,5.38,5.64,5.24,5.64,5.13,0.51,9.9415,1273799.86,695169.625
000673.SZ,20191205,4.62,5.13,4.58,5.13,4.66,0.47,10.0858,924934.35,453253.445
000673.SZ,20191204,4.69,4.8,4.55,4.66,4.82,-0.16,-3.3195,741860.7,346284.764
000673.SZ,20191203,4.87,5.07,4.75,4.82,4.97,-0.15,-3.0181,845423.39,414506.713
000673.SZ,20191202,4.76,5.15,4.56,4.97,4.79,0.18,3.7578,1070098.23,518634.058
000673.SZ,20191129,4.65,5.0,4.61,4.79,4.6,0.19,4.1304,1348002.39,653019.43
000673.SZ,20191128,4.15,4.6,4.13,4.6,4.18,0.42,10.0478,1003724.65,442564.093
000673.SZ,20191127,4.1,4.21,4.04,4.18,4.14,0.04,0.9662,546839.31,225681.243
000673.SZ,20191126,4.27,4.31,4.07,4.14,4.23,-0.09,-2.1277,545391.67,226728.054
000673.SZ,20191125,4.49,4.49,4.18,4.23,4.52,-0.29,-6.4159,673214.09,288508.437
000673.SZ,20191122,4.84,4.9,4.46,4.52,4.82,-0.3,-6.2241,797768.42,370740.257
000673.SZ,20191121,5.09,5.1,4.74,4.82,5.09,-0.27,-5.3045,761772.54,373676.788
000673.SZ,20191120,5.22,5.43,5.03,5.09,5.28,-0.19,-3.5985,1034094.59,539259.727
000673.SZ,20191119,4.95,5.52,4.89,5.28,5.12,0.16,3.125,1372294.29,715512.432
000673.SZ,20191118,4.61,5.21,4.44,5.12,4.82,0.3,6.2241,1328079.88,634769.819
000673.SZ,20191115,4.97,5.35,4.82,4.82,5.36,-0.54,-10.0746,1200534.32,604487.067
000673.SZ,20191114,5.3,5.97,5.18,5.36,5.45,-0.09,-1.6514,1759955.29,978754.535
000673.SZ,20191113,5.18,5.45,4.75,5.45,4.95,0.5,10.101,1653467.79,861531.591
000673.SZ,20191112,4.5,4.95,4.45,4.95,4.5,0.45,10.0,1086721.67,526244.867
000673.SZ,20191111,4.37,4.62,4.28,4.5,4.75,-0.25,-5.2632,1138351.09,504730.05
000673.SZ,20191108,4.6,5.13,4.4,4.75,4.66,0.09,1.9313,1704546.85,816341.007
000673.SZ,20191107,4.35,4.66,3.95,4.66,4.24,0.42,9.9057,1361423.19,590364.624
000673.SZ,20191106,4.05,4.24,3.92,4.24,3.85,0.39,10.1299,1242031.87,516002.214
000673.SZ,20191105,3.43,3.85,3.42,3.85,3.5,0.35,10.0,915075.13,334938.054
000673.SZ,20191104,3.33,3.5,3.21,3.5,3.18,0.32,10.0629,946383.86,322980.261
000673.SZ,20191101,2.9,3.18,2.7,3.18,2.89,0.29,10.0346,323729.36,98079.157
000673.SZ,20191031,3.27,3.37,2.89,2.89,3.21,-0.32,-9.9688,402618.31,122774.947
000673.SZ,20191030,3.14,3.28,3.11,3.21,3.18,0.03,0.9434,268119.61,85560.74
000673.SZ,20191029,3.16,3.24,3.1,3.18,3.16,0.02,0.6329,274706.0,87390.826
000673.SZ,20191028,3.01,3.18,3.01,3.16,2.99,0.17,5.6856,304401.9,94680.667
000673.SZ,20191025,2.89,3.15,2.89,2.99,2.9,0.09,3.1034,177677.0,53583.812
000673.SZ,20191024,2.93,2.95,2.88,2.9,2.94,-0.04,-1.3605,67345.0,19624.851
000673.SZ,20191023,2.91,2.96,2.88,2.94,2.91,0.03,1.0309,73358.0,21446.892
000673.SZ,20191022,2.88,2.92,2.87,2.91,2.89,0.02,0.692,59165.0,17153.861
000673.SZ,20191021,2.95,2.95,2.83,2.89,2.96,-0.07,-2.3649,89751.0,25816.656
000673.SZ,20191018,3.0,3.05,2.94,2.96,3.04,-0.08,-2.6316,112438.0,33585.855
000673.SZ,20191017,2.95,3.22,2.94,3.04,2.94,0.1,3.4014,215455.0,66476.563
000673.SZ,20191016,3.01,3.03,2.91,2.94,3.0,-0.06,-2.0,94094.0,27883.837
000673.SZ,20191015,3.01,3.01,2.94,3.0,3.0,0.0,0.0,101306.0,30120.681
000673.SZ,20191014,2.92,3.01,2.92,3.0,2.95,0.05,1.6949,126688.0,37698.275
000673.SZ,20191011,2.93,2.95,2.86,2.95,2.92,0.03,1.0274,92971.43,27067.767
000673.SZ,20191010,2.94,2.94,2.89,2.92,2.91,0.01,0.3436,79607.0,23220.551
000673.SZ,20191009,2.86,2.94,2.77,2.91,2.87,0.04,1.3937,96262.02,27532.921
000673.SZ,20191008,2.93,2.95,2.86,2.87,2.9,-0.03,-1.0345,94971.0,27611.696
000673.SZ,20190930,3.01,3.02,2.9,2.9,3.01,-0.11,-3.6545,122963.0,36296.43
000673.SZ,20190927,3.02,3.07,2.99,3.01,3.01,0.0,0.0,130142.0,39410.87
000673.SZ,20190926,3.27,3.29,2.95,3.01,3.27,-0.26,-7.9511,272093.0,84540.942
000673.SZ,20190925,3.35,3.35,3.23,3.27,3.39,-0.12,-3.5398,227892.0,74507.085
000673.SZ,20190924,3.38,3.43,3.32,3.39,3.46,-0.07,-2.0231,382485.38,128543.662
000673.SZ,20190923,3.32,3.54,3.29,3.46,3.42,0.04,1.1696,719310.29,246802.541
000673.SZ,20190920,3.12,3.42,3.12,3.42,3.11,0.31,9.9678,617285.26,208759.398
000673.SZ,20190919,3.13,3.15,3.05,3.11,3.12,-0.01,-0.3205,113479.25,35012.13
000673.SZ,20190918,3.11,3.18,3.11,3.12,3.11,0.01,0.3215,109693.01,34459.5
000673.SZ,20190917,3.23,3.23,3.1,3.11,3.23,-0.12,-3.7152,176075.0,55397.387
000673.SZ,20190916,3.23,3.26,3.19,3.23,3.23,0.0,0.0,152949.11,49282.048
000673.SZ,20190912,3.18,3.24,3.18,3.23,3.21,0.02,0.6231,145338.25,46798.146
000673.SZ,20190911,3.25,3.28,3.2,3.21,3.26,-0.05,-1.5337,215261.0,69620.987
000673.SZ,20190910,3.23,3.3,3.16,3.26,3.22,0.04,1.2422,334170.56,108104.95
000673.SZ,20190909,3.22,3.24,3.17,3.22,3.2,0.02,0.625,245953.33,78793.316
000673.SZ,20190906,3.28,3.29,3.16,3.2,3.34,-0.14,-4.1916,427157.73,137116.553
000673.SZ,20190905,3.3,3.44,3.23,3.34,3.44,-0.1,-2.907,604048.2,200695.331
000673.SZ,20190904,3.7,3.83,3.42,3.44,3.48,-0.04,-1.1494,1026539.72,374412.525
000673.SZ,20190903,3.3,3.48,3.26,3.48,3.16,0.32,10.1266,253269.63,86636.577
000673.SZ,20190902,2.9,3.16,2.89,3.16,2.87,0.29,10.1045,224496.44,70294.689
000673.SZ,20190830,3.03,3.08,2.85,2.87,3.0,-0.13,-4.3333,171173.13,50713.479
000673.SZ,20190829,3.07,3.08,2.99,3.0,3.01,-0.01,-0.3322,109146.36,32924.292
000673.SZ,20190828,3.03,3.06,2.96,3.01,2.99,0.02,0.6689,134519.59,40230.485
000673.SZ,20190827,2.89,3.01,2.86,2.99,2.88,0.11,3.8194,193130.4,56952.393
000673.SZ,20190826,2.77,2.89,2.75,2.88,2.86,0.02,0.6993,100273.0,28254.079
000673.SZ,20190823,2.86,2.91,2.83,2.86,2.88,-0.02,-0.6944,134051.65,38422.834
000673.SZ,20190822,2.79,2.89,2.79,2.88,2.81,0.07,2.4911,145592.39,41307.527
000673.SZ,20190821,2.85,2.85,2.77,2.81,2.84,-0.03,-1.0563,107454.0,30165.361
000673.SZ,20190820,2.96,2.97,2.82,2.84,2.9,-0.06,-2.069,145925.0,41957.016
000673.SZ,20190819,2.8,2.95,2.77,2.9,2.76,0.14,5.0725,151716.56,43235.322
000673.SZ,20190816,2.79,2.84,2.76,2.76,2.79,-0.03,-1.0753,97084.0,27175.816
000673.SZ,20190815,2.75,2.81,2.63,2.79,2.83,-0.04,-1.4134,133260.17,36438.594
000673.SZ,20190814,2.85,2.91,2.81,2.83,2.82,0.01,0.3546,96635.33,27528.841
000673.SZ,20190813,2.86,2.88,2.8,2.82,2.89,-0.07,-2.4221,76154.0,21531.143
000673.SZ,20190812,2.89,2.94,2.84,2.89,2.88,0.01,0.3472,70093.42,20133.025
000673.SZ,20190809,2.96,2.99,2.86,2.88,2.95,-0.07,-2.3729,63817.0,18667.102
000673.SZ,20190808,2.99,3.03,2.93,2.95,2.96,-0.01,-0.3378,60649.0,17981.914
000673.SZ,20190807,2.93,3.0,2.93,2.96,2.9,0.06,2.069,104595.0,31013.468
000673.SZ,20190806,3.0,3.0,2.79,2.9,3.04,-0.14,-4.6053,134471.0,38731.687
000673.SZ,20190805,3.06,3.13,3.03,3.04,3.07,-0.03,-0.9772,89781.57,27610.091
000673.SZ,20190802,3.11,3.13,3.03,3.07,3.19,-0.12,-3.7618,117381.24,36015.794
000673.SZ,20190801,3.25,3.26,3.18,3.19,3.26,-0.07,-2.1472,99215.74,31711.779
000673.SZ,20190731,3.27,3.28,3.19,3.26,3.27,-0.01,-0.3058,100529.52,32470.395
000673.SZ,20190730,3.21,3.29,3.21,3.27,3.2,0.07,2.1875,92350.0,30137.328
000673.SZ,20190729,3.27,3.29,3.19,3.2,3.27,-0.07,-2.1407,88687.98,28648.655
000673.SZ,20190726,3.27,3.29,3.24,3.27,3.27,0.0,0.0,60239.02,19709.806
000673.SZ,20190725,3.29,3.32,3.26,3.27,3.28,-0.01,-0.3049,77199.8,25387.105
000673.SZ,20190724,3.27,3.36,3.26,3.28,3.26,0.02,0.6135,97073.48,32103.281
000673.SZ,20190723,3.23,3.3,3.21,3.26,3.24,0.02,0.6173,69781.72,22785.693
000673.SZ,20190722,3.41,3.41,3.21,3.24,3.34,-0.1,-2.994,112061.0,36810.352
000673.SZ,20190719,3.29,3.42,3.29,3.34,3.29,0.05,1.5198,91795.98,30907.388
000673.SZ,20190718,3.37,3.39,3.29,3.29,3.4,-0.11,-3.2353,85999.97,28572.019
000673.SZ,20190717,3.44,3.47,3.38,3.4,3.46,-0.06,-1.7341,95792.41,32698.587
000673.SZ,20190716,3.41,3.46,3.39,3.46,3.4,0.06,1.7647,96162.77,33071.051
000673.SZ,20190715,3.39,3.48,3.27,3.4,3.44,-0.04,-1.1628,131342.0,44050.584
000673.SZ,20190712,3.5,3.5,3.42,3.44,3.5,-0.06,-1.7143,68402.57,23615.73
000673.SZ,20190711,3.41,3.52,3.4,3.5,3.43,0.07,2.0408,118965.08,41406.501
000673.SZ,20190710,3.54,3.54,3.34,3.43,3.52,-0.09,-2.5568,120947.2,41605.889
000673.SZ,20190709,3.49,3.58,3.48,3.52,3.51,0.01,0.2849,74996.03,26377.222
000673.SZ,20190708,3.76,3.76,3.49,3.51,3.78,-0.27,-7.1429,181188.68,64457.932
000673.SZ,20190705,3.72,3.79,3.65,3.78,3.81,-0.03,-0.7874,100352.08,37171.043
000673.SZ,20190704,3.83,3.88,3.77,3.81,3.86,-0.05,-1.2953,82637.0,31641.545
000673.SZ,20190703,3.94,3.94,3.85,3.86,3.95,-0.09,-2.2785,83927.25,32546.158
000673.SZ,20190702,3.95,3.96,3.92,3.95,3.93,0.02,0.5089,76639.17,30206.004
000673.SZ,20190701,3.93,3.96,3.88,3.93,3.84,0.09,2.3438,110653.42,43456.631
000673.SZ,20190628,3.97,3.97,3.81,3.84,3.94,-0.1,-2.5381,102185.64,39511.341
000673.SZ,20190627,3.9,4.01,3.9,3.94,3.9,0.04,1.0256,97325.98,38523.065
000673.SZ,20190626,3.91,4.0,3.89,3.9,3.94,-0.04,-1.0152,112332.32,44222.899
000673.SZ,20190625,4.02,4.06,3.94,3.94,4.01,-0.07,-1.7456,139559.67,55543.152
000673.SZ,20190624,4.07,4.1,3.97,4.01,4.01,0.0,0.0,168319.48,67843.48
000673.SZ,20190621,3.92,4.1,3.84,4.01,3.89,0.12,3.0848,304606.92,121070.742
000673.SZ,20190620,3.98,4.03,3.71,3.89,4.09,-0.2,-4.89,417134.44,160946.097
000673.SZ,20190619,3.9,4.26,3.9,4.09,3.87,0.22,5.6848,418361.66,172699.305
000673.SZ,20190618,3.91,3.91,3.83,3.87,3.86,0.01,0.2591,67668.57,26225.988
000673.SZ,20190617,3.86,3.92,3.81,3.86,3.91,-0.05,-1.2788,96060.67,37128.198
000673.SZ,20190614,4.03,4.09,3.86,3.91,4.02,-0.11,-2.7363,152592.87,60141.498
000673.SZ,20190613,3.9,4.06,3.86,4.02,3.91,0.11,2.8133,178433.24,70682.038
000673.SZ,20190612,3.88,4.02,3.85,3.91,3.86,0.05,1.2953,155713.92,61059.499
000673.SZ,20190611,3.69,3.9,3.67,3.86,3.68,0.18,4.8913,153368.98,58380.443
000673.SZ,20190610,3.67,3.8,3.62,3.68,3.64,0.04,1.0989,76434.0,28180.198
000673.SZ,20190606,3.83,3.84,3.58,3.64,3.79,-0.15,-3.9578,131002.04,47977.839
000673.SZ,20190605,3.75,3.92,3.75,3.79,3.77,0.02,0.5305,132314.85,50592.989
000673.SZ,20190604,3.87,3.92,3.66,3.77,3.87,-0.1,-2.584,152650.0,57717.423
000673.SZ,20190603,4.1,4.12,3.85,3.87,4.09,-0.22,-5.379,196208.06,77135.391
000673.SZ,20190531,4.06,4.2,4.03,4.09,4.01,0.08,1.995,173136.26,71212.297
000673.SZ,20190530,4.14,4.17,3.95,4.01,4.13,-0.12,-2.9056,166377.12,67187.167
000673.SZ,20190529,4.16,4.24,4.12,4.13,4.19,-0.06,-1.432,126175.5,52525.541
000673.SZ,20190528,4.22,4.36,4.15,4.19,4.21,-0.02,-0.4751,211170.96,89944.02
000673.SZ,20190527,4.18,4.23,4.03,4.21,4.17,0.04,0.9592,166645.37,69101.89
000673.SZ,20190524,4.2,4.3,4.12,4.17,4.15,0.02,0.4819,128236.08,53698.876
000673.SZ,20190523,4.27,4.35,4.14,4.15,4.23,-0.08,-1.8913,195433.24,82963.229
000673.SZ,20190522,4.34,4.45,4.2,4.23,4.31,-0.08,-1.8561,217947.45,94207.446
000673.SZ,20190521,4.14,4.5,4.13,4.31,4.1,0.21,5.122,230678.32,99457.711
000673.SZ,20190520,4.19,4.28,4.01,4.1,4.43,-0.33,-7.4492,240751.85,99025.596
000673.SZ,20190517,4.78,4.8,4.38,4.43,4.78,-0.35,-7.3222,273168.97,124246.956
000673.SZ,20190516,4.72,4.92,4.66,4.78,4.71,0.07,1.4862,233472.6,111579.43
000673.SZ,20190515,4.72,4.75,4.62,4.71,4.64,0.07,1.5086,125546.55,58850.907
000673.SZ,20190514,4.63,4.77,4.6,4.64,4.69,-0.05,-1.0661,159983.92,74841.037
000673.SZ,20190513,4.74,4.84,4.55,4.69,4.75,-0.06,-1.2632,190539.0,90021.193
000673.SZ,20190510,4.77,4.85,4.46,4.75,4.69,0.06,1.2793,255934.37,121558.43
000673.SZ,20190509,4.65,4.91,4.59,4.69,4.88,-0.19,-3.8934,285478.79,135679.84
000673.SZ,20190508,4.82,5.16,4.7,4.88,4.82,0.06,1.2448,500151.21,248734.558
000673.SZ,20190507,4.52,4.82,4.51,4.82,4.38,0.44,10.0457,100916.25,48053.613
000673.SZ,20190506,4.57,4.75,4.36,4.38,4.81,-0.43,-8.9397,249059.23,113568.508
000673.SZ,20190430,4.38,4.98,4.38,4.81,4.59,0.22,4.793,267348.53,127317.246
000673.SZ,20190429,5.07,5.16,4.59,4.59,5.1,-0.51,-10.0,328069.79,157788.293
000673.SZ,20190426,5.21,5.38,5.01,5.1,5.49,-0.39,-7.1038,335198.87,174465.2
000673.SZ,20190425,6.02,6.07,5.49,5.49,6.1,-0.61,-10.0,475485.93,269779.175
000673.SZ,20190424,5.99,6.14,5.96,6.1,5.93,0.17,2.8668,265987.32,161086.5
000673.SZ,20190423,6.24,6.24,5.93,5.93,6.25,-0.32,-5.12,319220.38,193408.026
000673.SZ,20190422,6.07,6.31,6.01,6.25,6.08,0.17,2.7961,455645.94,281914.77
000673.SZ,20190419,5.98,6.08,5.92,6.08,6.03,0.05,0.8292,255254.54,153311.97
000673.SZ,20190418,6.07,6.16,5.95,6.03,6.11,-0.08,-1.3093,302880.78,183918.585
000673.SZ,20190417,6.26,6.26,6.08,6.11,6.28,-0.17,-2.707,425383.52,261479.488
000673.SZ,20190416,6.0,6.32,5.87,6.28,6.06,0.22,3.6304,421618.5,258886.639
000673.SZ,20190415,6.12,6.46,6.06,6.06,6.3,-0.24,-3.8095,511683.95,318947.471
000673.SZ,20190412,6.36,6.48,6.11,6.3,6.53,-0.23,-3.5222,559964.08,351326.005
000673.SZ,20190411,7.15,7.48,6.44,6.53,7.15,-0.62,-8.6713,1135202.73,793341.713
000673.SZ,20190410,6.72,7.15,6.65,7.15,6.5,0.65,10.0,1050293.93,724699.315
000673.SZ,20190409,5.88,6.5,5.78,6.5,5.91,0.59,9.9831,972098.24,604879.386
000673.SZ,20190408,5.84,5.94,5.55,5.91,5.82,0.09,1.5464,397961.0,229974.628
000673.SZ,20190404,6.0,6.05,5.75,5.82,5.97,-0.15,-2.5126,425888.08,249396.141
000673.SZ,20190403,5.6,5.97,5.54,5.97,5.75,0.22,3.8261,619721.04,362031.991
000673.SZ,20190402,5.48,5.99,5.39,5.75,5.45,0.3,5.5046,578608.07,329376.089
000673.SZ,20190401,5.24,5.47,5.24,5.45,5.22,0.23,4.4061,267005.73,143402.46
000673.SZ,20190329,5.09,5.23,4.99,5.22,5.08,0.14,2.7559,229996.23,118226.331
000673.SZ,20190328,5.16,5.29,4.98,5.08,5.19,-0.11,-2.1195,228641.65,117561.705
000673.SZ,20190327,5.31,5.36,5.11,5.19,5.28,-0.09,-1.7045,220917.29,115039.545
000673.SZ,20190326,5.56,5.63,5.25,5.28,5.56,-0.28,-5.036,330167.63,177817.525
000673.SZ,20190325,5.65,5.73,5.53,5.56,5.78,-0.22,-3.8062,271294.31,152866.417
000673.SZ,20190322,5.93,5.93,5.68,5.78,5.91,-0.13,-2.1997,294204.0,170102.987
000673.SZ,20190321,5.83,6.1,5.58,5.91,5.81,0.1,1.7212,492350.72,290665.495
000673.SZ,20190320,5.88,5.89,5.56,5.81,5.92,-0.11,-1.8581,382254.07,219619.054
000673.SZ,20190319,6.03,6.06,5.86,5.92,6.11,-0.19,-3.1097,445682.85,264898.866
000673.SZ,20190318,6.0,6.19,5.74,6.11,6.0,0.11,1.8333,576911.47,344436.888
000673.SZ,20190315,5.69,6.09,5.69,6.0,5.69,0.31,5.4482,648413.77,383946.198
000673.SZ,20190314,5.9,6.06,5.54,5.69,6.16,-0.47,-7.6299,633855.43,363571.196
000673.SZ,20190313,5.92,6.35,5.79,6.16,5.79,0.37,6.3903,1359288.35,829639.479
000673.SZ,20190312,5.29,5.79,5.27,5.79,5.26,0.53,10.076,933975.9,529280.943
000673.SZ,20190311,4.99,5.27,4.94,5.26,5.11,0.15,2.9354,439603.81,225499.043
000673.SZ,20190308,5.56,5.57,5.11,5.11,5.68,-0.57,-10.0352,560418.89,299839.402
000673.SZ,20190307,5.35,5.85,5.32,5.68,5.41,0.27,4.9908,728133.86,406714.746
000673.SZ,20190306,5.17,5.52,5.1,5.41,5.27,0.14,2.6565,764699.82,403333.547
000673.SZ,20190305,5.02,5.29,4.9,5.27,5.07,0.2,3.9448,611924.64,313681.026
000673.SZ,20190304,5.08,5.16,5.01,5.07,5.06,0.01,0.1976,506159.01,257988.905
000673.SZ,20190301,5.15,5.15,4.96,5.06,5.21,-0.15,-2.8791,406987.06,205081.631
000673.SZ,20190228,4.91,5.35,4.84,5.21,4.87,0.34,6.9815,719977.38,365350.901
000673.SZ,20190227,4.87,5.03,4.77,4.87,4.94,-0.07,-1.417,453831.19,222951.995
000673.SZ,20190226,5.11,5.18,4.81,4.94,5.01,-0.07,-1.3972,761587.51,380390.086
000673.SZ,20190225,4.57,5.01,4.55,5.01,4.55,0.46,10.1099,756215.32,367034.597
000673.SZ,20190222,4.41,4.62,4.41,4.55,4.45,0.1,2.2472,314136.7,141636.247
000673.SZ,20190221,4.58,4.7,4.42,4.45,4.61,-0.16,-3.4707,436053.23,198933.126
000673.SZ,20190220,4.52,4.65,4.38,4.61,4.62,-0.01,-0.2165,502399.35,226269.985
000673.SZ,20190219,4.3,4.73,4.3,4.62,4.3,0.32,7.4419,634094.88,292894.192
000673.SZ,20190218,4.11,4.35,4.11,4.3,4.09,0.21,5.1345,256356.66,108405.4
000673.SZ,20190215,4.0,4.17,3.99,4.09,4.02,0.07,1.7413,262965.51,107910.096
000673.SZ,20190214,3.98,4.05,3.95,4.02,3.99,0.03,0.7519,178269.97,71135.901
000673.SZ,20190213,3.92,4.0,3.91,3.99,4.01,-0.02,-0.4988,233063.06,92368.881
000673.SZ,20190212,3.75,4.13,3.71,4.01,3.75,0.26,6.9333,334053.35,133626.47
000673.SZ,20190211,3.64,3.75,3.63,3.75,3.6,0.15,4.1667,177518.24,65602.627
000673.SZ,20190201,3.42,3.62,3.42,3.6,3.59,0.01,0.2786,229387.04,81271.171
000673.SZ,20190131,3.59,3.68,3.59,3.59,3.99,-0.4,-10.0251,170299.0,61378.505
000673.SZ,20190130,3.99,4.12,3.98,3.99,4.09,-0.1,-2.445,111455.0,45146.734
000673.SZ,20190129,4.38,4.41,3.99,4.09,4.38,-0.29,-6.621,183307.0,75779.339
000673.SZ,20190128,4.55,4.56,4.37,4.38,4.5,-0.12,-2.6667,140497.45,62495.092
000673.SZ,20190125,4.72,4.73,4.49,4.5,4.72,-0.22,-4.661,192368.02,88310.475
000673.SZ,20190124,4.68,4.75,4.62,4.72,4.69,0.03,0.6397,137011.0,64388.049
000673.SZ,20190123,4.68,4.74,4.62,4.69,4.71,-0.02,-0.4246,121116.53,56563.998
000673.SZ,20190122,4.85,4.85,4.67,4.71,4.85,-0.14,-2.8866,206807.49,98143.504
000673.SZ,20190121,4.88,4.94,4.81,4.85,5.0,-0.15,-3.0,228206.0,111169.04
000673.SZ,20190118,5.07,5.13,4.92,5.0,5.13,-0.13,-2.5341,313426.23,156554.844
000673.SZ,20190117,4.9,5.19,4.86,5.13,4.94,0.19,3.8462,447695.02,226264.432
000673.SZ,20190116,4.76,5.1,4.73,4.94,4.74,0.2,4.2194,377911.03,185728.833
000673.SZ,20190115,4.75,4.77,4.65,4.74,4.73,0.01,0.2114,124395.92,58613.827
000673.SZ,20190114,4.82,4.85,4.69,4.73,4.87,-0.14,-2.8747,160305.0,76192.131
000673.SZ,20190111,4.84,4.88,4.78,4.87,4.81,0.06,1.2474,137761.03,66443.076
000673.SZ,20190110,4.87,4.94,4.79,4.81,4.87,-0.06,-1.232,143516.0,69732.296
000673.SZ,20190109,4.88,5.0,4.86,4.87,4.9,-0.03,-0.6122,209379.0,103094.023
000673.SZ,20190108,4.86,4.97,4.83,4.9,4.9,0.0,0.0,178487.0,87438.496
000673.SZ,20190107,4.8,4.93,4.79,4.9,4.79,0.11,2.2965,159810.77,77582.152
000673.SZ,20190104,4.58,4.79,4.5,4.79,4.66,0.13,2.7897,167768.2,78935.891
000673.SZ,20190103,4.73,4.75,4.65,4.66,4.69,-0.03,-0.6397,104274.0,48951.431
000673.SZ,20190102,4.73,4.79,4.66,4.69,4.69,0.0,0.0,94097.77,44322.224
000673.SZ,20181228,4.79,4.83,4.66,4.69,4.68,0.01,0.2137,125699.02,59345.461
000673.SZ,20181227,4.99,5.05,4.65,4.68,4.89,-0.21,-4.2945,159901.34,77621.487
000673.SZ,20181226,4.85,4.98,4.82,4.89,4.81,0.08,1.6632,195043.53,95679.268
000673.SZ,20181225,4.91,4.95,4.57,4.81,5.0,-0.19,-3.8,212694.0,100959.974
000673.SZ,20181224,5.05,5.08,4.98,5.0,5.04,-0.04,-0.7937,109657.0,55082.425
000673.SZ,20181221,5.02,5.1,4.98,5.04,5.05,-0.01,-0.198,121579.0,61176.106
000673.SZ,20181220,4.95,5.09,4.92,5.05,5.02,0.03,0.5976,121660.96,61126.899
000673.SZ,20181219,5.09,5.13,4.99,5.02,5.11,-0.09,-1.7613,119389.24,60308.987
000673.SZ,20181218,4.97,5.18,4.96,5.11,5.05,0.06,1.1881,167961.76,85572.998
000673.SZ,20181217,5.04,5.07,4.88,5.05,5.06,-0.01,-0.1976,160006.96,79865.269
000673.SZ,20181214,5.32,5.34,5.03,5.06,5.35,-0.29,-5.4206,246336.02,127366.309
000673.SZ,20181213,5.32,5.37,5.2,5.35,5.29,0.06,1.1342,200644.02,106440.352
000673.SZ,20181212,5.42,5.45,5.26,5.29,5.38,-0.09,-1.6729,179887.02,95719.165
000673.SZ,20181211,5.29,5.46,5.26,5.38,5.24,0.14,2.6718,218722.02,117621.132
000673.SZ,20181210,5.34,5.34,5.18,5.24,5.36,-0.12,-2.2388,158422.0,83215.016
000673.SZ,20181207,5.42,5.45,5.34,5.36,5.36,0.0,0.0,144157.29,77571.456
000673.SZ,20181206,5.63,5.68,5.36,5.36,5.59,-0.23,-4.1145,262969.0,144352.512
000673.SZ,20181205,5.54,5.69,5.45,5.59,5.75,-0.16,-2.7826,267790.67,149388.321
000673.SZ,20181204,5.78,5.9,5.67,5.75,5.7,0.05,0.8772,279218.67,161094.458
000673.SZ,20181203,5.65,5.76,5.54,5.7,5.49,0.21,3.8251,278831.29,158066.551
000673.SZ,20181130,5.51,5.63,5.2,5.49,5.58,-0.09,-1.6129,295358.29,161301.046
000673.SZ,20181129,5.94,6.02,5.58,5.58,5.88,-0.3,-5.102,306200.05,177765.808
000673.SZ,20181128,5.92,6.05,5.6,5.88,5.87,0.01,0.1704,329169.0,192271.922
000673.SZ,20181127,5.97,6.02,5.8,5.87,6.0,-0.13,-2.1667,301499.64,178456.725
000673.SZ,20181126,5.8,6.1,5.5,6.0,5.83,0.17,2.916,455719.64,263656.459
000673.SZ,20181123,6.36,6.44,5.82,5.83,6.47,-0.64,-9.8918,543883.0,329424.244
000673.SZ,20181122,6.59,6.83,6.33,6.47,6.65,-0.18,-2.7068,688499.2,448398.466
000673.SZ,20181121,6.2,6.76,6.07,6.65,6.28,0.37,5.8917,881847.22,573404.682
000673.SZ,20181120,6.01,6.41,5.99,6.28,6.1,0.18,2.9508,632409.02,395443.295
000673.SZ,20181119,6.15,6.2,6.03,6.1,6.25,-0.15,-2.4,402169.37,245280.193
000673.SZ,20181116,6.21,6.32,6.15,6.25,6.28,-0.03,-0.4777,450634.15,279850.103
000673.SZ,20181115,6.22,6.33,6.14,6.28,6.36,-0.08,-1.2579,539878.87,336456.388
000673.SZ,20181114,6.28,6.67,6.21,6.36,6.23,0.13,2.0867,1131301.75,722471.732
000673.SZ,20181113,5.55,6.23,5.51,6.23,5.66,0.57,10.0707,920203.44,555818.471
000673.SZ,20181112,5.4,5.87,5.34,5.66,5.45,0.21,3.8532,659543.22,368092.973
000673.SZ,20181109,5.25,5.45,5.15,5.45,5.25,0.2,3.8095,533922.78,284608.118
000673.SZ,20181108,5.27,5.52,5.22,5.25,5.25,0.0,0.0,515623.0,275354.536
000673.SZ,20181107,5.12,5.39,5.08,5.25,5.13,0.12,2.3392,489799.84,256763.943
000673.SZ,20181106,5.29,5.29,5.02,5.13,5.29,-0.16,-3.0246,417590.31,213527.33
000673.SZ,20181105,5.18,5.41,5.11,5.29,5.22,0.07,1.341,501636.82,264450.851
000673.SZ,20181102,5.11,5.25,5.08,5.22,5.06,0.16,3.1621,461961.46,238870.092
000673.SZ,20181101,5.09,5.18,5.03,5.06,5.09,-0.03,-0.5894,415306.3,211971.258
000673.SZ,20181031,5.06,5.14,5.02,5.09,5.08,0.01,0.1969,360351.23,183299.3
000673.SZ,20181030,5.08,5.17,4.88,5.08,5.11,-0.03,-0.5871,371627.39,187590.305
000673.SZ,20181029,4.96,5.3,4.81,5.11,4.99,0.12,2.4048,532023.63,273162.654
000673.SZ,20181026,5.14,5.23,4.97,4.99,5.07,-0.08,-1.5779,321563.18,163638.437
000673.SZ,20181025,4.78,5.14,4.68,5.07,5.02,0.05,0.996,383545.36,188660.203
000673.SZ,20181024,5.08,5.18,4.99,5.02,5.07,-0.05,-0.9862,340170.43,172140.662
000673.SZ,20181023,4.95,5.36,4.9,5.07,4.96,0.11,2.2177,599601.68,309366.57
000673.SZ,20181022,4.74,5.03,4.71,4.96,4.66,0.3,6.4378,397229.39,194129.729
000673.SZ,20181019,4.47,4.69,4.35,4.66,4.64,0.02,0.431,302066.85,138181.706
000673.SZ,20181018,5.09,5.09,4.63,4.64,5.14,-0.5,-9.7276,378564.88,181167.244
000673.SZ,20181017,5.31,5.34,4.96,5.14,5.21,-0.07,-1.3436,362228.25,185351.612
000673.SZ,20181016,5.05,5.26,5.01,5.21,5.15,0.06,1.165,331094.88,170890.406
000673.SZ,20181015,5.12,5.43,5.12,5.15,5.05,0.1,1.9802,430155.39,226087.057
000673.SZ,20181012,5.22,5.34,4.9,5.05,5.44,-0.39,-7.1691,467153.52,236360.342
000673.SZ,20181011,5.95,5.95,5.44,5.44,6.04,-0.6,-9.9338,408265.65,231237.883
000673.SZ,20181010,6.22,6.28,5.8,6.04,6.34,-0.3,-4.7319,484152.41,290265.159
000673.SZ,20181009,6.3,6.52,6.05,6.34,6.43,-0.09,-1.3997,414674.46,260566.242
000673.SZ,20181008,6.6,6.79,6.43,6.43,7.14,-0.71,-9.944,480608.87,314501.407
000673.SZ,20180928,7.08,7.28,7.05,7.14,7.02,0.12,1.7094,398974.32,285405.167
000673.SZ,20180927,7.33,7.38,7.0,7.02,7.4,-0.38,-5.1351,611853.47,438285.819
000673.SZ,20180926,7.36,7.52,7.2,7.4,7.52,-0.12,-1.5957,771424.07,567613.127
000673.SZ,20180925,6.92,7.7,6.9,7.52,7.0,0.52,7.4286,1064870.03,787278.815
000673.SZ,20180921,6.97,7.12,6.88,7.0,7.02,-0.02,-0.2849,389005.35,271358.271
000673.SZ,20180920,6.99,7.17,6.83,7.02,7.02,0.0,0.0,569611.09,398639.203
000673.SZ,20180919,7.14,7.19,6.88,7.02,7.12,-0.1,-1.4045,623779.15,437049.916
000673.SZ,20180918,7.03,7.36,6.85,7.12,6.97,0.15,2.1521,1146560.87,819019.051
000673.SZ,20180917,6.3,6.97,6.21,6.97,6.34,0.63,9.9369,775159.56,526110.316
000673.SZ,20180914,6.58,6.66,6.32,6.34,6.57,-0.23,-3.5008,375630.05,242768.285
000673.SZ,20180913,6.73,6.77,6.45,6.57,6.67,-0.1,-1.4993,440295.54,289219.173
000673.SZ,20180912,6.93,7.01,6.52,6.67,6.93,-0.26,-3.7518,562924.71,380683.096
000673.SZ,20180911,6.87,7.1,6.82,6.93,7.03,-0.1,-1.4225,465938.61,323363.232
000673.SZ,20180910,7.08,7.36,6.82,7.03,7.01,0.02,0.2853,795486.64,561814.196
000673.SZ,20180907,6.53,7.19,6.52,7.01,6.54,0.47,7.1865,991060.02,685041.141
000673.SZ,20180906,6.59,6.77,6.47,6.54,6.7,-0.16,-2.3881,544501.48,359473.786
000673.SZ,20180905,6.41,6.98,6.41,6.7,6.38,0.32,5.0157,822402.3,546893.016
000673.SZ,20180904,6.37,6.66,6.3,6.38,6.37,0.01,0.157,539477.07,348416.457
000673.SZ,20180903,6.06,6.54,5.92,6.37,6.1,0.27,4.4262,590263.23,370703.246
000673.SZ,20180831,6.4,6.43,5.92,6.1,6.48,-0.38,-5.8642,520013.03,323014.113
000673.SZ,20180830,6.5,6.59,6.34,6.48,6.45,0.03,0.4651,503517.9,326530.584
000673.SZ,20180829,6.44,6.6,6.22,6.45,6.42,0.03,0.4673,539899.37,346551.885
000673.SZ,20180828,6.59,6.66,6.41,6.42,6.73,-0.31,-4.6062,759537.76,494649.574
000673.SZ,20180827,6.47,7.04,6.31,6.73,6.4,0.33,5.1563,1371951.15,906946.154
000673.SZ,20180824,5.82,6.4,5.76,6.4,5.82,0.58,9.9656,553650.58,342866.464
000673.SZ,20180823,5.69,5.98,5.66,5.82,5.73,0.09,1.5707,464397.18,271351.588
000673.SZ,20180822,6.05,6.05,5.67,5.73,6.04,-0.31,-5.1325,548867.65,322165.395
000673.SZ,20180821,6.03,6.15,5.92,6.04,6.13,-0.09,-1.4682,550353.62,332147.131
000673.SZ,20180820,6.03,6.28,5.76,6.13,5.93,0.2,3.3727,728301.97,440302.962
000673.SZ,20180817,6.02,6.17,5.85,5.93,6.12,-0.19,-3.1046,720143.47,432267.294
000673.SZ,20180816,6.23,6.35,6.12,6.12,6.8,-0.68,-10.0,1342754.05,834991.947
000673.SZ,20180815,6.41,7.47,6.41,6.8,7.11,-0.31,-4.3601,1937832.49,1270280.85
000673.SZ,20180814,7.11,7.11,7.11,7.11,7.9,-0.79,-10.0,60858.0,43270.038
000673.SZ,20180813,7.9,7.9,7.9,7.9,8.78,-0.88,-10.0228,12368.0,9770.72
000673.SZ,20180810,8.78,8.78,8.78,8.78,9.75,-0.97,-9.9487,9050.0,7945.9
000673.SZ,20180809,9.75,9.75,9.75,9.75,10.83,-1.08,-9.9723,5909.0,5761.275
000673.SZ,20180808,10.83,10.83,10.83,10.83,12.03,-1.2,-9.9751,2148.0,2326.284
000673.SZ,20180807,12.03,12.03,12.03,12.03,13.37,-1.34,-10.0224,3623.0,4358.469
000673.SZ,20180806,13.37,13.37,13.37,13.37,14.86,-1.49,-10.0269,1887.0,2522.919
000673.SZ,20180803,14.86,14.86,14.86,14.86,16.51,-1.65,-9.9939,864.0,1283.904
000673.SZ,20180802,16.51,16.51,16.51,16.51,18.34,-1.83,-9.9782,1014.0,1674.114
000673.SZ,20180522,18.34,18.98,18.34,18.34,20.38,-2.04,-10.01,322232.13,592556.213
000673.SZ,20180521,21.55,23.6,19.4,20.38,21.55,-1.17,-5.43,409840.0,815406.65
000673.SZ,20180518,21.11,22.05,20.8,21.55,22.0,-0.45,-2.05,92281.5,197334.094
000673.SZ,20180517,21.5,22.11,20.54,22.0,21.4,0.6,2.8,158111.72,337935.246
000673.SZ,20180516,21.76,21.95,21.03,21.4,21.88,-0.48,-2.19,66695.22,142344.233
000673.SZ,20180515,21.86,22.41,21.5,21.88,22.2,-0.32,-1.44,90793.24,199049.136
000673.SZ,20180514,20.31,22.32,20.03,22.2,20.86,1.34,6.42,167624.64,360946.244
000673.SZ,20180511,20.3,21.97,20.0,20.86,22.0,-1.14,-5.18,228805.86,474154.772
000673.SZ,20180510,23.0,23.0,20.23,22.0,22.48,-0.48,-2.14,362787.43,762203.512
000673.SZ,20180509,20.6,22.48,19.93,22.48,20.44,2.04,9.98,160860.51,347213.359
000673.SZ,20180508,21.38,21.6,19.78,20.44,20.77,-0.33,-1.59,176634.69,358155.811
000673.SZ,20180507,19.3,20.77,19.24,20.77,18.88,1.89,10.01,178933.46,361185.03
000673.SZ,20180504,17.19,18.88,17.19,18.88,17.16,1.72,10.02,152466.6,280093.382
000673.SZ,20180503,16.5,17.5,16.45,17.16,16.55,0.61,3.69,83036.65,139907.829
000673.SZ,20180502,16.62,16.7,16.5,16.55,16.61,-0.06,-0.36,64865.59,107838.521
000673.SZ,20180427,16.48,16.8,16.4,16.61,16.43,0.18,1.1,44875.0,74317.07
000673.SZ,20180426,16.55,16.65,16.43,16.43,16.52,-0.09,-0.54,33559.56,55544.075
000673.SZ,20180425,16.56,16.76,16.52,16.52,16.74,-0.22,-1.31,66038.98,110055.053
000673.SZ,20180424,16.65,16.9,16.5,16.74,16.6,0.14,0.84,64137.3,107100.882
000673.SZ,20180423,16.64,16.75,16.48,16.6,16.7,-0.1,-0.6,56022.0,93274.822
000673.SZ,20180420,16.77,16.88,16.58,16.7,16.65,0.05,0.3,82797.0,138726.754
000673.SZ,20180419,17.0,17.0,16.55,16.65,16.88,-0.23,-1.36,94344.61,157895.443
000673.SZ,20180418,16.83,17.0,16.62,16.88,16.69,0.19,1.14,98986.19,166098.561
000673.SZ,20180417,16.86,16.86,16.47,16.69,16.7,-0.01,-0.06,56444.67,94063.759
000673.SZ,20180416,16.8,16.9,16.56,16.7,16.71,-0.01,-0.06,47524.02,79497.132
000673.SZ,20180413,16.46,16.77,16.29,16.71,16.47,0.24,1.46,95095.09,156704.872
000673.SZ,20180412,16.68,16.9,16.46,16.47,16.68,-0.21,-1.26,84810.0,141135.503
000673.SZ,20180411,16.56,16.98,16.48,16.68,16.56,0.12,0.72,110010.12,183731.424
000673.SZ,20180410,16.15,16.6,16.01,16.56,16.15,0.41,2.54,102688.89,168244.952
000673.SZ,20180409,15.73,16.39,15.65,16.15,15.74,0.41,2.6,92663.16,149081.312
000673.SZ,20180404,15.65,16.13,15.65,15.74,15.73,0.01,0.06,82737.02,131548.166
000673.SZ,20180403,15.59,15.94,15.5,15.73,15.75,-0.02,-0.13,56399.18,89056.883
000673.SZ,20180402,15.35,15.8,15.15,15.75,15.4,0.35,2.27,53906.12,83851.154
000673.SZ,20180330,15.67,15.69,15.35,15.4,15.6,-0.2,-1.28,58283.24,90672.275
000673.SZ,20180329,15.5,15.67,15.5,15.6,15.51,0.09,0.58,75861.27,118040.484
000673.SZ,20180328,15.55,15.78,15.5,15.51,15.6,-0.09,-0.58,99606.0,155598.528
000673.SZ,20180327,15.5,15.9,15.32,15.6,15.55,0.05,0.32,111539.95,175124.009
000673.SZ,20180326,15.1,15.7,15.09,15.55,15.55,0.0,0.0,90753.01,140008.8
000673.SZ,20180323,15.3,15.6,15.11,15.55,15.88,-0.33,-2.08,150160.08,228837.77
000673.SZ,20180322,15.57,16.21,15.57,15.88,17.3,-1.42,-8.21,445315.01,697913.05
000673.SZ,20180321,14.23,17.3,14.16,17.3,15.73,1.57,9.98,388994.3,607915.471
000673.SZ,20180320,17.3,17.3,15.73,15.73,16.79,-1.06,-6.31,188426.0,309509.213
000673.SZ,20180319,16.09,16.98,16.05,16.79,16.09,0.7,4.35,96760.56,159579.635
000673.SZ,20180316,16.21,16.35,16.04,16.09,16.2,-0.11,-0.68,53265.2,86237.48
000673.SZ,20180315,16.28,16.35,15.95,16.2,16.15,0.05,0.31,51845.21,83578.965
000673.SZ,20180314,15.62,16.21,15.36,16.15,15.63,0.52,3.33,135532.73,216346.54
000673.SZ,20180313,16.19,16.19,15.63,15.63,15.9,-0.27,-1.7,148183.84,235600.248
000673.SZ,20180312,16.2,16.8,15.2,15.9,16.15,-0.25,-1.55,146081.02,235192.207
000673.SZ,20180309,15.35,16.24,15.33,16.15,15.13,1.02,6.74,144304.23,228180.601
000673.SZ,20180308,15.01,15.34,15.01,15.13,15.08,0.05,0.33,50429.38,76616.791
000673.SZ,20180307,14.93,15.4,14.73,15.08,14.93,0.15,1.0,86044.84,129034.738
000673.SZ,20180306,14.92,15.02,14.81,14.93,14.95,-0.02,-0.13,112886.0,168074.0
000673.SZ,20180305,15.0,15.01,14.8,14.95,14.9,0.05,0.34,31666.0,47220.329
000673.SZ,20180302,14.89,15.05,14.8,14.9,14.93,-0.03,-0.2,25944.06,38780.366
000673.SZ,20180301,14.62,14.98,14.62,14.93,14.72,0.21,1.43,85849.17,126844.833
000673.SZ,20180228,14.9,15.17,14.69,14.72,15.13,-0.41,-2.71,100827.15,150818.023
000673.SZ,20180227,14.84,15.78,14.45,15.13,14.88,0.25,1.68,148933.51,225154.915
000673.SZ,20180226,13.98,15.38,13.98,14.88,13.98,0.9,6.44,155708.97,230433.088
000673.SZ,20180223,13.55,14.06,13.26,13.98,13.25,0.73,5.51,201175.88,273367.278
000673.SZ,20180201,13.25,13.44,12.98,13.25,13.28,-0.03,-0.23,85064.02,111624.572
000673.SZ,20180131,13.28,13.55,13.21,13.28,13.27,0.01,0.08,78662.1,104730.18
000673.SZ,20180130,13.24,13.45,13.19,13.27,13.39,-0.12,-0.9,23918.14,31841.252
000673.SZ,20180129,13.5,13.91,13.33,13.39,13.53,-0.14,-1.03,49087.7,66342.121
000673.SZ,20180126,13.25,13.6,12.95,13.53,13.25,0.28,2.11,63988.17,84545.336
000673.SZ,20180125,13.34,13.43,13.19,13.25,13.35,-0.1,-0.75,27533.28,36693.026
000673.SZ,20180124,13.19,13.56,13.19,13.35,13.44,-0.09,-0.67,57191.0,76300.519
000673.SZ,20180123,14.18,14.29,13.15,13.44,14.1,-0.66,-4.68,102156.32,138967.955
000673.SZ,20180122,14.07,14.47,13.95,14.1,14.1,0.0,0.0,52940.92,75123.401
000673.SZ,20180119,14.13,14.25,13.9,14.1,14.0,0.1,0.71,79738.96,112104.912
000673.SZ,20180118,13.5,14.1,13.41,14.0,13.5,0.5,3.7,118979.22,164863.099
000673.SZ,20180117,13.16,13.7,12.88,13.5,13.08,0.42,3.21,131789.54,177319.39
000673.SZ,20180116,13.18,13.3,12.97,13.08,13.2,-0.12,-0.91,68342.02,89676.285
000673.SZ,20180115,13.59,13.59,12.9,13.2,13.72,-0.52,-3.79,46531.0,62298.985
000673.SZ,20180112,13.58,14.31,13.45,13.72,13.59,0.13,0.96,97582.49,135781.904
000673.SZ,20180111,13.42,13.65,13.37,13.59,13.43,0.16,1.19,169503.24,229376.557
000673.SZ,20180110,13.36,13.5,13.22,13.43,13.37,0.06,0.45,75345.06,100955.7
000673.SZ,20180109,13.27,13.49,13.03,13.37,13.23,0.14,1.06,71567.23,94789.9
000673.SZ,20180108,13.31,13.4,13.11,13.23,13.3,-0.07,-0.53,130320.14,172910.198
000673.SZ,20180105,13.05,13.31,12.96,13.3,13.1,0.2,1.53,234088.58,309226.09
000673.SZ,20180104,13.18,13.33,13.03,13.1,13.19,-0.09,-0.68,109724.0,144692.663
000673.SZ,20180103,13.01,13.4,13.0,13.19,13.07,0.12,0.92,167380.84,221144.026
000673.SZ,20180102,13.15,13.45,12.91,13.07,13.16,-0.09,-0.68,136513.22,179019.392
000673.SZ,20171229,12.88,13.55,12.85,13.16,12.87,0.29,2.25,336336.87,441896.002
000673.SZ,20171228,12.87,13.29,12.85,12.87,13.14,-0.27,-2.05,143127.36,185554.121
000673.SZ,20171227,12.47,13.2,12.2,13.14,12.71,0.43,3.38,323703.16,418863.828
000673.SZ,20171226,12.95,13.0,12.06,12.71,12.63,0.08,0.63,271825.46,340824.669
000673.SZ,20171225,12.63,12.63,12.63,12.63,11.48,1.15,10.02,58571.45,73975.741
000673.SZ,20171208,10.96,11.62,10.94,11.48,11.01,0.47,4.27,123629.64,139808.875
000673.SZ,20171207,10.1,11.32,10.1,11.01,10.29,0.72,7.0,125014.31,135342.823
000673.SZ,20171206,9.5,10.3,9.31,10.29,10.09,0.2,1.98,171707.86,170680.893
000673.SZ,20171205,11.19,11.19,10.09,10.09,11.21,-1.12,-9.99,130214.88,133312.592
000673.SZ,20171204,11.33,11.38,11.12,11.21,11.33,-0.12,-1.06,15760.0,17662.265
000673.SZ,20171201,11.4,11.4,11.25,11.33,11.37,-0.04,-0.35,11725.4,13253.844
000673.SZ,20171130,11.35,11.38,11.15,11.37,11.33,0.04,0.35,24029.0,27062.942
000673.SZ,20171129,11.47,11.47,11.32,11.33,11.41,-0.08,-0.7,12965.7,14723.201
000673.SZ,20171128,11.45,11.53,11.28,11.41,11.41,0.0,0.0,18136.0,20644.16
000673.SZ,20171127,11.32,11.5,11.12,11.41,11.3,0.11,0.97,39228.0,44421.118
000673.SZ,20171124,11.4,11.44,11.13,11.3,11.4,-0.1,-0.88,33003.0,37198.608
000673.SZ,20171123,11.43,11.51,11.28,11.4,11.5,-0.1,-0.87,47366.91,53859.372
000673.SZ,20171122,11.6,11.69,11.46,11.5,11.64,-0.14,-1.2,50396.35,58190.962
000673.SZ,20171121,11.64,11.7,11.5,11.64,11.59,0.05,0.43,82574.43,95987.224
000673.SZ,20171120,11.58,11.65,11.3,11.59,11.6,-0.01,-0.09,26057.69,29899.965
000673.SZ,20171117,11.76,11.76,11.36,11.6,11.77,-0.17,-1.44,57656.42,66532.685
000673.SZ,20171116,11.93,11.94,11.69,11.77,11.94,-0.17,-1.42,33540.9,39490.419
000673.SZ,20171115,12.02,12.02,11.86,11.94,12.02,-0.08,-0.67,33477.78,39953.232
000673.SZ,20171114,11.84,12.02,11.71,12.02,11.94,0.08,0.67,88539.24,105319.289
000673.SZ,20171113,11.88,12.01,11.75,11.94,11.86,0.08,0.67,85711.9,101902.439
000673.SZ,20171110,11.72,11.99,11.58,11.86,11.71,0.15,1.28,63135.62,74389.307
000673.SZ,20171109,11.76,11.83,11.7,11.71,11.74,-0.03,-0.26,21183.62,24873.969
000673.SZ,20171108,11.53,11.95,11.51,11.74,11.59,0.15,1.29,85453.34,101002.286
000673.SZ,20171107,11.64,11.65,11.51,11.59,11.58,0.01,0.09,29315.78,33937.083
000673.SZ,20171106,11.5,11.66,11.32,11.58,11.55,0.03,0.26,27789.0,32142.277
000673.SZ,20171103,11.76,11.85,11.5,11.55,11.71,-0.16,-1.37,36671.0,42570.981
000673.SZ,20171102,11.86,11.91,11.7,11.71,11.85,-0.14,-1.18,38125.44,44936.134
000673.SZ,20171101,11.7,11.96,11.7,11.85,11.76,0.09,0.77,82936.0,98417.819
000673.SZ,20171031,11.57,11.81,11.56,11.76,11.6,0.16,1.38,55152.83,64311.97
000673.SZ,20171030,11.65,11.69,11.28,11.6,11.65,-0.05,-0.43,49560.33,56994.979
000673.SZ,20171027,11.59,11.65,11.47,11.65,11.65,0.0,0.0,45471.97,52627.328
000673.SZ,20171026,11.72,11.78,11.64,11.65,11.72,-0.07,-0.6,36545.0,42718.466
000673.SZ,20171025,11.76,11.79,11.62,11.72,11.73,-0.01,-0.09,31206.64,36500.922
000673.SZ,20171024,11.64,11.81,11.64,11.73,11.69,0.04,0.34,53694.5,63039.095
000673.SZ,20171023,11.56,11.91,11.56,11.69,11.53,0.16,1.39,63046.3,74125.571
000673.SZ,20171020,11.51,11.58,11.42,11.53,11.52,0.01,0.09,23570.74,27135.56
000673.SZ,20171019,11.49,11.55,11.31,11.52,11.53,-0.01,-0.09,39867.49,45594.685
000673.SZ,20171018,11.6,11.65,11.45,11.53,11.6,-0.07,-0.6,35219.58,40560.939
000673.SZ,20171017,11.55,11.71,11.44,11.6,11.61,-0.01,-0.09,43073.72,49714.732
000673.SZ,20171016,11.17,11.71,11.08,11.61,11.29,0.32,2.83,92964.14,105817.435
000673.SZ,20171013,11.51,11.52,11.02,11.29,11.6,-0.31,-2.67,124077.73,140016.168
000673.SZ,20171012,11.64,11.65,11.37,11.6,11.63,-0.03,-0.26,55565.0,63834.569
000673.SZ,20171011,11.73,11.82,11.57,11.63,11.77,-0.14,-1.19,49100.47,57170.115
000673.SZ,20171010,11.82,11.85,11.7,11.77,11.82,-0.05,-0.42,35119.2,41272.185
000673.SZ,20171009,11.6,11.85,11.6,11.82,11.63,0.19,1.63,53308.16,62794.759
000673.SZ,20170929,11.51,11.64,11.47,11.63,11.52,0.11,0.95,43481.23,50255.088
000673.SZ,20170928,11.6,11.67,11.5,11.52,11.6,-0.08,-0.69,41229.44,47608.447
000673.SZ,20170927,11.5,11.7,11.5,11.6,11.55,0.05,0.43,42888.02,49780.292
000673.SZ,20170926,11.63,11.7,11.44,11.55,11.6,-0.05,-0.43,67741.0,77994.878
000673.SZ,20170925,11.7,11.8,11.49,11.6,11.69,-0.09,-0.77,70898.2,82441.452
000673.SZ,20170922,11.7,11.98,11.63,11.69,11.75,-0.06,-0.51,53847.92,63371.159
000673.SZ,20170921,12.1,12.12,11.7,11.75,12.09,-0.34,-2.81,64519.05,76942.449
000673.SZ,20170920,12.0,12.14,11.93,12.09,12.09,0.0,0.0,75291.94,90717.525
000673.SZ,20170919,12.04,12.11,11.85,12.09,12.11,-0.02,-0.17,112303.76,134310.988
000673.SZ,20170918,12.19,12.2,11.85,12.11,12.15,-0.04,-0.33,120276.2,144088.046
000673.SZ,20170915,12.11,12.21,12.05,12.15,12.14,0.01,0.08,76298.22,92632.329
000673.SZ,20170914,12.13,12.29,12.01,12.14,12.08,0.06,0.5,114955.45,139419.787
000673.SZ,20170913,12.2,12.31,11.95,12.08,12.31,-0.23,-1.87,105647.47,128110.566
000673.SZ,20170912,12.83,12.96,11.84,12.31,12.8,-0.49,-3.83,221286.35,270756.048
000673.SZ,20170911,13.99,13.99,12.78,12.8,13.38,-0.58,-4.33,282715.74,370605.994
000673.SZ,20170908,13.33,13.49,12.93,13.38,13.26,0.12,0.91,104917.62,138807.625
000673.SZ,20170907,13.46,13.62,13.21,13.26,13.36,-0.1,-0.75,151121.52,202000.774
000673.SZ,20170906,13.22,13.7,13.18,13.36,13.29,0.07,0.53,189225.62,254686.122
000673.SZ,20170905,13.12,13.35,12.91,13.29,13.09,0.2,1.53,145233.15,190851.422
000673.SZ,20170904,12.92,13.35,12.88,13.09,12.8,0.29,2.27,219146.17,287239.684
000673.SZ,20170901,12.75,13.16,12.73,12.8,12.99,-0.19,-1.46,192391.99,247874.429
000673.SZ,20170831,12.29,13.0,12.27,12.99,12.34,0.65,5.27,214628.45,273015.18
000673.SZ,20170830,11.7,12.45,11.63,12.34,11.71,0.63,5.38,221845.05,269521.772
000673.SZ,20170829,11.56,11.78,11.49,11.71,11.58,0.13,1.12,104391.77,121644.427
000673.SZ,20170828,11.64,11.74,11.41,11.58,11.71,-0.13,-1.11,104786.92,120704.685
000673.SZ,20170825,11.95,11.95,11.61,11.71,12.04,-0.33,-2.74,127824.19,150340.741
000673.SZ,20170824,11.8,12.35,11.72,12.04,12.33,-0.29,-2.35,240707.35,289572.481
000673.SZ,20170823,11.31,12.95,11.31,12.33,12.18,0.15,1.23,470298.64,555567.054
000673.SZ,20170822,12.18,12.18,12.18,12.18,13.53,-1.35,-9.98,23559.0,28694.862
000673.SZ,20170117,13.5,13.56,12.68,13.53,13.4,0.13,0.97,112203.4,147992.406
000673.SZ,20170116,13.83,14.08,13.11,13.4,13.82,-0.42,-3.04,263230.58,361154.08
000673.SZ,20170113,13.09,13.91,12.91,13.82,13.1,0.72,5.5,152247.64,205425.58
000673.SZ,20170112,13.5,13.56,13.1,13.1,13.57,-0.47,-3.46,89468.05,119280.803
000673.SZ,20170111,13.67,13.73,13.5,13.57,13.58,-0.01,-0.07,51378.24,69875.255
000673.SZ,20170110,13.55,13.74,13.5,13.58,13.62,-0.04,-0.29,48954.41,66528.217
000673.SZ,20170109,13.62,13.75,13.41,13.62,13.59,0.03,0.22,57199.26,77861.113
000673.SZ,20170106,13.69,13.9,13.58,13.59,13.62,-0.03,-0.22,79670.36,109320.571
000673.SZ,20170105,13.68,13.83,13.45,13.62,13.6,0.02,0.15,105136.39,143667.815
000673.SZ,20170104,13.75,13.8,13.5,13.6,13.73,-0.13,-0.95,96435.01,131077.292
000673.SZ,20170103,13.86,14.08,13.68,13.73,13.86,-0.13,-0.94,88145.51,122407.013
000673.SZ,20161230,13.71,13.93,13.57,13.86,13.75,0.11,0.8,90007.01,123827.711
000673.SZ,20161229,13.47,13.95,13.43,13.75,13.47,0.28,2.08,140531.88,194065.634
000673.SZ,20161228,13.62,13.75,13.44,13.47,13.65,-0.18,-1.32,69493.5,94335.435
000673.SZ,20161227,13.62,13.86,13.6,13.65,13.66,-0.01,-0.07,73053.4,100232.99
000673.SZ,20161226,13.59,13.86,13.21,13.66,13.6,0.06,0.44,122927.05,166595.268
000673.SZ,20161223,13.33,13.66,13.15,13.6,13.43,0.17,1.27,123157.89,165292.844
000673.SZ,20161222,13.11,13.5,13.02,13.43,13.12,0.31,2.36,129740.38,173450.015
000673.SZ,20161221,13.17,13.27,13.0,13.12,13.12,0.0,0.0,61702.54,81153.957
000673.SZ,20161220,13.37,13.37,13.0,13.12,13.19,-0.07,-0.53,79450.53,104283.922
000673.SZ,20161219,12.78,13.49,12.75,13.19,12.84,0.35,2.73,199586.92,263192.159
000673.SZ,20161216,11.9,12.91,11.86,12.84,11.91,0.93,7.81,121101.24,148781.29
000673.SZ,20161215,11.79,12.06,11.7,11.91,11.85,0.06,0.51,56679.08,67270.816
000673.SZ,20161214,12.22,12.22,11.85,11.85,12.07,-0.22,-1.82,48442.8,57910.83
000673.SZ,20161213,12.38,12.46,11.7,12.07,12.38,-0.31,-2.5,88523.7,106285.248
000673.SZ,20161212,12.94,12.98,12.21,12.38,12.94,-0.56,-4.33,122827.2,153560.363
000673.SZ,20161209,13.18,13.23,12.8,12.94,13.16,-0.22,-1.67,61163.4,79918.29
000673.SZ,20161208,13.2,13.28,13.1,13.16,13.17,-0.01,-0.08,44569.38,58774.04
000673.SZ,20161207,13.17,13.19,13.0,13.17,13.15,0.02,0.15,44395.58,58112.418
000673.SZ,20161206,13.14,13.3,13.1,13.15,13.14,0.01,0.08,36732.0,48470.57
000673.SZ,20161205,13.17,13.34,12.99,13.14,13.17,-0.03,-0.23,55322.47,72645.68
000673.SZ,20161202,13.44,13.51,13.07,13.17,13.49,-0.32,-2.37,83447.86,110859.36
000673.SZ,20161201,13.13,13.57,13.1,13.49,13.1,0.39,2.98,94730.74,126646.425
000673.SZ,20161130,13.14,13.17,12.94,13.1,13.15,-0.05,-0.38,52156.58,68190.776
000673.SZ,20161129,13.45,13.46,13.15,13.15,13.46,-0.31,-2.3,112283.42,148871.018
000673.SZ,20161128,13.64,13.74,13.43,13.46,13.6,-0.14,-1.03,130817.58,177472.766
000673.SZ,20161125,13.62,13.73,13.36,13.6,13.56,0.04,0.3,104134.19,140826.004
000673.SZ,20161124,13.53,13.79,13.46,13.56,13.59,-0.03,-0.22,70556.01,95835.041
000673.SZ,20161123,13.7,13.83,13.41,13.59,13.68,-0.09,-0.66,110366.55,150251.575
000673.SZ,20161122,13.75,13.9,13.55,13.68,13.75,-0.07,-0.51,134030.73,183717.379
000673.SZ,20161121,13.48,13.93,13.48,13.75,13.46,0.29,2.15,200318.68,276418.291
000673.SZ,20161118,13.37,13.7,13.22,13.46,13.35,0.11,0.82,122367.04,165667.211
000673.SZ,20161117,13.52,13.77,13.31,13.35,13.51,-0.16,-1.18,143008.36,193507.005
000673.SZ,20161116,13.1,14.18,12.95,13.51,13.07,0.44,3.37,233632.04,317142.341
000673.SZ,20161115,13.04,13.18,12.91,13.07,13.12,-0.05,-0.38,97026.56,126294.461
000673.SZ,20161114,13.23,13.36,13.03,13.12,13.23,-0.11,-0.83,109367.42,143553.714
000673.SZ,20161111,12.78,13.25,12.68,13.23,12.82,0.41,3.2,111929.04,145177.862
000673.SZ,20161110,12.77,12.93,12.68,12.82,12.64,0.18,1.42,74319.5,95006.188
000673.SZ,20161109,12.85,12.95,12.4,12.64,12.75,-0.11,-0.86,98907.97,126009.059
000673.SZ,20161108,12.78,12.93,12.6,12.75,12.67,0.08,0.63,72945.66,93111.059
000673.SZ,20161107,12.88,12.99,12.6,12.67,12.91,-0.24,-1.86,82199.79,104673.205
000673.SZ,20161104,13.22,13.25,12.9,12.91,13.22,-0.31,-2.34,103488.9,135263.494
000673.SZ,20161103,13.08,13.34,13.0,13.22,13.17,0.05,0.38,110976.79,145862.803
000673.SZ,20161102,13.19,13.49,13.12,13.17,13.18,-0.01,-0.08,162615.81,216555.191
000673.SZ,20161101,13.21,13.44,13.06,13.18,13.28,-0.1,-0.75,120588.59,159370.511
000673.SZ,20161031,13.23,13.58,13.14,13.28,13.28,0.0,0.0,191453.62,257005.975
000673.SZ,20161028,12.86,13.55,12.83,13.28,12.86,0.42,3.27,280413.53,370905.8422
000673.SZ,20161027,12.81,12.92,12.71,12.86,12.81,0.05,0.39,92451.84,118660.6998
000673.SZ,20161026,12.73,12.9,12.65,12.81,12.74,0.07,0.55,81043.14,103688.5257
000673.SZ,20161025,12.62,12.93,12.56,12.74,12.72,0.02,0.16,84560.0,107919.0509
000673.SZ,20161024,12.57,12.8,12.13,12.72,12.58,0.14,1.11,177388.61,220719.3147
000673.SZ,20161021,12.85,13.02,12.58,12.58,12.9,-0.32,-2.48,111563.17,142513.7938
000673.SZ,20161020,12.86,12.9,12.75,12.9,12.83,0.07,0.55,94271.94,120816.3046
000673.SZ,20161019,13.1,13.15,12.76,12.83,13.05,-0.22,-1.69,129518.5,167072.2186
000673.SZ,20161018,12.99,13.17,12.8,13.05,12.99,0.06,0.46,139627.33,181840.415
000673.SZ,20161017,13.05,13.28,12.92,12.99,12.95,0.04,0.31,283847.78,373092.2954
000673.SZ,20161014,12.6,13.06,12.53,12.95,12.64,0.31,2.45,178749.63,229385.7524
000673.SZ,20161013,12.71,12.93,12.57,12.64,12.74,-0.1,-0.78,153024.52,194479.3699
000673.SZ,20161012,12.9,12.92,12.6,12.74,13.02,-0.28,-2.15,161882.2,205847.0925
000673.SZ,20161011,13.17,13.22,12.95,13.02,13.18,-0.16,-1.21,155352.09,202856.9543
000673.SZ,20161010,13.18,13.24,12.97,13.18,13.1,0.08,0.61,174076.02,228244.88
000673.SZ,20160930,12.92,13.16,12.85,13.1,12.98,0.12,0.92,203497.39,265209.2623
000673.SZ,20160929,12.8,13.04,12.77,12.98,12.89,0.09,0.7,196077.15,253206.2384
000673.SZ,20160928,12.66,12.96,12.61,12.89,12.79,0.1,0.78,215777.83,275700.2109
000673.SZ,20160927,12.93,13.17,12.46,12.79,13.05,-0.26,-1.99,318944.92,406234.0507
000673.SZ,20160926,13.5,13.67,12.82,13.05,13.39,-0.34,-2.54,514125.88,682661.5258
000673.SZ,20160923,12.16,13.39,12.16,13.39,12.17,1.22,10.02,383834.63,501048.2799
000673.SZ,20160922,12.3,12.46,12.13,12.17,12.21,-0.04,-0.33,71251.64,87567.7137
000673.SZ,20160921,12.33,12.4,12.2,12.21,12.38,-0.17,-1.37,63735.95,78423.6961
000673.SZ,20160920,12.42,12.6,12.25,12.38,12.52,-0.14,-1.12,105377.69,130447.1098
000673.SZ,20160919,12.22,12.65,12.22,12.52,12.22,0.3,2.46,152728.36,190939.2897
000673.SZ,20160914,11.75,12.35,11.72,12.22,11.79,0.43,3.65,172739.54,209894.881
000673.SZ,20160913,11.85,11.92,11.66,11.79,11.72,0.07,0.6,42690.32,50181.3303
000673.SZ,20160912,11.8,11.9,11.66,11.72,11.99,-0.27,-2.25,71388.28,84005.739
000673.SZ,20160909,12.09,12.31,11.96,11.99,12.09,-0.1,-0.83,135592.31,164493.5749
000673.SZ,20160908,12.03,12.44,12.0,12.09,11.98,0.11,0.92,133323.86,162726.7334
000673.SZ,20160907,11.76,12.34,11.76,11.98,11.9,0.08,0.67,173809.25,210135.3301
000673.SZ,20160906,11.45,12.06,11.4,11.9,11.42,0.48,4.2,161743.34,190109.2173
000673.SZ,20160905,11.38,11.53,11.32,11.42,11.36,0.06,0.53,60183.77,68834.1444
000673.SZ,20160902,11.3,11.51,11.26,11.36,11.34,0.02,0.18,54310.07,61908.0216
000673.SZ,20160901,11.28,11.34,11.21,11.34,11.28,0.06,0.53,55703.44,62910.7778
000673.SZ,20160831,11.25,11.28,11.15,11.28,11.22,0.06,0.53,31218.87,35042.8276
000673.SZ,20160830,11.35,11.35,11.18,11.22,11.26,-0.04,-0.36,31472.21,35421.704
000673.SZ,20160829,11.23,11.33,11.19,11.26,11.25,0.01,0.09,29041.08,32748.9078
000673.SZ,20160826,11.26,11.35,11.17,11.25,11.23,0.02,0.18,29292.25,33019.0578
000673.SZ,20160825,11.3,11.3,11.02,11.23,11.36,-0.13,-1.14,63435.48,70831.7948
000673.SZ,20160824,11.39,11.55,11.31,11.36,11.36,0.0,0.0,35856.51,41022.5154
000673.SZ,20160823,11.3,11.5,11.26,11.36,11.31,0.05,0.44,36205.16,41148.7911
000673.SZ,20160822,11.58,11.62,11.31,11.31,11.6,-0.29,-2.5,38186.54,43775.4589
000673.SZ,20160819,11.55,11.64,11.51,11.6,11.57,0.03,0.26,31902.52,36969.8997
000673.SZ,20160818,11.64,11.7,11.54,11.57,11.63,-0.06,-0.52,42505.17,49231.6614
000673.SZ,20160817,11.71,11.74,11.6,11.63,11.66,-0.03,-0.26,37414.59,43606.1353
000673.SZ,20160816,11.65,11.77,11.64,11.66,11.67,-0.01,-0.09,38254.65,44736.8973
000673.SZ,20160815,11.49,11.72,11.48,11.67,11.48,0.19,1.66,50370.28,58642.1049
000673.SZ,20160812,11.33,11.59,11.29,11.48,11.38,0.1,0.88,44910.64,51322.4519
000673.SZ,20160811,11.6,11.68,11.31,11.38,11.64,-0.26,-2.23,43380.03,49562.6775
000673.SZ,20160810,11.6,11.82,11.53,11.64,11.6,0.04,0.34,68111.98,79601.4843
000673.SZ,20160809,11.32,11.68,11.32,11.6,11.27,0.33,2.93,81997.38,94355.8478
000673.SZ,20160808,11.17,11.32,11.13,11.27,11.27,0.0,0.0,32822.67,36880.6561
000673.SZ,20160805,11.32,11.32,11.21,11.27,11.33,-0.06,-0.53,27876.47,31381.2388
000673.SZ,20160804,11.32,11.38,11.15,11.33,11.27,0.06,0.53,39776.3,44737.8497
000673.SZ,20160803,11.31,11.36,11.18,11.27,11.3,-0.03,-0.27,37253.16,41887.3957
000673.SZ,20160802,11.35,11.38,11.26,11.3,11.3,0.0,0.0,27889.48,31552.6072
000673.SZ,20160801,11.4,11.46,11.13,11.3,11.52,-0.22,-1.91,34005.66,38294.7981
000673.SZ,20160729,11.55,11.59,11.01,11.52,11.53,-0.01,-0.09,78091.68,88353.3811
000673.SZ,20160728,11.8,11.85,11.33,11.53,11.89,-0.36,-3.03,79171.5,91431.6429
000673.SZ,20160727,12.31,12.33,11.29,11.89,12.3,-0.41,-3.33,120233.06,142716.61
000673.SZ,20160726,12.26,12.35,12.21,12.3,12.23,0.07,0.57,69225.49,84960.0754
000673.SZ,20160725,12.26,12.33,12.17,12.23,12.27,-0.04,-0.33,61504.22,75383.8274
000673.SZ,20160722,12.46,12.46,12.14,12.27,12.44,-0.17,-1.37,93044.66,114058.6346
000673.SZ,20160721,12.4,12.58,12.3,12.44,12.43,0.01,0.08,73610.36,91636.1239
000673.SZ,20160720,12.5,12.63,12.42,12.43,12.43,0.0,0.0,96743.1,121131.8487
000673.SZ,20160719,12.38,12.45,12.26,12.43,12.34,0.09,0.73,48995.74,60744.4338
000673.SZ,20160718,12.43,12.49,12.23,12.34,12.43,-0.09,-0.72,57806.05,71297.3647
000673.SZ,20160715,12.6,12.6,12.38,12.43,12.62,-0.19,-1.51,81721.26,101838.231
000673.SZ,20160714,12.61,12.76,12.58,12.62,12.62,0.0,0.0,111052.08,140246.0557
000673.SZ,20160713,12.28,12.75,12.22,12.62,12.27,0.35,2.85,168785.4,211366.9661
000673.SZ,20160712,12.26,12.35,12.01,12.27,12.22,0.05,0.41,92873.56,113400.497
000673.SZ,20160711,12.13,12.33,12.12,12.22,12.14,0.08,0.66,75447.0,92029.1525
000673.SZ,20160708,12.22,12.42,12.11,12.14,12.21,-0.07,-0.57,83422.5,102157.7589
000673.SZ,20160707,12.3,12.43,12.14,12.21,12.29,-0.08,-0.65,81603.0,100007.1687
000673.SZ,20160706,12.37,12.4,12.25,12.29,12.39,-0.1,-0.81,53574.32,65989.0109
000673.SZ,20160705,12.48,12.5,12.23,12.39,12.34,0.05,0.41,65206.26,80452.9525
000673.SZ,20160704,12.28,12.46,12.11,12.34,12.37,-0.03,-0.24,59639.33,73540.2014
000673.SZ,20160701,12.56,12.64,12.32,12.37,12.53,-0.16,-1.28,76427.43,95501.1149
000673.SZ,20160630,12.31,12.75,12.23,12.53,12.45,0.08,0.64,92758.13,115647.1016
000673.SZ,20160629,12.54,12.58,12.23,12.45,12.42,0.03,0.24,88379.71,109316.2325
000673.SZ,20160628,11.58,12.5,11.55,12.42,11.65,0.77,6.61,130710.05,159242.6287
000673.SZ,20160627,11.55,11.79,11.41,11.65,11.52,0.13,1.13,65506.69,76069.1403
000673.SZ,20160624,11.67,11.71,11.22,11.52,11.68,-0.16,-1.37,57939.55,66787.4799
000673.SZ,20160623,11.66,11.73,11.51,11.68,11.72,-0.04,-0.34,35708.5,41457.1055
000673.SZ,20160622,11.68,11.78,11.6,11.72,11.74,-0.02,-0.17,57628.48,67352.6402
000673.SZ,20160621,11.84,11.9,11.58,11.74,11.73,0.01,0.09,62538.19,73160.5225
000673.SZ,20160620,11.8,11.82,11.63,11.73,11.89,-0.16,-1.35,51934.58,60725.948
000673.SZ,20160617,11.8,11.99,11.68,11.89,11.79,0.1,0.85,74695.97,88502.1093
000673.SZ,20160616,11.67,11.88,11.53,11.79,11.66,0.13,1.11,74570.23,87477.4193
000673.SZ,20160615,11.4,11.98,11.23,11.66,11.45,0.21,1.83,107756.12,126077.4525
000673.SZ,20160614,11.77,11.85,11.36,11.45,11.86,-0.41,-3.46,75528.05,87287.8957
000673.SZ,20160613,12.42,12.49,11.6,11.86,12.7,-0.84,-6.61,73990.85,90488.552
000673.SZ,20160608,12.81,12.81,12.4,12.7,12.79,-0.09,-0.7,68416.85,86317.6989
000673.SZ,20160607,12.85,12.85,12.62,12.79,12.85,-0.06,-0.47,44740.71,56915.1481
000673.SZ,20160606,12.85,12.91,12.4,12.85,12.89,-0.04,-0.31,77598.21,98873.1623
000673.SZ,20160603,12.62,12.89,12.53,12.89,12.77,0.12,0.94,84585.67,107189.0525
000673.SZ,20160602,12.72,12.89,12.64,12.77,12.9,-0.13,-1.01,67665.72,86267.3785
000673.SZ,20160601,12.96,13.06,12.81,12.9,12.91,-0.01,-0.08,73936.02,95679.1776
000673.SZ,20160531,12.4,12.98,12.4,12.91,12.38,0.53,4.28,95787.77,122010.7426
000673.SZ,20160530,12.52,12.57,12.34,12.38,12.62,-0.24,-1.9,48670.29,60646.0835
000673.SZ,20160527,12.75,12.83,12.57,12.62,12.85,-0.23,-1.79,65565.45,83237.0296
000673.SZ,20160526,12.68,12.88,12.14,12.85,12.8,0.05,0.39,105434.12,131788.4154
000673.SZ,20160525,12.62,12.86,12.44,12.8,12.6,0.2,1.59,88612.3,112392.172
000673.SZ,20160524,12.46,12.85,12.2,12.6,12.49,0.11,0.88,65311.33,81414.1197
000673.SZ,20160523,12.25,12.5,12.25,12.49,12.2,0.29,2.38,65386.65,81252.7839
000673.SZ,20160520,11.99,12.2,11.81,12.2,12.02,0.18,1.5,64068.65,77276.4406
000673.SZ,20160519,11.65,12.15,11.65,12.02,11.66,0.36,3.09,125769.2,150777.3478
000673.SZ,20160518,12.08,12.15,11.55,11.66,12.29,-0.63,-5.13,88283.06,104063.3218
000673.SZ,20160517,12.42,12.65,12.12,12.29,12.28,0.01,0.08,120941.61,150563.097
000673.SZ,20160516,11.85,12.35,11.74,12.28,11.95,0.33,2.76,115929.44,140175.3336
000673.SZ,20160513,11.7,12.06,11.63,11.95,11.88,0.07,0.59,100516.52,119230.949
000673.SZ,20160512,11.2,11.94,10.9,11.88,11.5,0.38,3.3,138902.47,158801.4907
000673.SZ,20160511,12.2,12.3,11.11,11.5,12.12,-0.62,-5.12,147888.65,171883.5561
000673.SZ,20160510,12.09,12.45,11.92,12.12,12.37,-0.25,-2.02,91374.47,110730.8307
000673.SZ,20160509,13.22,13.22,12.11,12.37,13.4,-1.03,-7.69,132733.26,165593.0658
000673.SZ,20160506,14.3,14.39,13.34,13.4,14.19,-0.79,-5.57,185037.32,256395.3003
000673.SZ,20160505,14.42,14.44,13.9,14.19,14.61,-0.42,-2.87,240292.22,338997.94
000673.SZ,20160504,14.84,14.96,14.32,14.61,14.65,-0.04,-0.27,201791.71,294496.9046
000673.SZ,20160503,15.14,15.14,14.11,14.65,15.17,-0.52,-3.43,257522.78,374073.7302
000673.SZ,20160429,15.1,15.57,14.9,15.17,15.0,0.17,1.13,146364.73,222132.0696
000673.SZ,20160428,15.41,15.63,14.4,15.0,15.41,-0.41,-2.66,169049.09,253887.0469
000673.SZ,20160427,14.99,15.76,14.98,15.41,14.79,0.62,4.19,231461.12,357574.5767
000673.SZ,20160426,14.18,14.88,14.05,14.79,14.23,0.56,3.94,132632.03,192505.9842
000673.SZ,20160425,27.72,28.7,27.5,28.45,27.65,0.8,2.89,57591.14,162186.8708
000673.SZ,20160422,27.15,27.79,27.01,27.65,27.15,0.5,1.84,36335.2,99648.0012
000673.SZ,20160421,27.05,28.39,27.0,27.15,27.16,-0.01,-0.04,54656.5,150863.2279
000673.SZ,20160420,30.03,30.28,26.97,27.16,29.97,-2.81,-9.38,101534.48,285175.8754
000673.SZ,20160419,30.25,31.2,29.8,29.97,29.98,-0.01,-0.03,61411.87,185573.5828
000673.SZ,20160418,29.9,31.0,29.6,29.98,30.43,-0.45,-1.48,81273.86,246198.7971
000673.SZ,20160415,29.75,31.2,29.2,30.43,29.82,0.61,2.05,108328.07,329062.5017
000673.SZ,20160414,28.54,30.0,28.12,29.82,28.38,1.44,5.07,87639.04,255835.807
000673.SZ,20160413,28.2,28.89,27.71,28.38,28.07,0.31,1.1,74973.42,211838.1972
000673.SZ,20160412,27.3,28.6,27.1,28.07,27.69,0.38,1.37,51971.94,145106.7348
000673.SZ,20160411,27.99,28.82,27.69,27.69,27.67,0.02,0.07,68760.35,194263.8727
000673.SZ,20160408,27.78,28.0,27.26,27.67,27.96,-0.29,-1.04,56799.94,156970.1984
000673.SZ,20160407,27.75,28.35,27.51,27.96,27.7,0.26,0.94,70325.03,195953.8763
000673.SZ,20160406,27.75,28.07,27.33,27.7,27.91,-0.21,-0.75,55380.19,153108.6035
000673.SZ,20160405,26.63,28.2,26.31,27.91,26.61,1.3,4.89,79900.49,218113.6466
000673.SZ,20160401,27.0,27.0,25.89,26.61,27.2,-0.59,-2.17,53856.59,141964.0936
000673.SZ,20160331,26.34,27.7,26.34,27.2,26.0,1.2,4.62,116953.96,317465.8329
000673.SZ,20160330,25.63,26.0,24.85,26.0,25.09,0.91,3.63,58366.53,148688.2005
000673.SZ,20160329,26.17,26.25,24.36,25.09,26.18,-1.09,-4.16,38271.57,96312.4418
000673.SZ,20160328,26.7,26.99,25.81,26.18,26.7,-0.52,-1.95,50416.65,132878.7922
000673.SZ,20160325,27.18,27.95,25.8,26.7,26.7,0.0,0.0,89028.29,239905.4698
000673.SZ,20160324,25.82,27.5,25.23,26.7,25.86,0.84,3.25,87387.46,230716.3483
000673.SZ,20160323,25.5,25.99,25.43,25.86,25.9,-0.04,-0.15,36143.1,93056.5617
000673.SZ,20160322,25.2,26.0,25.0,25.9,25.91,-0.01,-0.04,41217.92,106105.9712
000673.SZ,20160321,25.97,26.9,25.5,25.91,25.78,0.13,0.5,73488.12,192074.3736
000673.SZ,20160318,24.43,26.0,24.18,25.78,24.46,1.32,5.4,80294.6,203016.4478
000673.SZ,20160317,22.99,24.6,22.8,24.46,22.86,1.6,7.0,88251.19,209125.203
000673.SZ,20160316,23.19,23.22,22.25,22.86,22.99,-0.13,-0.57,44851.1,102037.8427
000673.SZ,20160315,22.1,22.99,21.82,22.99,22.52,0.47,2.09,53015.4,119207.4729
000673.SZ,20160314,21.6,22.89,21.4,22.52,21.21,1.31,6.18,53477.67,119645.3376
000673.SZ,20160311,20.91,21.34,20.65,21.21,21.21,0.0,0.0,25943.78,54585.725
000673.SZ,20160310,21.6,21.91,21.16,21.21,21.63,-0.42,-1.94,29197.62,62714.4146
000673.SZ,20160309,21.6,22.08,21.26,21.63,22.41,-0.78,-3.48,27230.48,59010.4375
000673.SZ,20160308,22.95,22.95,21.0,22.41,22.8,-0.39,-1.71,38537.75,84304.2973
000673.SZ,20160307,22.22,22.8,22.22,22.8,22.0,0.8,3.64,32684.43,73754.9208
000673.SZ,20160304,22.85,23.05,21.0,22.0,23.0,-1.0,-4.35,47012.74,103394.7526
000673.SZ,20160303,22.76,23.76,22.67,23.0,22.99,0.01,0.04,46546.82,107741.4668
000673.SZ,20160302,21.59,22.99,21.4,22.99,21.59,1.4,6.48,57204.21,126917.042
000673.SZ,20160301,21.33,21.95,19.87,21.59,21.33,0.26,1.22,51335.26,108721.0833
000673.SZ,20160229,23.1,23.7,21.33,21.33,23.7,-2.37,-10.0,54218.52,117634.8716
000673.SZ,20160226,23.33,23.9,22.66,23.7,23.68,0.02,0.08,51877.78,121751.0677
000673.SZ,20160225,25.96,26.48,23.63,23.68,26.25,-2.57,-9.79,72936.39,179362.412
000673.SZ,20160224,26.27,26.8,25.6,26.25,26.09,0.16,0.61,51386.7,134278.1104
000673.SZ,20160223,26.9,26.9,25.73,26.09,26.9,-0.81,-3.01,55843.56,145859.2924
000673.SZ,20160222,26.7,26.98,26.28,26.9,26.4,0.5,1.89,66143.59,175938.3031
000673.SZ,20160219,26.78,26.99,26.06,26.4,26.85,-0.45,-1.68,59325.14,156615.7566
000673.SZ,20160218,27.0,27.45,26.43,26.85,27.0,-0.15,-0.56,84765.56,228166.0744
000673.SZ,20160217,28.09,28.09,26.32,27.0,27.71,-0.71,-2.56,117711.45,319572.8751
000673.SZ,20160216,26.03,27.71,25.95,27.71,25.19,2.52,10.0,149315.39,407733.418
000673.SZ,20160215,23.5,25.19,23.4,25.19,22.9,2.29,10.0,71125.99,174076.974
000673.SZ,20160205,22.7,23.29,22.3,22.9,22.7,0.2,0.88,39913.83,90919.7276
000673.SZ,20160204,21.78,22.93,21.42,22.7,21.8,0.9,4.13,54666.81,122645.739
000673.SZ,20160203,21.0,22.45,20.81,21.8,20.83,0.97,4.66,48810.84,105665.9623
000673.SZ,20160202,19.89,20.85,19.89,20.83,19.8,1.03,5.2,37489.91,77263.2157
000673.SZ,20160201,20.29,20.63,19.3,19.8,20.3,-0.5,-2.46,39088.15,78506.0895
000673.SZ,20160129,19.01,20.66,19.01,20.3,19.57,0.73,3.73,42356.55,85183.1537
000673.SZ,20160128,19.5,20.72,19.2,19.57,20.0,-0.43,-2.15,45676.74,91547.8044
000673.SZ,20160127,21.15,21.35,18.65,20.0,20.62,-0.62,-3.01,63151.05,124007.8068
000673.SZ,20160126,22.6,22.6,20.61,20.62,22.9,-2.28,-9.96,64483.6,138716.6402
000673.SZ,20160125,22.36,23.16,22.2,22.9,22.21,0.69,3.11,43994.15,100018.3393
000673.SZ,20160122,23.25,23.6,20.78,22.21,23.09,-0.88,-3.81,108702.22,237415.1477
000673.SZ,20160121,24.0,24.5,23.09,23.09,24.61,-1.52,-6.18,44937.5,107080.0551
000673.SZ,20160120,24.0,24.9,23.86,24.61,24.3,0.31,1.28,45443.54,111306.6244
000673.SZ,20160119,23.49,24.58,23.49,24.3,23.3,1.0,4.29,49544.38,119809.4051
000673.SZ,20160118,20.63,24.0,20.63,23.3,21.83,1.47,6.73,51348.61,115219.5529
000673.SZ,20160115,24.1,24.27,21.83,21.83,24.25,-2.42,-9.98,38875.3,89873.5121
000673.SZ,20160114,22.16,24.27,22.03,24.25,23.4,0.85,3.63,37325.77,87513.4159
000673.SZ,20160113,23.47,24.27,22.65,23.4,23.39,0.01,0.04,50245.43,118522.2303
000673.SZ,20160112,22.68,23.68,21.68,23.39,23.26,0.13,0.56,70827.74,161501.1118
000673.SZ,20160111,25.0,25.05,23.26,23.26,25.84,-2.58,-9.98,65584.57,156343.1789
000673.SZ,20160108,26.16,27.0,23.81,25.84,26.37,-0.53,-2.01,70706.41,180816.0423
000673.SZ,20160107,28.82,28.82,26.37,26.37,29.3,-2.93,-10.0,10862.1,29641.4908
000673.SZ,20160106,29.2,30.0,28.2,29.3,28.7,0.6,2.09,45943.34,133026.7885
000673.SZ,20160105,28.81,30.9,28.27,28.7,31.41,-2.71,-8.63,78109.66,229356.2743
000673.SZ,20160104,34.66,34.84,31.41,31.41,34.9,-3.49,-10.0,46385.18,151767.4903
000673.SZ,20151231,33.5,35.25,33.41,34.9,33.46,1.44,4.3,85002.7,293203.7316
000673.SZ,20151230,33.55,33.75,32.82,33.46,33.28,0.18,0.54,43151.93,143309.924
000673.SZ,20151229,33.56,33.95,32.86,33.28,33.56,-0.28,-0.83,39528.28,131108.4649
000673.SZ,20151228,34.7,34.9,33.56,33.56,34.65,-1.09,-3.15,49422.07,168168.5606
000673.SZ,20151225,34.6,34.98,33.9,34.65,34.4,0.25,0.73,32502.89,111468.346
000673.SZ,20151224,35.0,35.33,33.51,34.4,35.35,-0.95,-2.69,44114.07,151206.9646
000673.SZ,20151223,35.05,36.19,35.04,35.35,34.65,0.7,2.02,66263.08,236190.8081
000673.SZ,20151222,35.35,35.6,34.01,34.65,35.26,-0.61,-1.73,59357.9,204937.4432
000673.SZ,20151221,35.35,36.39,34.73,35.26,35.2,0.06,0.17,74626.74,263691.552
000673.SZ,20151218,36.25,36.9,34.85,35.2,36.66,-1.46,-3.98,85527.55,304223.3935
000673.SZ,20151217,35.25,37.26,35.2,36.66,34.85,1.81,5.19,80707.16,293288.2345
000673.SZ,20151216,35.0,35.7,34.68,34.85,35.13,-0.28,-0.8,52776.15,185654.511
000673.SZ,20151215,34.6,35.49,34.57,35.13,34.53,0.6,1.74,50207.02,175969.0207
000673.SZ,20151214,34.0,35.3,33.8,34.53,34.2,0.33,0.96,53249.08,184896.137
000673.SZ,20151211,35.48,36.1,33.5,34.2,36.2,-2.0,-5.52,87087.15,301019.1485
000673.SZ,20151210,36.65,38.15,36.01,36.2,36.8,-0.6,-1.63,63915.84,237859.7091
000673.SZ,20151209,36.15,37.22,35.5,36.8,36.52,0.28,0.77,65665.17,236996.2155
000673.SZ,20151208,37.02,37.5,36.0,36.52,37.4,-0.88,-2.35,89671.86,329063.5569
000673.SZ,20151207,35.11,38.07,35.1,37.4,35.33,2.07,5.86,155083.29,572237.3104
000673.SZ,20151204,36.08,36.1,34.8,35.33,36.39,-1.06,-2.91,106814.54,378152.4507
000673.SZ,20151203,35.0,37.0,35.0,36.39,34.78,1.61,4.63,120428.82,436240.2647
000673.SZ,20151202,33.0,35.0,31.95,34.78,33.7,1.08,3.2,136250.58,458794.4124
000673.SZ,20151201,31.9,35.38,31.6,33.7,32.16,1.54,4.79,202082.59,696176.2202
000673.SZ,20151130,31.1,32.66,29.21,32.16,30.46,1.7,5.58,106272.02,333713.4907
000673.SZ,20151127,33.65,33.97,30.43,30.46,33.81,-3.35,-9.91,90073.4,288482.4134
000673.SZ,20151126,33.28,35.0,32.32,33.81,33.1,0.71,2.15,92874.63,315862.2427
000673.SZ,20151125,32.07,33.33,32.07,33.1,32.06,1.04,3.24,70887.7,233139.4428
000673.SZ,20151124,32.5,32.76,31.5,32.06,32.8,-0.74,-2.26,68443.23,218574.7568
000673.SZ,20151123,32.99,34.25,32.22,32.8,33.18,-0.38,-1.15,123138.8,410408.8368
000673.SZ,20151120,30.59,34.05,30.15,33.18,30.95,2.23,7.21,229953.87,750206.0827
000673.SZ,20151119,29.35,31.17,28.89,30.95,29.35,1.6,5.45,146248.72,441563.262
000673.SZ,20151118,29.55,30.49,28.99,29.35,29.78,-0.43,-1.44,125062.99,373937.672
000673.SZ,20151117,31.24,31.55,28.95,29.78,29.57,0.21,0.71,280085.45,849631.5447
000673.SZ,20151116,28.97,29.57,28.02,29.57,26.88,2.69,10.01,327115.93,952349.1455
000673.SZ,20151113,26.88,26.88,26.88,26.88,24.44,2.44,9.98,5823.78,15654.3206
000673.SZ,20151112,24.44,24.44,24.44,24.44,22.22,2.22,9.99,1033.02,2524.7009
000673.SZ,20151111,22.22,22.22,22.22,22.22,20.2,2.02,10.0,161.31,358.4308
000673.SZ,20151110,20.2,20.2,20.2,20.2,18.36,1.84,10.02,4222.37,8529.1874
000673.SZ,20150825,18.36,18.96,18.36,18.36,20.4,-2.04,-10.0,91270.41,168213.5112
000673.SZ,20150824,20.52,21.67,20.4,20.4,22.67,-2.27,-10.01,42858.23,87830.9225
000673.SZ,20150821,23.97,24.0,22.18,22.67,24.08,-1.41,-5.86,60301.43,139983.7968
000673.SZ,20150820,25.59,25.71,23.55,24.08,25.83,-1.75,-6.78,72236.83,179018.621
000673.SZ,20150819,24.7,26.38,23.38,25.83,25.6,0.23,0.9,78160.16,194422.3088
000673.SZ,20150818,27.5,29.29,25.26,25.6,27.62,-2.02,-7.31,120258.58,334834.8076
000673.SZ,20150817,27.85,27.88,27.1,27.62,27.53,0.09,0.33,58368.18,160710.0245
000673.SZ,20150814,27.78,28.43,27.1,27.53,26.91,0.62,2.3,105367.9,293906.8318
000673.SZ,20150813,26.13,27.1,25.9,26.91,26.31,0.6,2.28,50173.89,133439.4942
000673.SZ,20150812,27.11,27.74,26.25,26.31,27.62,-1.31,-4.74,72130.46,194028.4
000673.SZ,20150811,27.48,28.28,27.1,27.62,26.95,0.67,2.49,90203.52,251017.8736
000673.SZ,20150810,25.1,27.2,25.1,26.95,24.75,2.2,8.89,103157.2,270399.5988
000673.SZ,20150807,24.07,24.98,23.65,24.75,23.63,1.12,4.74,65327.53,159489.3452
000673.SZ,20150806,23.78,24.35,23.18,23.63,24.26,-0.63,-2.6,38226.74,90569.5884
000673.SZ,20150805,25.0,25.3,24.0,24.26,25.17,-0.91,-3.62,76543.98,189347.7161
000673.SZ,20150804,22.05,25.33,22.05,25.17,23.58,1.59,6.74,117487.17,279780.1278
000673.SZ,20150803,25.71,25.71,23.58,23.58,26.2,-2.62,-10.0,61992.09,148812.7526
000673.SZ,20150731,26.5,28.09,25.02,26.2,27.8,-1.6,-5.76,105923.79,277017.5384
000673.SZ,20150730,30.0,30.6,27.5,27.8,30.0,-2.2,-7.33,111065.27,327686.1842
000673.SZ,20150729,28.78,30.0,27.2,30.0,28.2,1.8,6.38,134724.7,381490.4484
000673.SZ,20150728,28.1,30.6,28.1,28.2,31.22,-3.02,-9.67,222982.33,645918.203
000673.SZ,20150727,33.44,35.95,31.22,31.22,34.69,-3.47,-10.0,175341.28,592536.0254
000673.SZ,20150724,36.6,38.16,34.53,34.69,36.25,-1.56,-4.3,160640.24,577275.5337
000673.SZ,20150723,35.68,36.98,34.16,36.25,35.68,0.57,1.6,205399.8,734083.4552
000673.SZ,20150722,34.02,35.68,33.9,35.68,32.44,3.24,9.99,259502.1,908668.5956
000673.SZ,20150721,29.49,32.44,29.49,32.44,29.49,2.95,10.0,155122.37,485028.4018
000673.SZ,20150720,29.56,29.56,26.01,29.49,26.87,2.62,9.75,257750.74,732185.3021
000673.SZ,20150702,26.9,29.72,26.87,26.87,29.85,-2.98,-9.98,58223.6,158089.9724
000673.SZ,20150701,32.0,33.14,29.66,29.85,32.96,-3.11,-9.44,94189.83,296990.6657
000673.SZ,20150630,29.14,33.2,28.84,32.96,32.04,0.92,2.87,141911.6,427215.1522
000673.SZ,20150629,36.1,36.99,32.04,32.04,35.6,-3.56,-10.0,37888.2,125626.8551
000673.SZ,20150626,38.01,39.75,35.45,35.6,39.39,-3.79,-9.62,128417.71,468278.4736
000673.SZ,20150625,40.9,40.9,37.37,39.39,41.08,-1.69,-4.11,52262.46,203576.602
000673.SZ,20150624,41.0,41.9,40.15,41.08,41.7,-0.62,-1.49,38800.17,158762.1267
000673.SZ,20150623,41.0,41.8,37.08,41.7,41.2,0.5,1.21,61466.58,243005.4697
000673.SZ,20150619,41.51,41.51,38.3,41.2,42.55,-1.35,-3.17,44784.46,178339.3688
000673.SZ,20150618,43.15,43.43,41.5,42.55,43.0,-0.45,-1.05,38945.54,166485.7733
000673.SZ,20150617,42.97,44.0,41.22,43.0,42.97,0.03,0.07,54573.15,232499.0021
000673.SZ,20150616,45.4,45.4,42.0,42.97,45.5,-2.53,-5.56,52260.82,225514.3368
000673.SZ,20150615,46.38,46.6,44.7,45.5,46.38,-0.88,-1.9,42845.09,195299.8161
000673.SZ,20150612,44.0,48.2,43.75,46.38,44.89,1.49,3.32,80383.87,366893.1003
000673.SZ,20150611,43.93,45.86,43.4,44.89,44.31,0.58,1.31,91435.89,406543.3182
000673.SZ,20150610,41.0,45.0,40.07,44.31,41.35,2.96,7.16,92853.26,404670.4917
000673.SZ,20150609,42.59,43.18,40.12,41.35,42.6,-1.25,-2.93,70033.01,289043.9669
000673.SZ,20150608,43.9,44.39,41.57,42.6,44.6,-2.0,-4.48,66633.8,283174.1894
000673.SZ,20150605,46.5,47.0,42.8,44.6,45.5,-0.9,-1.98,84600.16,374233.6215
000673.SZ,20150604,45.0,45.78,41.52,45.5,45.8,-0.3,-0.66,48564.45,213321.3292
000673.SZ,20150603,44.8,47.66,42.25,45.8,44.8,1.0,2.23,68523.26,309663.1214
000673.SZ,20150602,42.01,44.98,41.55,44.8,42.01,2.79,6.64,55110.84,240285.9887
000673.SZ,20150601,39.01,42.5,39.0,42.01,39.0,3.01,7.72,80163.25,328995.2713
000673.SZ,20150529,37.9,39.95,35.5,39.0,38.0,1.0,2.63,58337.96,224657.6561
000673.SZ,20150528,39.75,42.3,36.01,38.0,39.72,-1.72,-4.33,86291.89,346641.3015
000673.SZ,20150527,40.11,41.0,38.79,39.72,40.12,-0.4,-1.0,87936.51,347561.3593
000673.SZ,20150526,40.0,40.82,39.38,40.12,39.98,0.14,0.35,78260.21,313598.6129
000673.SZ,20150525,38.0,40.8,38.0,39.98,38.69,1.29,3.33,94557.23,376868.8527
000673.SZ,20150522,36.0,39.0,34.51,38.69,35.72,2.97,8.31,104562.74,378803.7807
000673.SZ,20150521,34.65,36.85,34.1,35.72,34.69,1.03,2.97,61721.47,219206.6125
000673.SZ,20150520,35.19,35.84,34.0,34.69,35.01,-0.32,-0.91,58204.3,202531.6471
000673.SZ,20150519,34.45,37.1,34.0,35.01,34.66,0.35,1.01,77818.07,277411.9106
000673.SZ,20150518,31.7,34.98,31.1,34.66,31.8,2.86,8.99,71838.03,244776.0623
000673.SZ,20150515,29.76,32.6,29.5,31.8,30.05,1.75,5.82,95866.37,298849.4747
000673.SZ,20150514,28.94,30.18,27.61,30.05,28.87,1.18,4.09,82593.48,238030.101
000673.SZ,20150513,29.7,29.88,28.59,28.87,29.7,-0.83,-2.79,43218.96,125766.2047
000673.SZ,20150512,30.18,30.19,29.0,29.7,29.98,-0.28,-0.93,51671.6,152341.1418
000673.SZ,20150511,28.42,30.39,28.4,29.98,28.39,1.59,5.6,77763.01,230777.2006
000673.SZ,20150508,26.68,28.8,26.0,28.39,26.37,2.02,7.66,72875.77,202543.6601
000673.SZ,20150507,24.4,26.78,24.4,26.37,24.9,1.47,5.9,66671.85,171692.9304
000673.SZ,20150506,24.48,25.24,24.28,24.9,24.48,0.42,1.72,31223.84,77671.1877
000673.SZ,20150505,24.95,25.28,24.1,24.48,25.18,-0.7,-2.78,21791.3,53556.4969
000673.SZ,20150504,25.46,25.59,24.79,25.18,25.39,-0.21,-0.83,35581.06,88908.8898
000673.SZ,20150430,25.0,25.88,24.92,25.39,25.55,-0.16,-0.63,22035.45,56257.1269
000673.SZ,20150429,24.82,25.8,24.82,25.55,25.45,0.1,0.39,22397.34,57318.8798
000673.SZ,20150428,26.0,26.0,24.51,25.45,26.08,-0.63,-2.42,33668.82,84959.573
000673.SZ,20150427,26.2,26.68,25.9,26.08,26.2,-0.12,-0.46,37238.4,97555.1048
000673.SZ,20150424,25.99,26.52,25.15,26.2,26.19,0.01,0.04,55516.84,143160.3636
000673.SZ,20150423,26.54,26.72,25.84,26.19,26.71,-0.52,-1.95,54815.95,142812.4345
000673.SZ,20150422,26.32,27.0,26.32,26.71,26.32,0.39,1.48,43229.41,115116.9727
000673.SZ,20150421,25.8,26.6,25.6,26.32,25.96,0.36,1.39,29872.17,78236.7996
000673.SZ,20150420,26.7,27.03,25.41,25.96,27.33,-1.37,-5.01,60753.18,157433.9074
000673.SZ,20150417,28.8,28.8,27.0,27.33,27.6,-0.27,-0.98,57785.4,159113.594
000673.SZ,20150416,25.99,28.59,25.3,27.6,25.99,1.61,6.19,90681.7,246129.7047
000673.SZ,20150415,27.8,28.32,25.6,25.99,27.8,-1.81,-6.51,69042.14,182685.4675
000673.SZ,20150414,28.28,28.5,27.52,27.8,28.49,-0.69,-2.42,39844.65,110754.3932
000673.SZ,20150413,28.64,28.64,28.14,28.49,28.7,-0.21,-0.73,41354.03,117157.3466
000673.SZ,20150410,28.2,28.79,27.4,28.7,27.97,0.73,2.61,56759.4,159766.4565
000673.SZ,20150409,27.5,29.0,26.0,27.97,27.68,0.29,1.05,58794.2,158284.0697
000673.SZ,20150408,27.98,27.98,25.22,27.68,27.99,-0.31,-1.11,75821.28,204109.0909
000673.SZ,20150407,28.4,28.49,27.3,27.99,28.02,-0.03,-0.11,56413.28,156542.8881
000673.SZ,20150403,25.65,28.08,25.65,28.02,25.64,2.38,9.28,81407.11,221599.5412
000673.SZ,20150402,25.65,25.89,24.75,25.64,25.13,0.51,2.03,58925.96,149796.0123
000673.SZ,20150401,24.9,25.63,24.3,25.13,24.14,0.99,4.1,94881.35,236857.6155
000673.SZ,20150331,24.18,24.4,23.61,24.14,24.15,-0.01,-0.04,55410.2,132706.8335
000673.SZ,20150330,24.0,25.0,23.9,24.15,23.96,0.19,0.79,64319.63,156504.0249
000673.SZ,20150327,23.5,24.09,23.5,23.96,23.99,-0.03,-0.13,26350.15,62681.1511
000673.SZ,20150326,23.85,24.15,23.33,23.99,24.16,-0.17,-0.7,45980.04,109441.0128
000673.SZ,20150325,24.15,25.15,23.48,24.16,24.32,-0.16,-0.66,81185.58,196085.3476
000673.SZ,20150324,23.63,24.45,23.0,24.32,23.74,0.58,2.44,118455.63,283373.0922
000673.SZ,20150323,22.52,24.53,22.52,23.74,22.68,1.06,4.67,89841.34,214028.1354
000673.SZ,20150320,21.58,23.7,21.35,22.68,21.58,1.1,5.1,132461.97,300299.374
000673.SZ,20150319,21.76,21.9,21.0,21.58,21.33,0.25,1.17,98387.37,212163.9521
000673.SZ,20150318,20.45,21.99,20.25,21.33,20.44,0.89,4.35,158571.15,339751.8264
000673.SZ,20150317,18.6,20.44,18.43,20.44,18.58,1.86,10.01,114907.8,222655.2979
000673.SZ,20150316,18.32,18.8,18.3,18.58,18.33,0.25,1.36,56764.29,105046.9317
000673.SZ,20150313,18.06,18.44,17.99,18.33,18.15,0.18,0.99,35073.09,63713.6185
000673.SZ,20150312,18.2,18.56,18.04,18.15,18.27,-0.12,-0.66,23780.0,43319.7326
000673.SZ,20150311,18.57,18.88,18.13,18.27,18.4,-0.13,-0.71,55230.74,102077.8844
000673.SZ,20150310,17.64,18.4,17.61,18.4,17.65,0.75,4.25,50938.66,92216.4818
000673.SZ,20150309,17.94,17.95,17.51,17.65,17.95,-0.3,-1.67,25078.0,44358.731
000673.SZ,20150306,18.28,18.44,17.81,17.95,18.3,-0.35,-1.91,26385.2,47510.1513
000673.SZ,20150305,17.9,18.32,17.73,18.3,17.98,0.32,1.78,44332.16,80169.4423
000673.SZ,20150304,17.29,18.14,17.2,17.98,17.3,0.68,3.93,60584.74,107980.4059
000673.SZ,20150303,17.34,17.44,17.13,17.3,17.4,-0.1,-0.57,26691.33,46145.1789
000673.SZ,20150302,17.48,17.5,17.08,17.4,17.41,-0.01,-0.06,35195.53,60570.7606
000673.SZ,20150227,17.28,17.6,17.05,17.41,17.29,0.12,0.69,31403.79,54363.2111
000673.SZ,20150226,17.37,17.37,16.98,17.29,17.39,-0.1,-0.58,42385.23,72498.5017
000673.SZ,20150225,17.88,17.94,17.2,17.39,17.88,-0.49,-2.74,31735.96,55442.979
000673.SZ,20150217,18.08,18.17,17.18,17.88,18.0,-0.12,-0.67,67663.22,118789.1328
000673.SZ,20150216,18.01,18.59,17.8,18.0,17.88,0.12,0.67,82534.81,150271.5545
000673.SZ,20150213,18.02,18.24,17.5,17.88,17.98,-0.1,-0.56,55134.43,98161.8273
000673.SZ,20150212,16.86,18.14,16.86,17.98,16.84,1.14,6.77,110150.37,193520.8576
000673.SZ,20150211,16.41,17.14,16.41,16.84,16.41,0.43,2.62,69702.2,117663.8942
000673.SZ,20150210,15.64,16.5,15.36,16.41,15.69,0.72,4.59,54284.75,87296.4779
000673.SZ,20150209,15.95,16.09,15.51,15.69,15.95,-0.26,-1.63,38194.2,59850.8985
000673.SZ,20150206,15.94,16.5,15.72,15.95,15.94,0.01,0.06,78801.72,127410.8063
000673.SZ,20150205,15.14,16.5,15.1,15.94,15.14,0.8,5.28,107692.51,169783.4087
000673.SZ,20150204,15.04,15.46,15.04,15.14,15.04,0.1,0.66,48042.04,73540.7583
000673.SZ,20150203,14.95,15.15,14.93,15.04,14.93,0.11,0.74,28885.4,43482.7127
000673.SZ,20150202,14.78,15.08,14.65,14.93,14.85,0.08,0.54,41261.46,61725.0514
000673.SZ,20150130,14.7,14.89,14.57,14.85,14.66,0.19,1.3,34290.99,50550.7658
000673.SZ,20150129,14.7,14.8,14.41,14.66,15.06,-0.4,-2.66,62580.1,91555.0469
000673.SZ,20150128,15.66,15.66,14.8,15.06,15.76,-0.7,-4.44,128992.67,194876.1518
000673.SZ,20150127,15.4,16.15,15.14,15.76,15.13,0.63,4.16,93913.11,147913.9227
000673.SZ,20150122,14.82,15.26,14.71,15.13,14.85,0.28,1.89,63203.14,95136.824
000673.SZ,20150121,14.71,14.95,14.43,14.85,14.6,0.25,1.71,86954.37,128195.4841
000673.SZ,20150120,14.3,14.7,14.3,14.6,14.37,0.23,1.6,37525.93,54173.5262
000673.SZ,20150119,14.5,15.01,14.15,14.37,14.91,-0.54,-3.62,22262.77,32629.7219
000673.SZ,20150116,14.34,14.91,13.98,14.91,14.34,0.57,3.97,46881.5,66962.166
000673.SZ,20150115,14.31,14.59,14.25,14.34,14.5,-0.16,-1.1,13886.39,19918.3875
000673.SZ,20150114,14.5,14.67,14.23,14.5,14.66,-0.16,-1.09,19715.85,28362.0455
000673.SZ,20150113,14.79,14.79,14.41,14.66,14.83,-0.17,-1.15,19523.53,28471.0865
000673.SZ,20150112,15.01,15.01,14.28,14.83,15.1,-0.27,-1.79,21581.12,31561.1543
000673.SZ,20150109,15.25,15.33,14.99,15.1,14.99,0.11,0.73,30601.95,46537.8775
000673.SZ,20150108,15.08,15.16,14.83,14.99,15.1,-0.11,-0.73,17528.56,26250.5044
000673.SZ,20150107,15.25,15.25,14.94,15.1,15.24,-0.14,-0.92,17955.96,26985.2647
000673.SZ,20150106,15.28,15.28,14.77,15.24,15.05,0.19,1.26,23615.18,35494.9455
000673.SZ,20150105,15.11,15.56,14.77,15.05,15.07,-0.02,-0.13,36868.28,55538.3576
000673.SZ,20141231,14.0,15.36,13.84,15.07,13.96,1.11,7.95,63162.27,92494.6236
000673.SZ,20141230,13.7,14.08,13.61,13.96,13.71,0.25,1.82,43044.69,59526.1223
000673.SZ,20141229,14.0,14.0,13.48,13.71,14.0,-0.29,-2.07,34553.26,47331.7183
000673.SZ,20141226,13.99,14.07,13.71,14.0,14.1,-0.1,-0.71,28959.4,40201.5061
000673.SZ,20141225,14.08,14.23,13.36,14.1,14.06,0.04,0.28,61026.87,83597.234
000673.SZ,20141224,13.98,14.27,13.68,14.06,13.75,0.31,2.25,37468.89,51869.9476
000673.SZ,20141223,13.75,13.95,13.32,13.75,13.76,-0.01,-0.07,33245.73,45681.9249
000673.SZ,20141222,15.27,15.5,13.74,13.76,15.27,-1.51,-9.89,56907.46,80106.9564
000673.SZ,20141219,15.88,16.03,15.23,15.27,15.88,-0.61,-3.84,32597.35,50523.9769
000673.SZ,20141218,15.91,16.1,15.75,15.88,16.0,-0.12,-0.75,20980.71,33231.3606
000673.SZ,20141217,15.98,16.05,15.48,16.0,16.0,0.0,0.0,43763.36,69011.5842
000673.SZ,20141216,16.27,16.27,15.62,16.0,16.27,-0.27,-1.66,44875.53,71684.9399
000673.SZ,20141215,16.2,16.6,16.1,16.27,16.26,0.01,0.06,38035.94,62177.5399
000673.SZ,20141212,15.67,16.34,15.5,16.26,15.67,0.59,3.77,48236.35,77576.8582
000673.SZ,20141211,15.82,15.97,15.3,15.67,15.78,-0.11,-0.7,59295.29,91968.245
000673.SZ,20141210,15.46,15.85,15.0,15.78,15.46,0.32,2.07,61374.46,96115.9601
000673.SZ,20141209,16.01,16.19,14.91,15.46,15.95,-0.49,-3.07,68959.15,105987.1486
000673.SZ,20141208,15.79,16.32,15.75,15.95,15.69,0.26,1.66,62404.51,99529.7137
000673.SZ,20141205,16.8,16.8,15.5,15.69,16.85,-1.16,-6.88,58138.32,93259.7997
000673.SZ,20141204,16.7,16.96,16.56,16.85,16.7,0.15,0.9,33153.84,55669.0046
000673.SZ,20141203,16.85,16.85,16.26,16.7,16.85,-0.15,-0.89,34987.82,57438.0621
000673.SZ,20141202,16.45,16.99,16.38,16.85,16.78,0.07,0.42,24057.71,40410.7474
000673.SZ,20141201,17.27,17.27,16.01,16.78,17.34,-0.56,-3.23,75950.26,125177.9985
000673.SZ,20141128,18.35,18.35,17.28,17.34,18.51,-1.17,-6.32,80993.23,142846.4683
000673.SZ,20141127,18.42,18.68,18.15,18.51,18.44,0.07,0.38,29908.12,54842.6548
000673.SZ,20141126,18.5,18.9,18.35,18.44,18.5,-0.06,-0.32,20795.92,38588.5413
000673.SZ,20141125,17.77,18.77,17.77,18.5,17.77,0.73,4.11,43097.09,78992.3744
000673.SZ,20141124,18.23,18.23,17.54,17.77,18.04,-0.27,-1.5,35267.75,62777.8182
000673.SZ,20141121,17.83,18.18,17.6,18.04,17.83,0.21,1.18,18132.44,32690.4867
000673.SZ,20141120,18.41,18.41,17.3,17.83,18.4,-0.57,-3.1,32098.95,57260.1944
000673.SZ,20141119,18.48,18.64,18.24,18.4,18.48,-0.08,-0.43,19384.57,35732.9046
000673.SZ,20141118,18.24,18.5,18.24,18.48,18.24,0.24,1.32,10661.95,19613.6778
000673.SZ,20141117,18.11,18.58,18.08,18.24,18.11,0.13,0.72,18552.15,34044.8712
000673.SZ,20141114,18.49,18.67,18.0,18.11,18.51,-0.4,-2.16,14227.57,25990.8018
000673.SZ,20141113,19.19,19.28,18.25,18.51,19.28,-0.77,-3.99,40268.5,74764.8495
000673.SZ,20141112,19.11,19.54,18.76,19.28,19.02,0.26,1.37,35397.02,68115.5531
000673.SZ,20141111,19.1,19.5,18.5,19.02,19.09,-0.07,-0.37,47974.91,91247.2979
000673.SZ,20141110,18.51,19.39,18.46,19.09,18.51,0.58,3.13,35337.53,66632.5325
000673.SZ,20141107,18.46,18.6,18.18,18.51,18.2,0.31,1.7,34893.36,64281.5155
000673.SZ,20141106,17.98,18.64,17.93,18.2,17.93,0.27,1.51,38983.27,71698.6835
000673.SZ,20141105,18.22,18.22,17.85,17.93,18.0,-0.07,-0.39,18878.51,33986.8805
000673.SZ,20141104,18.51,18.66,17.88,18.0,18.5,-0.5,-2.7,31346.83,56955.6474
000673.SZ,20141103,18.55,18.73,18.34,18.5,18.49,0.01,0.05,28802.83,53347.5959
000673.SZ,20141031,18.32,18.56,18.12,18.49,18.45,0.04,0.22,23925.03,44041.4187
000673.SZ,20141030,18.23,18.6,18.09,18.45,18.23,0.22,1.21,33187.58,61160.1538
000673.SZ,20141029,17.98,18.42,17.95,18.23,17.99,0.24,1.33,50909.73,92800.8398
000673.SZ,20141028,17.43,18.26,17.43,17.99,17.4,0.59,3.39,44131.84,79767.8932
000673.SZ,20141027,17.4,17.87,17.2,17.4,17.58,-0.18,-1.02,27311.45,47907.1139
000673.SZ,20141024,17.49,17.87,17.46,17.58,17.56,0.02,0.11,12447.57,21895.566
000673.SZ,20141023,17.92,18.17,17.2,17.56,17.98,-0.42,-2.34,19682.08,34695.4767
000673.SZ,20141022,18.36,18.62,17.9,17.98,18.36,-0.38,-2.07,17870.92,32735.6007
000673.SZ,20141021,17.85,18.67,17.85,18.36,18.01,0.35,1.94,38699.92,71370.8267
000673.SZ,20141020,17.5,18.02,17.0,18.01,17.5,0.51,2.91,31137.3,54865.8162
000673.SZ,20141017,17.78,17.78,17.21,17.5,17.63,-0.13,-0.74,15482.42,27054.8814
000673.SZ,20141016,17.6,17.92,17.47,17.63,17.67,-0.04,-0.23,21620.1,38416.5276
000673.SZ,20141015,18.05,18.05,17.55,17.67,17.89,-0.22,-1.23,26260.47,46460.5213
000673.SZ,20141014,18.16,18.16,17.72,17.89,18.07,-0.18,-1.0,22112.16,39602.5405
000673.SZ,20141013,17.8,18.17,17.56,18.07,17.95,0.12,0.67,21728.85,38769.9276
000673.SZ,20141010,18.1,18.22,17.9,17.95,18.12,-0.17,-0.94,21068.6,37930.3823
000673.SZ,20141009,18.2,18.4,18.0,18.12,18.12,0.0,0.0,25307.17,45948.5004
000673.SZ,20141008,18.77,18.9,17.9,18.12,18.52,-0.4,-2.16,45092.07,81948.0906
000673.SZ,20140930,18.75,18.97,18.5,18.52,18.5,0.02,0.11,33418.51,62316.5559
000673.SZ,20140929,18.22,18.75,18.1,18.5,18.22,0.28,1.54,48412.88,89183.0619
000673.SZ,20140926,18.52,18.52,17.89,18.22,18.62,-0.4,-2.15,53300.51,96494.6278
000673.SZ,20140925,19.11,19.2,18.58,18.62,18.85,-0.23,-1.22,49950.97,94447.2235
000673.SZ,20140924,18.14,19.35,18.0,18.85,17.99,0.86,4.78,52366.91,98703.1805
000673.SZ,20140923,17.6,18.03,17.6,17.99,17.71,0.28,1.58,39045.91,69755.6206
000673.SZ,20140922,17.69,18.09,17.53,17.71,17.89,-0.18,-1.01,29357.91,52225.0854
000673.SZ,20140919,17.3,18.1,17.26,17.89,17.32,0.57,3.29,42754.13,76023.3507
000673.SZ,20140918,17.65,17.65,17.1,17.32,17.65,-0.33,-1.87,51159.13,88492.4161
000673.SZ,20140917,18.15,18.39,16.9,17.65,18.16,-0.51,-2.81,52929.17,93425.4771
000673.SZ,20140916,18.9,19.0,18.11,18.16,18.88,-0.72,-3.81,52008.68,95815.9562
000673.SZ,20140915,19.28,19.46,18.78,18.88,19.28,-0.4,-2.07,34288.36,65348.7221
000673.SZ,20140912,19.1,19.39,19.01,19.28,19.13,0.15,0.78,33120.67,63759.6099
000673.SZ,20140911,19.12,19.37,18.86,19.13,19.15,-0.02,-0.1,32532.14,62131.8628
000673.SZ,20140910,18.81,19.7,18.8,19.15,18.97,0.18,0.95,33010.1,63565.7239
000673.SZ,20140909,19.03,19.2,18.68,18.97,19.02,-0.05,-0.26,36375.76,69126.4367
000673.SZ,20140905,19.3,19.33,18.75,19.02,19.3,-0.28,-1.45,43934.03,83598.2456
000673.SZ,20140904,19.2,19.43,18.74,19.3,18.7,0.6,3.21,138821.84,265743.7181
000673.SZ,20140903,17.47,19.15,17.47,18.7,17.45,1.25,7.16,130259.04,237956.9943
000673.SZ,20140902,17.14,17.62,17.14,17.45,17.28,0.17,0.98,44763.14,78083.5272
000673.SZ,20140901,17.09,17.48,16.4,17.28,17.16,0.12,0.7,51464.9,87313.0163
000673.SZ,20140829,17.0,17.28,16.82,17.16,17.0,0.16,0.94,25928.24,44345.2331
000673.SZ,20140828,17.9,17.9,16.85,17.0,17.93,-0.93,-5.19,38382.14,66567.2142
000673.SZ,20140827,17.5,17.98,17.16,17.93,17.56,0.37,2.11,54744.06,96507.1728
000673.SZ,20140826,17.55,18.19,17.31,17.56,17.75,-0.19,-1.07,89869.11,160037.8156
000673.SZ,20140825,16.88,18.06,16.8,17.75,17.18,0.57,3.32,108001.53,190869.8469
000673.SZ,20140822,16.3,17.89,16.3,17.18,16.26,0.92,5.66,112103.27,194961.5957
000673.SZ,20140821,16.37,16.66,16.13,16.26,16.07,0.19,1.18,62919.25,103235.4072
000673.SZ,20140820,15.9,16.37,15.85,16.07,15.78,0.29,1.84,60315.32,97497.0613
000673.SZ,20140819,15.78,15.88,15.48,15.78,15.58,0.2,1.28,36816.02,57969.3342
000673.SZ,20140818,15.69,15.84,15.47,15.58,15.74,-0.16,-1.02,32732.92,50936.0169
000673.SZ,20140815,15.69,15.96,15.5,15.74,15.69,0.05,0.32,31080.21,48985.9944
000673.SZ,20140814,15.59,16.0,15.33,15.69,15.68,0.01,0.06,36797.03,57884.0721
000673.SZ,20140813,15.81,15.81,15.2,15.68,15.81,-0.13,-0.82,43704.44,67753.728
000673.SZ,20140812,15.45,15.98,15.39,15.81,15.48,0.33,2.13,68812.19,108408.5506
000673.SZ,20140811,14.78,15.5,14.71,15.48,14.79,0.69,4.67,47096.03,71270.9238
000673.SZ,20140808,14.6,14.82,14.42,14.79,14.54,0.25,1.72,23163.57,33978.2893
000673.SZ,20140807,14.65,14.69,14.48,14.54,14.69,-0.15,-1.02,24720.6,36019.6053
000673.SZ,20140806,14.86,14.86,14.51,14.69,14.86,-0.17,-1.14,18281.52,26809.1247
000673.SZ,20140805,14.72,15.0,14.58,14.86,14.62,0.24,1.64,34176.28,50654.9403
000673.SZ,20140804,14.5,14.71,14.48,14.62,14.5,0.12,0.83,16545.99,24196.3459
000673.SZ,20140801,14.6,14.74,14.36,14.5,14.66,-0.16,-1.09,18145.27,26356.0356
000673.SZ,20140731,14.44,14.79,14.44,14.66,14.55,0.11,0.76,20726.18,30357.0254
000673.SZ,20140730,14.62,14.66,14.41,14.55,14.61,-0.06,-0.41,15860.71,23051.4437
000673.SZ,20140729,14.28,14.7,14.19,14.61,14.21,0.4,2.81,35315.72,51084.9479
000673.SZ,20140728,14.03,14.28,14.03,14.21,14.11,0.1,0.71,20096.8,28436.0697
000673.SZ,20140725,14.0,14.25,13.91,14.11,14.1,0.01,0.07,17527.39,24603.6026
000673.SZ,20140724,14.4,14.4,14.03,14.1,14.4,-0.3,-2.08,13812.86,19598.3483
000673.SZ,20140723,14.41,14.59,14.28,14.4,14.5,-0.1,-0.69,20763.75,29916.984
000673.SZ,20140722,14.02,14.51,14.02,14.5,14.19,0.31,2.18,26080.39,37434.8627
000673.SZ,20140721,14.38,14.55,13.93,14.19,14.55,-0.36,-2.47,26289.48,37116.3534
000673.SZ,20140718,14.68,14.77,14.41,14.55,14.7,-0.15,-1.02,24687.39,36052.3017
000673.SZ,20140717,15.08,15.08,14.56,14.7,15.0,-0.3,-2.0,41211.5,60906.2817
000673.SZ,20140716,14.11,15.1,14.11,15.0,14.19,0.81,5.71,66950.79,98451.2109
000673.SZ,20140715,14.05,14.3,13.76,14.19,14.05,0.14,1.0,30357.8,42556.3447
000673.SZ,20140714,14.24,14.4,13.95,14.05,14.25,-0.2,-1.4,19526.22,27583.6181
000673.SZ,20140711,13.86,14.47,13.86,14.25,13.85,0.4,2.89,20351.81,29106.3965
000673.SZ,20140710,14.0,14.22,13.76,13.85,14.12,-0.27,-1.91,29943.52,41671.5047
000673.SZ,20140709,14.45,14.49,14.08,14.12,14.41,-0.29,-2.01,19233.23,27393.8625
000673.SZ,20140708,14.62,14.62,14.04,14.41,14.53,-0.12,-0.83,20747.73,29737.1673
000673.SZ,20140707,14.59,14.75,14.43,14.53,14.62,-0.09,-0.62,12752.16,18628.2581
000673.SZ,20140704,14.53,14.8,14.47,14.62,14.62,0.0,0.0,16463.89,24029.2113
000673.SZ,20140703,14.8,15.09,14.56,14.62,14.85,-0.23,-1.55,27152.38,40027.08
000673.SZ,20140702,14.88,15.18,14.65,14.85,14.78,0.07,0.47,31497.18,46958.2165
000673.SZ,20140701,14.51,15.08,14.36,14.78,14.6,0.18,1.23,30827.06,45498.3768
000673.SZ,20140630,14.48,14.77,14.15,14.6,14.46,0.14,0.97,47061.36,68070.9761
000673.SZ,20140627,14.02,14.5,13.64,14.46,13.99,0.47,3.36,46332.95,65610.6731
000673.SZ,20140626,13.8,14.08,13.8,13.99,13.8,0.19,1.38,19899.76,27799.1211
000673.SZ,20140625,14.19,14.19,13.63,13.8,14.12,-0.32,-2.27,24211.57,33393.1945
000673.SZ,20140624,13.92,14.29,13.9,14.12,13.85,0.27,1.95,26808.2,37835.375
000673.SZ,20140623,13.82,14.1,13.6,13.85,13.79,0.06,0.44,25500.7,35498.8475
000673.SZ,20140620,13.74,13.94,13.63,13.79,13.63,0.16,1.17,35416.88,48909.1894
000673.SZ,20140619,14.46,14.78,13.54,13.63,14.55,-0.92,-6.32,72632.99,102581.026
000673.SZ,20140618,15.18,15.38,14.36,14.55,15.57,-1.02,-6.55,90921.14,134342.497
000673.SZ,20140617,16.7,17.1,15.4,15.57,15.79,-0.22,-1.39,100899.97,162986.891
000673.SZ,20140616,15.7,15.89,15.47,15.79,15.97,-0.18,-1.13,70558.1,110760.5982
000673.SZ,20140613,16.0,16.11,15.76,15.97,16.25,-0.28,-1.72,113986.25,181607.2624
000673.SZ,20140612,15.04,16.39,15.04,16.25,14.9,1.35,9.06,193615.14,311059.6528
000673.SZ,20140611,14.6,15.15,14.39,14.9,14.69,0.21,1.43,39868.44,59366.2913
000673.SZ,20140610,14.03,14.75,14.03,14.69,14.2,0.49,3.45,39113.52,56559.6046
000673.SZ,20140609,14.88,14.88,13.9,14.2,14.82,-0.62,-4.18,39718.81,57274.8729
000673.SZ,20140606,14.71,14.89,14.6,14.82,14.75,0.07,0.47,27678.96,40861.7207
000673.SZ,20140605,14.53,14.77,14.49,14.75,14.61,0.14,0.96,23477.81,34411.5177
000673.SZ,20140604,14.7,14.95,14.41,14.61,14.85,-0.24,-1.62,43029.33,62670.5596
000673.SZ,20140603,14.9,15.0,14.61,14.85,15.07,-0.22,-1.46,38027.93,56372.7998
000673.SZ,20140530,14.81,15.1,14.32,15.07,15.0,0.07,0.47,76377.69,111344.781
000673.SZ,20140529,16.1,16.31,15.0,15.0,16.23,-1.23,-7.58,80910.46,125373.5205
000673.SZ,20140528,16.18,16.53,16.11,16.23,16.17,0.06,0.37,54734.15,89004.3932
000673.SZ,20140527,16.5,16.75,16.09,16.17,16.53,-0.36,-2.18,63656.54,103499.5674
000673.SZ,20140526,16.0,16.6,15.9,16.53,16.0,0.53,3.31,72601.12,118541.7907
000673.SZ,20140523,15.5,16.06,15.46,16.0,15.51,0.49,3.16,69488.73,110370.3039
000673.SZ,20140522,15.9,16.03,15.5,15.51,15.94,-0.43,-2.7,50000.05,78649.9076
000673.SZ,20140521,15.81,16.03,15.58,15.94,15.81,0.13,0.82,41377.82,65455.8803
000673.SZ,20140520,15.57,16.15,15.32,15.81,15.63,0.18,1.15,44541.65,70431.1279
000673.SZ,20140519,16.1,16.44,15.51,15.63,16.26,-0.63,-3.87,59172.93,93898.2422
000673.SZ,20140516,15.77,16.68,15.6,16.26,16.31,-0.05,-0.31,103991.42,168706.9747
000673.SZ,20140515,17.4,17.4,16.1,16.31,16.68,-0.37,-2.22,144865.05,240950.8047
000673.SZ,20140514,16.3,17.19,16.0,16.68,16.4,0.28,1.71,149907.4,249521.9266
000673.SZ,20140513,16.09,16.6,15.62,16.4,16.3,0.1,0.61,144599.29,233216.2784
000673.SZ,20140512,16.61,16.89,15.89,16.3,17.22,-0.92,-5.34,159232.64,259847.3645
000673.SZ,20140509,17.0,17.5,16.07,17.22,16.59,0.63,3.8,250474.54,422980.2862
000673.SZ,20140430,15.7,16.59,15.3,16.59,15.08,1.51,10.01,303322.56,493356.5736
000673.SZ,20140429,14.73,15.18,13.39,15.08,14.88,0.2,1.34,150618.41,213160.4576
000673.SZ,20140428,14.7,15.45,14.4,14.88,14.85,0.03,0.2,208285.16,313318.9227
000673.SZ,20140425,14.45,15.29,14.09,14.85,14.59,0.26,1.78,246505.31,363098.7233
000673.SZ,20140424,14.59,15.34,14.18,14.59,14.08,0.51,3.62,303635.65,443270.9979
000673.SZ,20140423,13.1,14.08,12.85,14.08,12.8,1.28,10.0,240522.5,331426.5047
000673.SZ,20140422,11.99,13.08,11.88,12.8,12.05,0.75,6.22,185359.06,231655.103
000673.SZ,20140421,11.38,12.14,11.37,12.05,11.55,0.5,4.33,166442.46,197333.0311
000673.SZ,20140418,11.81,12.16,11.52,11.55,12.35,-0.8,-6.48,222800.5,263654.9668
000673.SZ,20140417,12.88,13.31,12.35,12.35,13.72,-1.37,-9.99,249841.96,320697.036
000673.SZ,20140416,13.72,13.72,13.51,13.72,12.47,1.25,10.02,303049.88,415661.8589
000673.SZ,20140321,11.82,12.5,11.82,12.47,12.07,0.4,3.31,169129.83,207222.45
000673.SZ,20140320,12.19,12.46,11.81,12.07,12.19,-0.12,-0.98,43899.33,53029.9543
000673.SZ,20140319,12.01,12.26,12.01,12.19,12.1,0.09,0.74,34957.59,42461.9782
000673.SZ,20140318,12.21,12.21,11.93,12.1,12.13,-0.03,-0.25,28348.33,34094.0964
000673.SZ,20140317,12.0,12.28,11.83,12.13,12.12,0.01,0.08,30289.97,36460.9012
000673.SZ,20140314,12.05,12.34,11.63,12.12,12.23,-0.11,-0.9,87027.34,105157.123
000673.SZ,20140313,12.39,12.59,12.1,12.23,12.4,-0.17,-1.37,132161.05,163658.6908
000673.SZ,20140312,13.18,13.18,12.13,12.4,12.65,-0.25,-1.98,128632.49,160586.4734
000673.SZ,20140311,11.54,12.69,11.28,12.65,11.54,1.11,9.62,124565.35,151605.3419
000673.SZ,20140310,11.6,11.61,11.2,11.54,11.54,0.0,0.0,48825.52,56104.9319
000673.SZ,20140307,11.46,11.79,11.45,11.54,11.56,-0.02,-0.17,29201.28,33866.5978
000673.SZ,20140306,11.43,11.64,11.27,11.56,11.45,0.11,0.96,36619.31,42235.5938
000673.SZ,20140305,11.55,11.8,11.4,11.45,11.56,-0.11,-0.95,36660.51,42607.7606
000673.SZ,20140304,11.55,11.75,11.5,11.56,11.66,-0.1,-0.86,35090.33,40794.6904
000673.SZ,20140303,11.94,12.07,11.52,11.66,12.0,-0.34,-2.83,60941.24,71201.3194
000673.SZ,20140228,11.33,12.35,10.85,12.0,11.33,0.67,5.91,113103.72,129855.4587
000673.SZ,20140227,11.77,11.94,11.32,11.33,11.76,-0.43,-3.66,44269.91,51482.8565
000673.SZ,20140226,11.44,11.97,11.23,11.76,11.45,0.31,2.71,45719.72,52646.8226
000673.SZ,20140225,12.2,12.37,11.41,11.45,12.25,-0.8,-6.53,53947.14,64746.8291
000673.SZ,20140224,12.55,12.58,11.72,12.25,12.25,0.0,0.0,43096.88,52022.0125
000673.SZ,20140221,11.52,12.25,11.52,12.25,11.67,0.58,4.97,90444.68,108809.8651
000673.SZ,20140220,11.79,11.94,11.31,11.67,11.82,-0.15,-1.27,47156.85,54837.1644
000673.SZ,20140219,11.88,11.96,11.49,11.82,11.92,-0.1,-0.84,61079.98,71664.9109
000673.SZ,20140218,12.44,12.44,11.88,11.92,12.38,-0.46,-3.72,64074.2,77407.4929
000673.SZ,20140217,12.44,12.48,12.22,12.38,12.54,-0.16,-1.28,43777.89,54132.9503
000673.SZ,20140214,12.16,12.55,12.16,12.54,12.25,0.29,2.37,51868.69,64393.9805
000673.SZ,20140213,12.2,12.6,11.8,12.25,12.1,0.15,1.24,58026.51,71235.6742
000673.SZ,20140212,12.21,12.35,12.05,12.1,12.2,-0.1,-0.82,40475.11,49187.4149
000673.SZ,20140211,11.85,12.59,11.85,12.2,12.0,0.2,1.67,56507.93,69243.2935
000673.SZ,20140210,11.22,12.28,11.2,12.0,11.2,0.8,7.14,72508.4,85814.1074
000673.SZ,20140207,11.11,11.3,10.92,11.2,11.23,-0.03,-0.27,21944.25,24380.5537
000673.SZ,20140130,11.15,11.25,10.65,11.23,11.18,0.05,0.45,25670.15,28277.434
000673.SZ,20140129,11.09,11.38,11.09,11.18,11.15,0.03,0.27,24214.49,27058.0675
000673.SZ,20140128,11.36,11.5,11.0,11.15,11.44,-0.29,-2.54,29899.37,33421.8107
000673.SZ,20140127,11.45,11.58,11.34,11.44,11.51,-0.07,-0.61,28605.47,32744.3515
000673.SZ,20140124,11.0,11.75,10.92,11.51,11.01,0.5,4.54,49375.8,56534.9756
000673.SZ,20140123,11.0,11.07,10.82,11.01,10.97,0.04,0.36,40103.87,44030.3783
000673.SZ,20140122,10.59,11.0,10.5,10.97,10.57,0.4,3.78,47937.87,51956.4577
000673.SZ,20140121,10.34,10.59,10.26,10.57,10.34,0.23,2.22,23934.69,24902.7461
000673.SZ,20140120,10.9,10.9,10.0,10.34,10.82,-0.48,-4.44,52845.9,54706.3665
000673.SZ,20140117,11.06,11.09,10.8,10.82,11.01,-0.19,-1.73,24749.27,26995.8323
000673.SZ,20140116,11.0,11.25,10.9,11.01,11.1,-0.09,-0.81,43699.47,48401.8713
000673.SZ,20140115,10.51,11.2,10.35,11.1,10.71,0.39,3.64,62959.07,67741.438
000673.SZ,20140114,10.79,11.06,10.4,10.71,10.78,-0.07,-0.65,72540.76,78006.8872
000673.SZ,20140113,10.43,10.88,10.24,10.78,10.44,0.34,3.26,56085.22,58949.9664
000673.SZ,20140110,10.09,10.68,10.03,10.44,10.3,0.14,1.36,93971.96,97738.4253
000673.SZ,20140109,9.35,10.31,9.33,10.3,9.37,0.93,9.93,113161.33,115289.6801
000673.SZ,20140108,9.26,9.37,9.16,9.37,9.25,0.12,1.3,22168.85,20552.7171
000673.SZ,20140107,9.22,9.37,9.1,9.25,9.23,0.02,0.22,14733.33,13620.9225
000673.SZ,20140106,9.58,9.6,9.06,9.23,9.53,-0.3,-3.15,21929.87,20386.0731
000673.SZ,20140103,9.53,9.65,9.3,9.53,9.65,-0.12,-1.24,37748.42,35800.1106
000673.SZ,20140102,9.8,9.88,9.2,9.65,9.53,0.12,1.26,91536.42,87051.004
000673.SZ,20131231,8.65,9.53,8.65,9.53,8.66,0.87,10.05,56197.06,52492.2194
000673.SZ,20131230,8.79,8.79,8.55,8.66,8.73,-0.07,-0.8,13048.07,11235.2619
000673.SZ,20131227,8.41,8.76,8.41,8.73,8.51,0.22,2.59,15433.11,13340.0127
000673.SZ,20131226,8.72,8.85,8.45,8.51,8.78,-0.27,-3.08,14302.1,12335.2382
000673.SZ,20131225,8.65,8.81,8.55,8.78,8.76,0.02,0.23,9126.9,7927.6114
000673.SZ,20131224,8.86,8.88,8.55,8.76,8.72,0.04,0.46,12204.7,10633.5442
000673.SZ,20131223,8.53,8.78,8.5,8.72,8.53,0.19,2.23,15782.74,13661.3875
000673.SZ,20131220,8.71,8.88,8.26,8.53,8.76,-0.23,-2.63,17905.5,15223.613
000673.SZ,20131219,8.9,9.09,8.71,8.76,8.96,-0.2,-2.23,12825.0,11452.704
000673.SZ,20131218,9.1,9.17,8.83,8.96,9.1,-0.14,-1.54,15928.73,14267.9558
000673.SZ,20131217,9.0,9.14,8.93,9.1,9.04,0.06,0.66,18388.54,16637.942
000673.SZ,20131216,8.9,9.17,8.85,9.04,9.0,0.04,0.44,27905.37,25168.1281
000673.SZ,20131213,8.84,9.26,8.7,9.0,8.88,0.12,1.35,34974.42,31624.5019
000673.SZ,20131212,8.5,8.89,8.48,8.88,8.54,0.34,3.98,20212.52,17676.1973
000673.SZ,20131211,8.76,8.87,8.5,8.54,8.85,-0.31,-3.5,18848.53,16328.4663
000673.SZ,20131210,8.84,9.07,8.66,8.85,8.87,-0.02,-0.23,19420.88,17153.4796
000673.SZ,20131209,8.64,9.09,8.5,8.87,8.72,0.15,1.72,41697.52,37202.9805
000673.SZ,20131206,8.2,8.76,8.2,8.72,8.27,0.45,5.44,35793.6,30264.4844
000673.SZ,20131205,8.16,8.34,8.06,8.27,8.21,0.06,0.73,21813.16,17907.4615
000673.SZ,20131204,8.15,8.34,8.05,8.21,8.2,0.01,0.12,32585.5,26815.5346
000673.SZ,20131203,8.42,8.42,7.61,8.2,8.44,-0.24,-2.84,44397.34,35391.3062
000673.SZ,20131202,9.23,9.23,8.44,8.44,9.38,-0.94,-10.02,51236.0,43910.9945
000673.SZ,20131129,9.31,9.43,9.29,9.38,9.3,0.08,0.86,17688.18,16536.904
000673.SZ,20131128,9.3,9.42,9.2,9.3,9.3,0.0,0.0,20110.69,18787.1522
000673.SZ,20131127,9.26,9.44,9.23,9.3,9.32,-0.02,-0.21,18036.71,16821.559
000673.SZ,20131126,9.48,9.5,9.27,9.32,9.47,-0.15,-1.58,23115.67,21675.7748
000673.SZ,20131125,9.15,9.89,9.15,9.47,9.17,0.3,3.27,54828.44,52740.7472
000673.SZ,20131122,9.02,9.19,8.92,9.17,9.0,0.17,1.89,25390.48,23104.7681
000673.SZ,20131121,9.14,9.18,8.81,9.0,9.14,-0.14,-1.53,22559.12,20344.9498
000673.SZ,20131120,9.09,9.15,8.93,9.14,9.09,0.05,0.55,19412.38,17524.3286
000673.SZ,20131119,8.99,9.27,8.91,9.09,9.11,-0.02,-0.22,29856.58,27196.0606
000673.SZ,20131118,8.85,9.2,8.56,9.11,8.85,0.26,2.94,49193.21,43548.7171
000673.SZ,20131115,8.74,9.05,8.68,8.85,8.73,0.12,1.37,25130.63,22308.6992
000673.SZ,20131114,9.25,9.25,8.5,8.73,9.25,-0.52,-5.6216,52444.25,45979.0464
000673.SZ,20131113,9.94,9.94,9.25,9.25,9.94,-0.69,-6.94,36954.48,34932.9034
000673.SZ,20131112,9.98,10.15,9.9,9.94,10.08,-0.14,-1.39,8539.73,8517.4756
000673.SZ,20131111,9.99,10.18,9.92,10.08,9.95,0.13,1.31,13244.89,13248.9424
000673.SZ,20131108,10.24,10.27,9.8,9.95,10.1,-0.15,-1.49,9593.34,9624.0602
000673.SZ,20131107,10.22,10.4,10.1,10.1,10.34,-0.24,-2.32,13227.76,13547.8711
000673.SZ,20131106,10.47,10.62,10.32,10.34,10.46,-0.12,-1.15,17886.5,18727.8954
000673.SZ,20131105,10.43,10.58,10.32,10.46,10.43,0.03,0.29,22280.19,23334.5131
000673.SZ,20131104,10.38,10.68,10.2,10.43,10.36,0.07,0.68,23941.01,24958.3175
000673.SZ,20131101,10.45,11.0,10.26,10.36,10.47,-0.11,-1.05,44636.2,47372.4764
000673.SZ,20131031,9.76,10.78,9.72,10.47,9.84,0.63,6.4,37504.82,38613.445
000673.SZ,20131030,9.5,9.87,9.29,9.84,9.53,0.31,3.25,26387.24,25207.1328
000673.SZ,20131029,9.48,9.84,9.3,9.53,9.47,0.06,0.63,38896.74,36915.5541
000673.SZ,20131028,9.66,9.7,9.32,9.47,9.66,-0.19,-1.97,29279.15,27671.6717
000673.SZ,20131025,10.02,10.2,9.31,9.66,10.02,-0.36,-3.59,46462.31,44692.9135
000673.SZ,20131024,10.0,10.1,9.83,10.02,10.0,0.02,0.2,20948.54,20907.1945
000673.SZ,20131023,10.56,10.68,9.83,10.0,10.54,-0.54,-5.12,49797.99,50537.5167
000673.SZ,20131022,11.42,11.42,10.53,10.54,11.4,-0.86,-7.54,53655.7,58584.7676
000673.SZ,20131021,11.15,11.54,11.12,11.4,11.19,0.21,1.88,30266.74,34313.7997
000673.SZ,20131018,10.86,11.3,10.69,11.19,10.82,0.37,3.42,40482.68,44810.5184
000673.SZ,20131017,11.08,11.18,10.8,10.82,11.08,-0.26,-2.35,33590.89,36893.4284
000673.SZ,20131016,11.61,11.61,10.9,11.08,11.45,-0.37,-3.23,44075.29,49078.8005
000673.SZ,20131015,11.7,11.78,11.1,11.45,11.68,-0.23,-1.97,51998.18,59157.3532
000673.SZ,20131014,11.83,11.83,11.4,11.68,11.83,-0.15,-1.27,44373.26,51322.3583
000673.SZ,20131011,11.72,12.15,11.43,11.83,11.71,0.12,1.02,43370.09,50717.4353
000673.SZ,20131010,12.3,12.37,11.7,11.71,12.37,-0.66,-5.34,54762.84,65639.0016
000673.SZ,20131009,12.3,12.45,12.0,12.37,12.49,-0.12,-0.96,48846.18,59504.1807
000673.SZ,20131008,12.63,12.72,12.23,12.49,12.58,-0.09,-0.72,29096.11,36386.2627
000673.SZ,20130930,12.05,12.66,12.0,12.58,12.05,0.53,4.4,51616.14,64079.9214
000673.SZ,20130927,12.38,12.49,11.72,12.05,12.25,-0.2,-1.63,60981.48,73488.9137
000673.SZ,20130926,12.75,13.35,12.2,12.25,12.94,-0.69,-5.33,60291.22,76865.3639
000673.SZ,20130925,13.05,13.28,12.7,12.94,13.1,-0.16,-1.22,74719.63,96881.7986
000673.SZ,20130924,12.0,13.28,11.92,13.1,12.14,0.96,7.91,97454.99,123860.6915
000673.SZ,20130923,12.2,12.32,11.74,12.14,12.2,-0.06,-0.49,50300.66,60541.0713
000673.SZ,20130918,12.1,12.75,11.75,12.2,12.27,-0.07,-0.57,64212.64,78506.1533
000673.SZ,20130917,12.0,12.87,11.81,12.27,12.05,0.22,1.83,92818.03,115316.2779
000673.SZ,20130916,11.22,12.09,11.04,12.05,11.2,0.85,7.59,66166.79,76485.1952
000673.SZ,20130913,11.06,11.32,11.0,11.2,11.08,0.12,1.08,34066.97,38002.309
000673.SZ,20130912,11.37,11.42,11.08,11.08,11.35,-0.27,-2.38,36673.73,41100.9794
000673.SZ,20130911,11.3,11.35,10.92,11.35,11.15,0.2,1.79,46321.88,51296.0548
000673.SZ,20130910,11.17,11.37,10.9,11.15,11.05,0.1,0.91,45700.22,50717.1125
000673.SZ,20130909,11.59,11.67,10.88,11.05,11.49,-0.44,-3.83,73514.84,82139.6213
000673.SZ,20130906,11.4,11.83,11.37,11.49,11.65,-0.16,-1.37,67065.27,77095.6968
000673.SZ,20130905,11.36,12.0,11.21,11.65,11.36,0.29,2.55,77831.48,90194.9542
000673.SZ,20130904,12.09,12.16,11.31,11.36,12.09,-0.73,-6.04,85520.55,100212.5634
000673.SZ,20130903,11.42,12.2,11.42,12.09,11.65,0.44,3.78,82003.48,97613.0849
000673.SZ,20130902,11.15,12.08,11.15,11.65,11.93,-0.28,-2.35,100702.31,116637.0072
000673.SZ,20130830,12.18,12.72,11.77,11.93,11.72,0.21,1.79,207415.9,253757.6512
000673.SZ,20130829,10.54,11.72,10.3,11.72,10.65,1.07,10.05,171471.6,191494.9699
000673.SZ,20130828,9.91,10.97,9.9,10.65,10.03,0.62,6.18,141164.31,148105.4532
000673.SZ,20130827,10.01,10.23,9.8,10.03,10.13,-0.1,-0.99,62704.75,62633.8024
000673.SZ,20130826,10.2,10.52,9.92,10.13,10.05,0.08,0.8,109476.89,111628.0331
000673.SZ,20130823,9.92,10.06,9.65,10.05,9.94,0.11,1.11,95264.27,94299.1639
000673.SZ,20130822,9.61,10.15,9.47,9.94,9.64,0.3,3.11,99127.35,97605.4102
000673.SZ,20130821,9.73,9.82,9.45,9.64,9.83,-0.19,-1.93,60341.01,58002.9359
000673.SZ,20130820,9.46,9.99,9.4,9.83,9.47,0.36,3.8,85911.46,83908.1127
000673.SZ,20130819,9.1,9.58,8.97,9.47,9.37,0.1,1.07,52377.7,49101.881
000673.SZ,20130816,9.6,10.03,9.35,9.37,9.8,-0.43,-4.39,135145.7,132440.7422
000673.SZ,20130815,9.22,9.83,8.99,9.8,9.2,0.6,6.52,134806.89,126102.8162
000673.SZ,20130814,9.09,9.36,9.01,9.2,9.18,0.02,0.22,57573.7,52716.0933
000673.SZ,20130813,9.01,9.27,8.91,9.18,8.98,0.2,2.23,53653.57,48999.1222
000673.SZ,20130812,9.1,9.19,8.79,8.98,9.2,-0.22,-2.39,76528.2,68590.9666
000673.SZ,20130809,9.6,9.67,8.83,9.2,9.65,-0.45,-4.66,85154.54,78639.8121
000673.SZ,20130808,9.45,9.82,9.33,9.65,9.65,0.0,0.0,80990.12,77467.2922
000673.SZ,20130807,9.95,10.25,9.6,9.65,9.95,-0.3,-3.02,67741.61,66643.2623
000673.SZ,20130806,9.85,10.25,9.83,9.95,9.81,0.14,1.43,87237.58,87171.6624
000673.SZ,20130805,9.75,9.91,9.58,9.81,9.96,-0.15,-1.51,78955.71,76929.2877
000673.SZ,20130802,9.69,10.56,9.4,9.96,9.75,0.21,2.15,151337.38,151428.6429
000673.SZ,20130801,9.62,9.81,9.35,9.75,9.37,0.38,4.06,133594.11,128843.54
000673.SZ,20130731,10.12,10.43,9.26,9.37,10.05,-0.68,-6.77,132392.44,129788.7061
000673.SZ,20130730,10.64,10.79,9.7,10.05,10.7,-0.65,-6.07,167713.11,170089.3851
000673.SZ,20130729,9.96,11.06,9.6,10.7,10.05,0.65,6.47,233956.73,247796.5711
000673.SZ,20130726,9.79,10.4,9.71,10.05,9.82,0.23,2.34,169752.57,169720.2682
000673.SZ,20130725,10.16,10.3,9.5,9.82,10.29,-0.47,-4.57,204762.71,202907.0099
000673.SZ,20130724,9.97,10.65,9.7,10.29,9.68,0.61,6.3,240811.15,244625.7545
000673.SZ,20130723,8.69,9.68,8.62,9.68,8.8,0.88,10.0,194403.31,180444.6983
000673.SZ,20130722,7.95,8.82,7.85,8.8,8.2,0.6,7.32,220855.08,186455.0457
000673.SZ,20130719,7.79,8.33,7.5,8.2,7.57,0.63,8.32,250898.07,199576.4074
000673.SZ,20130718,7.57,7.57,7.37,7.57,6.88,0.69,10.03,188439.46,142330.8405
000673.SZ,20130717,6.91,6.99,6.82,6.88,6.94,-0.06,-0.86,26858.54,18488.4747
000673.SZ,20130716,6.99,7.02,6.83,6.94,7.07,-0.13,-1.84,27224.64,18877.088
000673.SZ,20130715,7.18,7.18,6.9,7.07,7.16,-0.09,-1.26,41624.03,29062.2458
000673.SZ,20130712,7.31,7.45,7.1,7.16,7.25,-0.09,-1.24,53092.24,38454.8603
000673.SZ,20130711,6.98,7.5,6.86,7.25,6.98,0.27,3.87,63178.37,45358.0811
000673.SZ,20130710,7.15,7.15,6.92,6.98,6.96,0.02,0.29,26918.03,18852.8999
000673.SZ,20130709,6.82,7.2,6.81,6.96,6.99,-0.03,-0.43,40523.81,28414.6215
000673.SZ,20130708,7.2,7.2,6.61,6.99,7.11,-0.12,-1.69,45832.86,31657.3475
000673.SZ,20130705,6.96,7.24,6.96,7.11,7.04,0.07,0.99,30761.75,21931.9401
000673.SZ,20130704,6.75,7.12,6.66,7.04,6.83,0.21,3.07,28703.74,20035.0506
000673.SZ,20130703,6.85,6.98,6.69,6.83,6.88,-0.05,-0.73,24738.52,16834.5944
000673.SZ,20130702,6.85,6.99,6.75,6.88,6.85,0.03,0.44,27101.4,18601.6778
000673.SZ,20130701,6.37,6.89,6.22,6.85,6.42,0.43,6.7,39347.5,25993.0811
000673.SZ,20130628,6.18,6.47,6.05,6.42,6.19,0.23,3.72,29092.62,18233.3541
000673.SZ,20130627,6.0,6.37,6.0,6.19,5.97,0.22,3.69,36888.74,22883.9251
000673.SZ,20130626,5.43,5.97,5.43,5.97,5.43,0.54,9.94,43988.65,25680.4249
000673.SZ,20130625,5.51,5.58,5.11,5.43,5.52,-0.09,-1.63,31976.23,17128.5206
000673.SZ,20130624,6.04,6.04,5.4,5.52,6.0,-0.48,-8.0,22451.99,12648.4535
000673.SZ,20130621,6.06,6.06,5.56,6.0,6.08,-0.08,-1.32,21483.98,12602.1709
000673.SZ,20130620,6.3,6.3,6.0,6.08,6.34,-0.26,-4.1,16997.86,10459.7084
000673.SZ,20130619,6.49,6.57,6.25,6.34,6.57,-0.23,-3.5,22956.36,14642.6859
000673.SZ,20130618,6.41,6.68,6.41,6.57,6.6,-0.03,-0.45,15129.4,9932.0333
000673.SZ,20130617,6.7,6.78,6.6,6.6,6.73,-0.13,-1.93,13502.0,9050.3951
000673.SZ,20130614,6.62,6.78,6.62,6.73,6.64,0.09,1.36,8386.05,5629.3841
000673.SZ,20130613,7.0,7.0,6.53,6.64,7.02,-0.38,-5.41,20811.58,13949.8557
000673.SZ,20130607,6.98,7.06,6.9,7.02,6.98,0.04,0.57,21746.26,15204.7576
000673.SZ,20130606,7.02,7.15,6.95,6.98,7.1,-0.12,-1.69,15908.38,11213.2882
000673.SZ,20130605,7.15,7.21,7.01,7.1,7.16,-0.06,-0.84,13861.1,9835.6953
000673.SZ,20130604,7.18,7.38,7.1,7.16,7.23,-0.07,-0.97,21848.83,15846.9683
000673.SZ,20130603,7.4,7.48,7.18,7.23,7.4,-0.17,-2.3,22603.55,16506.862
000673.SZ,20130531,7.53,7.64,7.38,7.4,7.5,-0.1,-1.33,26821.31,20046.8378
000673.SZ,20130530,7.41,7.54,7.36,7.5,7.49,0.01,0.13,20489.75,15269.3411
000673.SZ,20130529,7.32,7.62,7.3,7.49,7.41,0.08,1.08,35942.14,26753.05
000673.SZ,20130528,7.07,7.5,6.94,7.41,7.07,0.34,4.81,56654.45,41058.7095
000673.SZ,20130527,6.88,7.09,6.81,7.07,6.87,0.2,2.91,26220.04,18250.4878
000673.SZ,20130524,6.74,6.98,6.61,6.87,6.74,0.13,1.93,20678.9,14240.4189
000673.SZ,20130523,6.85,6.88,6.67,6.74,6.89,-0.15,-2.18,21987.29,14847.4387
000673.SZ,20130522,6.96,7.15,6.8,6.89,7.06,-0.17,-2.41,40417.68,28069.4596
000673.SZ,20130521,6.88,7.18,6.8,7.06,6.98,0.08,1.15,42093.85,29695.0915
000673.SZ,20130520,6.8,7.2,6.38,6.98,6.59,0.39,5.92,69567.21,46856.18
000673.SZ,20130516,6.65,6.65,6.51,6.59,6.61,-0.02,-0.3,23065.21,15172.0889
000673.SZ,20130515,6.54,6.66,6.47,6.61,6.5,0.11,1.69,13727.47,9030.1988
000673.SZ,20130514,6.6,6.67,6.43,6.5,6.56,-0.06,-0.91,21816.46,14256.0817
000673.SZ,20130513,6.25,6.56,6.25,6.56,6.25,0.31,4.96,29166.66,18744.9734
000673.SZ,20130510,6.23,6.26,6.19,6.25,6.23,0.02,0.32,17014.05,10590.571
000673.SZ,20130509,6.19,6.29,6.16,6.23,6.19,0.04,0.65,17659.29,10991.8351
000673.SZ,20130508,6.22,6.23,6.15,6.19,6.23,-0.04,-0.64,9997.99,6186.4023
000673.SZ,20130507,6.23,6.25,6.08,6.23,6.21,0.02,0.32,16444.99,10135.4562
000673.SZ,20130506,6.24,6.27,6.16,6.21,6.21,0.0,0.0,14600.17,9062.455
000673.SZ,20130503,6.17,6.25,6.12,6.21,6.17,0.04,0.65,14459.52,8966.4648
000673.SZ,20130502,6.09,6.23,6.09,6.17,6.19,-0.02,-0.32,8182.3,5045.4443
000673.SZ,20130426,6.35,6.36,6.16,6.19,6.29,-0.1,-1.59,10269.24,6390.8518
000673.SZ,20130425,6.52,6.52,6.21,6.29,6.48,-0.19,-2.93,21496.64,13645.3649
000673.SZ,20130424,6.4,6.48,6.22,6.48,6.35,0.13,2.05,17451.32,11123.8733
000673.SZ,20130423,6.38,6.54,6.3,6.35,6.33,0.02,0.32,21625.0,13844.7028
000673.SZ,20130422,6.25,6.35,6.19,6.33,6.29,0.04,0.64,13795.87,8656.096
000673.SZ,20130419,6.21,6.48,6.16,6.29,6.2,0.09,1.45,37288.05,23666.5335
000673.SZ,20130418,5.92,6.2,5.82,6.2,5.9,0.3,5.08,35254.64,21561.004
000673.SZ,20130417,5.85,5.94,5.81,5.9,5.85,0.05,0.85,10741.44,6300.1238
000673.SZ,20130416,5.8,5.95,5.8,5.85,6.1,-0.25,-4.1,29234.57,17065.1536
000673.SZ,20130320,5.86,6.12,5.86,6.1,5.9,0.2,3.39,27630.83,16736.3469
000673.SZ,20130319,5.84,5.95,5.8,5.9,5.84,0.06,1.03,14870.13,8777.4509
000673.SZ,20130318,5.78,5.9,5.78,5.84,5.84,0.0,0.0,7905.1,4627.5492
000673.SZ,20130315,5.82,5.96,5.75,5.84,5.81,0.03,0.52,10051.02,5895.9993
000673.SZ,20130314,5.71,5.87,5.7,5.81,5.71,0.1,1.75,12602.33,7297.5623
000673.SZ,20130313,5.85,5.87,5.71,5.71,5.87,-0.16,-2.73,11430.43,6634.7394
000673.SZ,20130312,5.94,5.98,5.78,5.87,5.94,-0.07,-1.18,15658.67,9216.5594
000673.SZ,20130311,5.98,6.01,5.88,5.94,5.98,-0.04,-0.67,10328.4,6121.4011
000673.SZ,20130308,5.94,6.13,5.92,5.98,5.95,0.03,0.5,15063.04,9104.0765
000673.SZ,20130307,5.95,5.96,5.89,5.95,5.94,0.01,0.17,11525.62,6826.5843
000673.SZ,20130306,5.87,5.95,5.84,5.94,5.87,0.07,1.19,13479.89,7942.5456
000673.SZ,20130305,5.86,5.99,5.82,5.87,5.86,0.01,0.17,23411.77,13762.6613
000673.SZ,20130304,6.03,6.09,5.81,5.86,6.02,-0.16,-2.66,21500.75,12871.4215
000673.SZ,20130301,5.99,6.05,5.94,6.02,6.0,0.02,0.33,12758.46,7662.24
000673.SZ,20130228,5.81,6.01,5.61,6.0,5.81,0.19,3.27,29714.24,17610.8388
000673.SZ,20130227,5.86,5.93,5.75,5.81,5.86,-0.05,-0.85,15100.34,8788.2537
000673.SZ,20130226,5.94,5.97,5.84,5.86,5.95,-0.09,-1.51,14288.08,8439.7713
000673.SZ,20130225,5.86,5.98,5.82,5.95,5.9,0.05,0.85,12724.02,7500.1077
000673.SZ,20130222,5.98,6.01,5.9,5.9,6.08,-0.18,-2.96,12736.13,7577.6969
000673.SZ,20130221,6.1,6.1,5.81,6.08,6.1,-0.02,-0.33,25985.82,15361.7198
000673.SZ,20130220,6.05,6.12,6.01,6.1,6.06,0.04,0.66,10040.65,6079.1619
000673.SZ,20130219,6.24,6.24,6.04,6.06,6.2,-0.14,-2.26,15226.98,9344.6129
000673.SZ,20130218,6.22,6.23,6.14,6.2,6.21,-0.01,-0.16,12123.14,7475.6832
000673.SZ,20130208,6.33,6.33,6.15,6.21,6.32,-0.11,-1.74,16319.91,10139.9263
000673.SZ,20130207,6.04,6.32,6.03,6.32,6.07,0.25,4.12,21056.6,13039.7923
000673.SZ,20130206,6.06,6.11,5.95,6.07,6.07,0.0,0.0,11996.65,7221.9375
000673.SZ,20130205,5.88,6.15,5.87,6.07,5.94,0.13,2.19,12160.85,7372.5822
000673.SZ,20130204,6.25,6.25,5.94,5.94,6.25,-0.31,-4.96,30750.08,18569.068
000673.SZ,20130201,6.34,6.34,6.23,6.25,6.32,-0.07,-1.11,15593.99,9779.0169
000673.SZ,20130131,6.22,6.32,6.15,6.32,6.21,0.11,1.77,13268.97,8275.6288
000673.SZ,20130130,6.25,6.27,6.14,6.21,6.26,-0.05,-0.8,15684.8,9726.4429
000673.SZ,20130129,6.31,6.31,6.18,6.26,6.31,-0.05,-0.79,19064.83,11880.2869
000673.SZ,20130128,6.27,6.34,6.21,6.31,6.26,0.05,0.8,16049.65,10087.2958
000673.SZ,20130125,6.17,6.37,6.12,6.26,6.21,0.05,0.81,12882.41,8083.3176
000673.SZ,20130124,6.4,6.5,6.19,6.21,6.48,-0.27,-4.17,25809.7,16349.4242
000673.SZ,20130123,6.72,6.86,6.38,6.48,6.72,-0.24,-3.57,39951.21,26310.1819
000673.SZ,20130122,6.38,6.72,6.27,6.72,6.4,0.32,5.0,49100.99,32506.8047
000673.SZ,20130121,6.24,6.48,6.18,6.4,6.22,0.18,2.89,35077.16,22285.7851
000673.SZ,20130118,6.17,6.24,6.06,6.22,6.17,0.05,0.81,15792.92,9725.7324
000673.SZ,20130117,6.14,6.38,6.14,6.17,6.23,-0.06,-0.96,30976.68,19286.5701
000673.SZ,20130116,6.05,6.23,6.04,6.23,5.93,0.3,5.06,47528.81,29495.9702
000673.SZ,20130115,5.97,5.98,5.87,5.93,5.92,0.01,0.17,20956.9,12409.1525
000673.SZ,20130114,5.83,5.99,5.79,5.92,5.83,0.09,1.54,11158.86,6600.2822
000673.SZ,20130111,6.12,6.13,5.83,5.83,6.1,-0.27,-4.43,16106.22,9628.8512
000673.SZ,20130110,6.15,6.21,6.0,6.1,6.09,0.01,0.16,16983.51,10299.6668
000673.SZ,20130109,5.83,6.09,5.75,6.09,5.8,0.29,5.0,32318.71,19428.0936
000673.SZ,20130108,5.84,5.88,5.7,5.8,5.85,-0.05,-0.85,16746.77,9680.7305
000673.SZ,20130107,5.79,5.96,5.77,5.85,5.81,0.04,0.69,12464.81,7276.6816
000673.SZ,20130104,5.96,6.09,5.77,5.81,5.96,-0.15,-2.52,19364.49,11330.1779
000673.SZ,20121231,6.0,6.09,5.9,5.96,6.06,-0.1,-1.65,18705.11,11151.8523
000673.SZ,20121228,6.09,6.15,5.78,6.06,6.08,-0.02,-0.33,26945.54,16106.7766
000673.SZ,20121227,5.92,6.09,5.9,6.08,5.8,0.28,4.83,47785.07,28821.7605
000673.SZ,20121226,5.61,5.8,5.61,5.8,5.52,0.28,5.07,22468.98,12985.8194
000673.SZ,20121225,5.44,5.54,5.41,5.52,5.46,0.06,1.1,19345.8,10584.7165
000673.SZ,20121224,5.42,5.56,5.42,5.46,5.46,0.0,0.0,7379.59,4044.9566
000673.SZ,20121221,5.53,5.64,5.45,5.46,5.54,-0.08,-1.44,10137.38,5586.9071
000673.SZ,20121220,5.47,5.67,5.38,5.54,5.47,0.07,1.28,18695.84,10329.9894
000673.SZ,20121219,5.42,5.48,5.35,5.47,5.48,-0.01,-0.18,13391.09,7261.1687
000673.SZ,20121218,5.42,5.51,5.37,5.48,5.48,0.0,0.0,16771.65,9132.3294
000673.SZ,20121217,5.48,5.52,5.3,5.48,5.48,0.0,0.0,15031.94,8200.8691
000673.SZ,20121214,5.29,5.55,5.29,5.48,5.3,0.18,3.4,19219.24,10463.5671
000673.SZ,20121213,5.42,5.52,5.26,5.3,5.48,-0.18,-3.28,13219.23,7118.9786
000673.SZ,20121212,5.54,5.6,5.42,5.48,5.49,-0.01,-0.18,11912.91,6528.1964
000673.SZ,20121211,5.33,5.58,5.27,5.49,5.33,0.16,3.0,20394.93,11151.4891
000673.SZ,20121210,5.06,5.33,5.03,5.33,5.08,0.25,4.92,20657.39,10782.8744
000673.SZ,20121207,4.91,5.09,4.91,5.08,5.03,0.05,0.99,18420.76,9249.0579
000673.SZ,20121206,5.11,5.16,5.01,5.03,5.08,-0.05,-0.98,11427.1,5796.5296
000673.SZ,20121205,4.9,5.1,4.82,5.08,4.9,0.18,3.67,17148.93,8621.3367
000673.SZ,20121204,5.12,5.12,4.89,4.9,5.15,-0.25,-4.85,18832.67,9253.956
000673.SZ,20121203,5.31,5.45,5.12,5.15,5.39,-0.24,-4.45,10366.07,5460.9788
000673.SZ,20121130,5.21,5.48,5.21,5.39,5.39,0.0,0.0,10558.69,5675.3348
000673.SZ,20121129,5.62,5.72,5.25,5.39,5.53,-0.14,-2.53,17104.76,9417.7587
000673.SZ,20121128,5.65,5.9,5.49,5.53,5.78,-0.25,-4.33,14475.46,8243.4178
000673.SZ,20121127,5.95,6.06,5.61,5.78,5.9,-0.12,-2.03,23852.54,13847.0476
000673.SZ,20121126,5.6,5.96,5.6,5.9,5.68,0.22,3.87,20429.77,11987.4216
000673.SZ,20121123,5.33,5.73,5.33,5.68,5.47,0.21,3.84,22592.31,12605.2165
000673.SZ,20121122,5.28,5.49,5.17,5.47,5.37,0.1,1.86,28342.18,15032.6
000673.SZ,20121121,5.36,5.38,5.15,5.37,5.42,-0.05,-0.92,34656.63,18066.5542
000673.SZ,20121120,5.71,5.8,5.42,5.42,5.71,-0.29,-5.08,31587.39,17366.4712
000673.SZ,20121119,5.64,5.86,5.63,5.71,5.7,0.01,0.18,20255.4,11635.6782
000673.SZ,20121116,5.57,5.94,5.57,5.7,5.84,-0.14,-2.4,50520.85,28968.1284
000673.SZ,20121115,5.31,5.84,5.28,5.84,5.56,0.28,5.04,83377.09,46332.967
000673.SZ,20121114,5.56,5.6,5.56,5.56,5.85,-0.29,-4.96,16409.0,9124.001
000673.SZ,20121113,5.85,5.85,5.85,5.85,6.16,-0.31,-5.03,4938.0,2888.73
000673.SZ,20121112,6.38,6.38,6.16,6.16,6.48,-0.32,-4.94,18340.0,11325.657
000673.SZ,20121109,6.71,6.89,6.48,6.48,6.82,-0.34,-4.99,37131.71,24762.5235
000673.SZ,20121108,6.94,7.14,6.75,6.82,7.0,-0.18,-2.57,45864.87,32023.4789
000673.SZ,20121107,6.83,7.09,6.67,7.0,6.83,0.17,2.49,42861.26,29556.6627
000673.SZ,20121106,6.51,6.89,6.51,6.83,6.58,0.25,3.8,31801.23,21369.6897
000673.SZ,20121105,6.67,6.88,6.42,6.58,6.62,-0.04,-0.6,54204.51,36296.8806
000673.SZ,20121102,6.3,6.62,6.28,6.62,6.3,0.32,5.08,59265.29,38817.0397
000673.SZ,20121101,5.96,6.3,5.87,6.3,6.0,0.3,5.0,32674.57,20084.9651
000673.SZ,20121031,6.0,6.15,5.88,6.0,5.88,0.12,2.04,43936.98,26417.5872
000673.SZ,20121030,5.54,5.88,5.54,5.88,5.6,0.28,5.0,35804.0,21013.62
000673.SZ,20121029,5.4,5.63,5.31,5.6,5.4,0.2,3.7,19384.81,10675.7094
000673.SZ,20121026,5.53,5.53,5.23,5.4,5.5,-0.1,-1.82,23315.57,12502.6577
000673.SZ,20121025,5.38,5.6,5.35,5.5,5.33,0.17,3.19,27595.94,15212.1736
000673.SZ,20121024,5.2,5.36,5.08,5.33,5.21,0.12,2.3,20648.23,10786.078
000673.SZ,20121023,5.31,5.38,5.18,5.21,5.3,-0.09,-1.7,18680.03,9790.5147
000673.SZ,20121022,5.11,5.35,5.0,5.3,5.16,0.14,2.71,28641.2,14928.3582
000673.SZ,20121019,5.52,5.63,5.1,5.16,5.36,-0.2,-3.73,69283.86,37781.3856
000673.SZ,20121018,5.1,5.36,5.1,5.36,5.1,0.26,5.1,38051.89,20192.3459
000673.SZ,20121017,4.87,5.14,4.86,5.1,4.92,0.18,3.66,32622.57,16342.7362
000673.SZ,20121016,4.69,4.95,4.69,4.92,4.71,0.21,4.46,33294.0,15956.2419
000673.SZ,20121015,4.52,4.76,4.52,4.71,4.56,0.15,3.29,19105.7,8903.2626
000673.SZ,20121012,4.57,4.68,4.5,4.56,4.59,-0.03,-0.65,14245.25,6510.7097
000673.SZ,20121011,4.35,4.59,4.33,4.59,4.37,0.22,5.03,33136.97,15074.2866
000673.SZ,20121010,4.28,4.37,4.28,4.37,4.27,0.1,2.34,14438.9,6261.0411
000673.SZ,20121009,4.2,4.3,4.2,4.27,4.2,0.07,1.67,6509.49,2775.1917
000673.SZ,20121008,4.2,4.24,4.17,4.2,4.18,0.02,0.48,8245.2,3455.9826
000673.SZ,20120928,4.13,4.2,4.07,4.18,4.13,0.05,1.21,8332.76,3454.7774
000673.SZ,20120927,4.08,4.17,4.03,4.13,4.12,0.01,0.24,16204.56,6627.6627
000673.SZ,20120926,4.25,4.25,4.06,4.12,4.27,-0.15,-3.51,10216.17,4229.9581
000673.SZ,20120925,4.29,4.4,4.21,4.27,4.33,-0.06,-1.39,21134.0,9086.2908
000673.SZ,20120924,4.09,4.33,4.08,4.33,4.12,0.21,5.1,16175.18,6838.2155
000673.SZ,20120921,4.11,4.13,4.05,4.12,4.09,0.03,0.73,4723.59,1935.0334
000673.SZ,20120920,4.11,4.11,4.05,4.09,4.11,-0.02,-0.49,6209.88,2529.673
000673.SZ,20120919,4.07,4.13,4.05,4.11,4.05,0.06,1.48,4722.25,1930.3725
000673.SZ,20120918,4.05,4.07,4.02,4.05,4.08,-0.03,-0.74,5043.77,2040.0433
000673.SZ,20120917,4.17,4.17,4.02,4.08,4.18,-0.1,-2.39,13134.9,5377.3652
000673.SZ,20120914,4.15,4.23,4.15,4.18,4.18,0.0,0.0,9512.12,3982.094
000673.SZ,20120913,4.22,4.26,4.18,4.18,4.2,-0.02,-0.48,8467.1,3565.8505
000673.SZ,20120912,4.16,4.24,4.16,4.2,4.16,0.04,0.96,8053.98,3382.5708
000673.SZ,20120911,4.2,4.2,4.12,4.16,4.2,-0.04,-0.95,13115.48,5447.9355
000673.SZ,20120910,4.11,4.29,4.11,4.2,4.15,0.05,1.2,23005.65,9642.1457
000673.SZ,20120907,4.08,4.21,4.06,4.15,4.05,0.1,2.47,13488.86,5603.1357
000673.SZ,20120906,4.02,4.1,3.99,4.05,3.98,0.07,1.76,7883.0,3190.251
000673.SZ,20120905,4.03,4.07,3.92,3.98,4.03,-0.05,-1.24,7600.36,3033.3803
000673.SZ,20120904,4.05,4.11,4.01,4.03,4.03,0.0,0.0,12638.5,5133.2575
000673.SZ,20120903,3.91,4.13,3.85,4.03,3.93,0.1,2.54,18129.37,7209.6123
000673.SZ,20120831,3.72,3.93,3.71,3.93,3.74,0.19,5.08,16346.18,6330.4298
000673.SZ,20120830,3.77,3.83,3.61,3.74,3.8,-0.06,-1.58,11879.07,4402.9162
000673.SZ,20120829,3.8,3.84,3.75,3.8,3.76,0.04,1.06,12592.7,4798.4251
000673.SZ,20120828,3.69,3.78,3.66,3.76,3.7,0.06,1.62,8702.6,3257.9667
000673.SZ,20120827,3.6,3.81,3.6,3.7,3.69,0.01,0.27,13081.31,4900.2862
000673.SZ,20120824,3.89,3.91,3.69,3.69,3.88,-0.19,-4.9,21402.0,8012.986
000673.SZ,20120823,3.8,3.92,3.77,3.88,3.76,0.12,3.19,24215.25,9311.8332
000673.SZ,20120822,3.72,3.84,3.62,3.76,3.7,0.06,1.62,18496.92,6996.7912
000673.SZ,20120821,3.58,3.76,3.58,3.7,3.58,0.12,3.35,13591.1,5043.6204
000673.SZ,20120820,3.55,3.61,3.46,3.58,3.53,0.05,1.42,6873.71,2434.7867
000673.SZ,20120817,3.5,3.57,3.44,3.53,3.48,0.05,1.44,7534.14,2636.87
000673.SZ,20120816,3.38,3.53,3.36,3.48,3.39,0.09,2.65,6838.01,2372.3104
000673.SZ,20120815,3.42,3.49,3.39,3.39,3.46,-0.07,-2.02,5576.0,1915.7919
000673.SZ,20120814,3.45,3.49,3.36,3.46,3.47,-0.01,-0.29,7447.35,2553.038
000673.SZ,20120813,3.57,3.57,3.47,3.47,3.59,-0.12,-3.34,10347.69,3630.7079
000673.SZ,20120810,3.55,3.67,3.55,3.59,3.54,0.05,1.41,12346.12,4462.2641
000673.SZ,20120809,3.49,3.56,3.44,3.54,3.48,0.06,1.72,13645.55,4815.7444
000673.SZ,20120808,3.52,3.56,3.41,3.48,3.5,-0.02,-0.57,14595.44,5082.1915
000673.SZ,20120807,3.43,3.54,3.43,3.5,3.46,0.04,1.16,14692.26,5125.8445
000673.SZ,20120806,3.33,3.52,3.32,3.46,3.36,0.1,2.98,15600.94,5346.1773
000673.SZ,20120803,3.22,3.37,3.22,3.36,3.31,0.05,1.51,17151.98,5692.1101
000673.SZ,20120802,3.33,3.46,3.31,3.31,3.48,-0.17,-4.89,25745.99,8619.9527
000673.SZ,20120801,3.48,3.54,3.48,3.48,3.66,-0.18,-4.92,37268.0,12974.68
000673.SZ,20120731,3.66,3.66,3.66,3.66,3.85,-0.19,-4.94,1251.0,457.866
000673.SZ,20120730,3.85,3.85,3.85,3.85,4.05,-0.2,-4.94,2020.0,777.7
000673.SZ,20120727,4.06,4.06,4.0,4.05,4.05,0.0,0.0,7569.3,3053.1128
000673.SZ,20120726,4.02,4.11,4.01,4.05,4.01,0.04,1.0,9371.25,3790.7783
000673.SZ,20120725,4.0,4.07,3.98,4.01,4.01,0.0,0.0,8017.55,3234.1766
000673.SZ,20120724,3.93,4.04,3.92,4.01,3.96,0.05,1.26,14101.22,5637.4476
000673.SZ,20120723,4.01,4.04,3.93,3.96,4.07,-0.11,-2.7,18782.83,7459.9061
000673.SZ,20120720,4.13,4.16,4.04,4.07,4.16,-0.09,-2.16,26849.17,10995.1874
000673.SZ,20120719,4.11,4.18,4.04,4.16,4.1,0.06,1.46,22856.57,9358.5051
000673.SZ,20120718,4.18,4.19,4.05,4.1,4.21,-0.11,-2.61,19404.29,7934.8275
000673.SZ,20120717,4.06,4.25,4.03,4.21,4.12,0.09,2.18,7081.17,2929.9289
000673.SZ,20120716,4.27,4.28,4.06,4.12,4.27,-0.15,-3.51,7026.17,2907.0292
000673.SZ,20120713,4.22,4.35,4.2,4.27,4.3,-0.03,-0.7,10499.67,4489.5993
000673.SZ,20120712,4.08,4.32,3.99,4.3,4.11,0.19,4.62,21125.28,8866.2592
000673.SZ,20120711,4.07,4.15,3.95,4.11,4.09,0.02,0.49,11430.23,4649.818
000673.SZ,20120710,4.13,4.2,4.09,4.09,4.15,-0.06,-1.45,7264.09,3002.1082
000673.SZ,20120709,4.14,4.22,4.12,4.15,4.17,-0.02,-0.48,6546.0,2728.388
000673.SZ,20120706,4.17,4.21,4.07,4.17,4.16,0.01,0.24,7208.97,2990.3569
000673.SZ,20120705,4.3,4.33,4.12,4.16,4.34,-0.18,-4.15,17833.17,7439.0351
000673.SZ,20120704,4.41,4.45,4.28,4.34,4.41,-0.07,-1.59,13865.01,6020.1283
000673.SZ,20120703,4.4,4.47,4.33,4.41,4.35,0.06,1.38,10791.53,4759.2934
000673.SZ,20120702,4.48,4.49,4.32,4.35,4.47,-0.12,-2.68,11588.5,5123.745
000673.SZ,20120629,4.45,4.56,4.42,4.47,4.48,-0.01,-0.22,11897.24,5334.9164
000673.SZ,20120628,4.6,4.6,4.47,4.48,4.62,-0.14,-3.03,12991.0,5885.16
000673.SZ,20120627,4.41,4.65,4.38,4.62,4.45,0.17,3.82,25982.22,11735.8355
000673.SZ,20120626,4.52,4.52,4.38,4.45,4.54,-0.09,-1.98,16835.0,7453.328
000673.SZ,20120625,4.47,4.76,4.47,4.54,4.54,0.0,0.0,18023.37,8328.3352
000673.SZ,20120621,4.62,4.65,4.5,4.54,4.62,-0.08,-1.73,9870.99,4506.6364
000673.SZ,20120620,4.64,4.65,4.54,4.62,4.64,-0.02,-0.43,16624.67,7630.164
000673.SZ,20120619,4.62,4.67,4.56,4.64,4.63,0.01,0.22,17114.72,7878.1442
000673.SZ,20120618,4.66,4.67,4.56,4.63,4.65,-0.02,-0.43,11437.55,5289.4198
000673.SZ,20120615,4.45,4.67,4.41,4.65,4.52,0.13,2.88,18474.28,8383.3406
000673.SZ,20120614,4.55,4.57,4.47,4.52,4.55,-0.03,-0.66,13647.99,6184.8905
000673.SZ,20120613,4.47,4.56,4.46,4.55,4.48,0.07,1.56,19241.44,8704.7205
000673.SZ,20120612,4.38,4.51,4.34,4.48,4.38,0.1,2.28,10330.36,4583.7992
000673.SZ,20120611,4.3,4.41,4.26,4.38,4.35,0.03,0.69,10420.97,4534.1629
000673.SZ,20120608,4.43,4.45,4.28,4.35,4.37,-0.02,-0.46,12261.68,5379.6855
000673.SZ,20120607,4.42,4.54,4.33,4.37,4.37,0.0,0.0,11217.38,4926.6219
000673.SZ,20120606,4.36,4.42,4.33,4.37,4.39,-0.02,-0.46,8093.01,3538.0523
000673.SZ,20120605,4.4,4.49,4.31,4.39,4.35,0.04,0.92,19088.71,8377.3999
000673.SZ,20120604,4.54,4.54,4.35,4.35,4.58,-0.23,-5.02,15287.05,6717.4856
000673.SZ,20120601,4.57,4.59,4.53,4.58,4.57,0.01,0.22,14698.59,6706.7701
000673.SZ,20120531,4.5,4.61,4.5,4.57,4.55,0.02,0.44,25108.81,11477.4212
000673.SZ,20120530,4.5,4.56,4.38,4.55,4.56,-0.01,-0.22,23467.99,10517.3225
000673.SZ,20120529,4.51,4.65,4.47,4.56,4.58,-0.02,-0.44,34392.33,15601.491
000673.SZ,20120528,4.3,4.62,4.25,4.58,4.47,0.11,2.46,41108.74,17979.9707
000673.SZ,20120525,4.75,4.75,4.47,4.47,4.7,-0.23,-4.89,31896.0,14326.5801
000673.SZ,20120524,4.74,4.84,4.63,4.7,4.83,-0.13,-2.69,15139.95,7147.9516
000673.SZ,20120523,4.75,4.85,4.71,4.83,4.75,0.08,1.68,7733.68,3694.9593
000673.SZ,20120522,4.76,4.81,4.7,4.75,4.68,0.07,1.5,6634.07,3149.9069
000673.SZ,20120521,4.76,4.88,4.63,4.68,4.82,-0.14,-2.9,10260.51,4869.5849
000673.SZ,20120518,5.07,5.08,4.82,4.82,5.07,-0.25,-4.93,18991.9,9325.9305
000673.SZ,20120516,4.98,5.11,4.98,5.07,5.09,-0.02,-0.39,14255.89,7183.3793
000673.SZ,20120515,4.85,5.12,4.82,5.09,4.88,0.21,4.3,18549.27,9320.326
000673.SZ,20120514,4.98,4.98,4.86,4.88,4.91,-0.03,-0.61,16955.0,8356.631
000673.SZ,20120511,4.89,4.98,4.8,4.91,4.85,0.06,1.24,11957.65,5863.8948
000673.SZ,20120510,4.87,4.88,4.79,4.85,4.86,-0.01,-0.21,7327.0,3542.106
000673.SZ,20120509,4.82,4.9,4.78,4.86,4.85,0.01,0.21,10720.86,5195.9461
000673.SZ,20120508,4.76,4.89,4.76,4.85,4.82,0.03,0.62,9912.98,4785.853
000673.SZ,20120507,4.82,4.86,4.69,4.82,4.83,-0.01,-0.21,23699.8,11243.0457
000673.SZ,20120504,4.75,4.85,4.68,4.83,4.8,0.03,0.63,16701.13,7995.1974
000673.SZ,20120503,4.77,4.82,4.72,4.8,4.97,-0.17,-3.42,18598.75,8801.9135
000673.SZ,20120502,4.97,5.26,4.97,4.97,5.23,-0.26,-4.97,17575.0,8747.227
000673.SZ,20120427,5.28,5.33,5.16,5.23,5.23,0.0,0.0,12040.0,6328.6096
000673.SZ,20120426,5.27,5.3,5.21,5.23,5.31,-0.08,-1.51,8374.52,4398.0539
000673.SZ,20120425,5.28,5.37,5.19,5.31,5.29,0.02,0.38,10134.34,5320.7781
000673.SZ,20120424,5.5,5.5,5.28,5.29,5.56,-0.27,-4.86,21517.09,11423.5415
000673.SZ,20120423,5.57,5.62,5.44,5.56,5.55,0.01,0.18,13868.16,7701.0348
000673.SZ,20120420,5.5,5.65,5.47,5.55,5.48,0.07,1.28,12765.68,7083.5619
000673.SZ,20120419,5.46,5.55,5.44,5.48,5.48,0.0,0.0,6667.09,3657.3255
000673.SZ,20120418,5.35,5.52,5.35,5.48,5.37,0.11,2.05,7784.24,4217.7819
000673.SZ,20120417,5.58,5.62,5.35,5.37,5.53,-0.16,-2.89,8386.57,4611.7386
000673.SZ,20120416,5.5,5.65,5.49,5.53,5.57,-0.04,-0.72,6866.06,3822.8711
000673.SZ,20120413,5.48,5.63,5.43,5.57,5.47,0.1,1.83,10781.76,5938.7083
000673.SZ,20120412,5.4,5.55,5.4,5.47,5.4,0.07,1.3,6176.96,3386.8182
000673.SZ,20120411,5.2,5.5,5.19,5.4,5.28,0.12,2.27,7460.96,4021.8109
000673.SZ,20120410,5.25,5.29,5.16,5.28,5.25,0.03,0.57,3911.4,2039.8934
000673.SZ,20120409,5.18,5.35,5.13,5.25,5.25,0.0,0.0,4139.79,2177.064
000673.SZ,20120406,5.14,5.33,5.11,5.25,5.17,0.08,1.55,6468.65,3386.8293
000673.SZ,20120405,5.06,5.17,4.97,5.17,5.11,0.06,1.17,6946.98,3526.6259
000673.SZ,20120330,4.95,5.15,4.75,5.11,4.96,0.15,3.02,7368.6,3710.7545
000673.SZ,20120329,5.07,5.07,4.84,4.96,5.09,-0.13,-2.55,10464.0,5158.6055
000673.SZ,20120328,5.32,5.37,5.09,5.09,5.36,-0.27,-5.04,12337.0,6406.079
000673.SZ,20120327,5.4,5.4,5.3,5.36,5.34,0.02,0.37,6145.0,3292.791
000673.SZ,20120326,5.48,5.48,5.3,5.34,5.42,-0.08,-1.48,5820.49,3121.7227
000673.SZ,20120323,5.26,5.59,5.17,5.42,5.32,0.1,1.88,27388.52,14847.4409
000673.SZ,20120322,5.26,5.33,5.18,5.32,5.26,0.06,1.14,7129.67,3763.7485
000673.SZ,20120321,5.33,5.39,5.16,5.26,5.33,-0.07,-1.31,7671.98,4037.4325
000673.SZ,20120320,5.43,5.43,5.24,5.33,5.43,-0.1,-1.84,7502.51,4023.8834
000673.SZ,20120319,5.37,5.43,5.32,5.43,5.37,0.06,1.12,10315.08,5542.001
000673.SZ,20120316,5.28,5.43,5.28,5.37,5.3,0.07,1.32,13568.84,7248.5823
000673.SZ,20120315,5.54,5.54,5.28,5.3,5.56,-0.26,-4.68,16870.51,9005.5622
000673.SZ,20120314,5.83,5.9,5.56,5.56,5.85,-0.29,-4.96,22205.75,12760.6398
000673.SZ,20120313,5.84,5.89,5.8,5.85,5.82,0.03,0.52,11885.41,6939.9562
000673.SZ,20120312,5.93,5.97,5.81,5.82,5.89,-0.07,-1.19,21926.31,12872.6292
000673.SZ,20120309,5.62,5.89,5.57,5.89,5.61,0.28,4.99,25601.14,14764.8323
000673.SZ,20120308,5.56,5.67,5.56,5.61,5.56,0.05,0.9,12974.63,7283.328
000673.SZ,20120307,5.66,5.67,5.53,5.56,5.71,-0.15,-2.63,13706.14,7682.3417
000673.SZ,20120306,5.76,5.79,5.67,5.71,5.75,-0.04,-0.7,10243.38,5866.6886
000673.SZ,20120305,5.73,5.76,5.67,5.75,5.73,0.02,0.35,12384.87,7079.5749
000673.SZ,20120302,5.59,5.73,5.59,5.73,5.62,0.11,1.96,14900.8,8436.283
000673.SZ,20120301,5.56,5.66,5.5,5.62,5.55,0.07,1.26,9768.82,5468.3204
000673.SZ,20120229,5.58,5.63,5.49,5.55,5.61,-0.06,-1.07,14946.23,8299.4645
000673.SZ,20120228,5.72,5.75,5.54,5.61,5.76,-0.15,-2.6,22062.4,12396.1353
000673.SZ,20120227,5.77,5.82,5.72,5.76,5.77,-0.01,-0.17,30504.4,17643.0881
000673.SZ,20120224,5.68,5.84,5.6,5.77,5.67,0.1,1.76,30157.08,17276.5337
000673.SZ,20120223,5.78,5.78,5.67,5.67,5.81,-0.14,-2.41,18484.58,10575.2822
000673.SZ,20120222,5.75,5.82,5.7,5.81,5.76,0.05,0.87,20897.95,12009.1035
000673.SZ,20120221,5.71,5.85,5.67,5.76,5.73,0.03,0.52,8542.74,4916.6082
000673.SZ,20120220,5.75,5.76,5.68,5.73,5.7,0.03,0.53,10012.82,5721.528
000673.SZ,20120217,5.72,5.76,5.58,5.7,5.74,-0.04,-0.7,9339.64,5295.0278
000673.SZ,20120216,5.78,5.83,5.61,5.74,5.8,-0.06,-1.03,14121.59,8058.4628
000673.SZ,20120215,5.8,5.82,5.7,5.8,5.74,0.06,1.05,18273.61,10526.5969
000673.SZ,20120214,5.57,5.82,5.53,5.74,5.62,0.12,2.14,16996.53,9696.1284
000673.SZ,20120213,5.53,5.71,5.42,5.62,5.56,0.06,1.08,14077.77,7862.447
000673.SZ,20120210,5.38,5.57,5.38,5.56,5.45,0.11,2.02,14646.8,8087.6373
000673.SZ,20120209,5.39,5.52,5.36,5.45,5.43,0.02,0.37,15714.05,8568.1816
000673.SZ,20120208,5.3,5.46,5.26,5.43,5.34,0.09,1.69,16236.14,8728.7669
000673.SZ,20120207,5.5,5.59,5.22,5.34,5.49,-0.15,-2.73,32045.46,17297.1284
000673.SZ,20120206,5.21,5.49,5.21,5.49,5.23,0.26,4.97,35326.04,19366.4222
000673.SZ,20120203,5.1,5.29,5.1,5.23,5.17,0.06,1.16,19045.84,9959.0406
000673.SZ,20120202,5.15,5.2,5.06,5.17,5.23,-0.06,-1.15,20978.77,10705.0387
000673.SZ,20120201,5.26,5.31,5.08,5.23,5.28,-0.05,-0.95,16044.79,8308.7036
000673.SZ,20120131,5.1,5.31,5.05,5.28,5.09,0.19,3.73,8859.39,4609.219
000673.SZ,20120130,5.1,5.12,5.03,5.09,5.1,-0.01,-0.2,4237.45,2151.1699
000673.SZ,20120120,5.1,5.11,4.97,5.1,4.97,0.13,2.62,5455.39,2750.6233
000673.SZ,20120119,5.0,5.02,4.82,4.97,5.07,-0.1,-1.97,8386.86,4135.2239
000673.SZ,20120118,5.04,5.15,5.0,5.07,5.04,0.03,0.6,12014.6,6086.5783
000673.SZ,20120117,4.87,5.09,4.83,5.04,4.95,0.09,1.82,12604.94,6268.0476
000673.SZ,20120116,4.98,4.98,4.79,4.95,5.0,-0.05,-1.0,8198.01,3984.6141
000673.SZ,20120113,5.25,5.25,5.0,5.0,5.26,-0.26,-4.94,12748.8,6421.958
000673.SZ,20120112,5.27,5.39,5.16,5.26,5.33,-0.07,-1.31,12151.0,6399.8335
000673.SZ,20120111,5.48,5.48,5.28,5.33,5.56,-0.23,-4.14,25502.56,13614.5237
000673.SZ,20120110,5.3,5.58,5.24,5.56,5.37,0.19,3.54,18680.23,10017.8188
000673.SZ,20120109,5.03,5.4,5.0,5.37,5.23,0.14,2.68,14354.02,7479.5111
000673.SZ,20120106,5.25,5.34,5.23,5.23,5.51,-0.28,-5.08,9313.78,4876.0594
000673.SZ,20120105,5.6,5.68,5.51,5.51,5.8,-0.29,-5.0,5683.49,3134.378
000673.SZ,20120104,6.02,6.03,5.8,5.8,6.1,-0.3,-4.92,15322.5,8923.4418
000673.SZ,20111230,5.91,6.22,5.91,6.1,6.22,-0.12,-1.93,21997.98,13119.7002
000673.SZ,20111229,6.27,6.41,6.22,6.22,6.55,-0.33,-5.04,6722.0,4183.1918
000673.SZ,20111227,6.4,6.62,6.2,6.55,6.3,0.25,3.97,10732.06,6964.8732
000673.SZ,20111226,6.14,6.3,6.01,6.3,6.21,0.09,1.45,4268.65,2633.7955
000673.SZ,20111223,6.02,6.25,5.92,6.21,6.09,0.12,1.97,4022.15,2479.8601
000673.SZ,20111222,6.09,6.1,5.79,6.09,6.09,0.0,0.0,6039.51,3561.6424
000673.SZ,20111221,6.2,6.25,6.03,6.09,6.2,-0.11,-1.77,3287.7,2023.8904
000673.SZ,20111220,6.19,6.28,6.17,6.2,6.2,0.0,0.0,2302.99,1432.122
000673.SZ,20111219,6.01,6.2,5.99,6.2,6.13,0.07,1.14,2324.19,1410.7847
000673.SZ,20111216,5.92,6.15,5.9,6.13,6.0,0.13,2.17,3740.82,2246.9765
000673.SZ,20111215,6.12,6.12,5.89,6.0,6.2,-0.2,-3.23,7886.57,4702.7203
000673.SZ,20111214,6.2,6.2,5.95,6.2,6.21,-0.01,-0.16,6926.56,4216.8849
000673.SZ,20111213,6.48,6.48,6.21,6.21,6.54,-0.33,-5.05,17936.0,11169.852
000673.SZ,20111212,6.45,6.69,6.45,6.54,6.65,-0.11,-1.65,9875.25,6511.8871
000673.SZ,20111209,7.03,7.03,6.65,6.65,7.0,-0.35,-5.0,16657.19,11197.3737
000673.SZ,20111202,6.68,7.0,6.48,7.0,6.67,0.33,4.95,25736.48,17872.0854
000673.SZ,20111201,6.69,6.76,6.59,6.67,6.59,0.08,1.21,7050.52,4704.0111
000673.SZ,20111130,6.92,6.96,6.57,6.59,6.92,-0.33,-4.77,4133.71,2752.0959
000673.SZ,20111129,6.93,6.97,6.77,6.92,6.91,0.01,0.14,4463.39,3063.5972
000673.SZ,20111128,7.01,7.1,6.9,6.91,6.98,-0.07,-1.0,1859.0,1297.31
000673.SZ,20111125,6.98,7.02,6.93,6.98,6.94,0.04,0.58,2035.2,1419.4758
000673.SZ,20111124,6.98,7.03,6.91,6.94,6.95,-0.01,-0.14,2661.45,1847.5683
000673.SZ,20111123,6.98,7.08,6.94,6.95,6.98,-0.03,-0.43,2322.11,1623.8801
000673.SZ,20111122,6.93,7.0,6.91,6.98,7.0,-0.02,-0.29,3177.93,2208.754
000673.SZ,20111121,7.1,7.18,6.9,7.0,7.11,-0.11,-1.55,5184.25,3619.611
000673.SZ,20111118,7.27,7.4,7.11,7.11,7.35,-0.24,-3.27,5247.0,3789.51
000673.SZ,20111117,7.35,7.43,7.28,7.35,7.31,0.04,0.55,5663.18,4165.9764
000673.SZ,20111116,7.41,7.59,7.25,7.31,7.41,-0.1,-1.35,8246.01,6107.0782
000673.SZ,20111115,7.26,7.45,7.23,7.41,7.24,0.17,2.35,10229.91,7479.13
000673.SZ,20111114,7.2,7.24,7.13,7.24,7.15,0.09,1.26,7223.45,5195.2562
000673.SZ,20111111,6.98,7.16,6.94,7.15,6.98,0.17,2.44,7757.76,5492.4124
000673.SZ,20111110,7.02,7.08,6.91,6.98,7.12,-0.14,-1.97,8726.62,6081.3222
000673.SZ,20111109,6.99,7.18,6.98,7.12,7.04,0.08,1.14,6917.65,4903.5833
000673.SZ,20111108,7.06,7.11,6.98,7.04,7.1,-0.06,-0.85,6480.13,4564.496
000673.SZ,20111107,7.16,7.16,7.06,7.1,7.16,-0.06,-0.84,6204.22,4402.7819
000673.SZ,20111104,7.14,7.28,7.08,7.16,7.09,0.07,0.99,10284.23,7360.7764
000673.SZ,20111103,7.2,7.21,7.04,7.09,7.11,-0.02,-0.28,8983.37,6376.7349
000673.SZ,20111102,7.0,7.14,6.85,7.11,7.08,0.03,0.42,6655.15,4681.6635
000673.SZ,20111101,7.03,7.23,6.9,7.08,7.03,0.05,0.71,9239.31,6565.3532
000673.SZ,20111031,6.86,7.06,6.8,7.03,6.85,0.18,2.63,9299.15,6485.7568
000673.SZ,20111028,6.87,6.9,6.78,6.85,6.8,0.05,0.74,4797.51,3282.7297
000673.SZ,20111027,6.74,6.87,6.71,6.8,6.82,-0.02,-0.29,5131.07,3473.6924
000673.SZ,20111026,6.7,6.93,6.67,6.82,6.69,0.13,1.94,5961.49,4068.4768
000673.SZ,20111025,6.58,6.75,6.55,6.69,6.52,0.17,2.61,4415.51,2935.1773
000673.SZ,20111024,6.47,6.58,6.38,6.52,6.47,0.05,0.77,3261.5,2116.0915
000673.SZ,20111021,6.3,6.54,6.3,6.47,6.43,0.04,0.62,3546.0,2270.43
000673.SZ,20111020,6.73,6.74,6.4,6.43,6.72,-0.29,-4.32,4083.07,2666.9563
000673.SZ,20111019,6.78,6.8,6.6,6.72,6.73,-0.01,-0.15,3141.1,2095.4355
000673.SZ,20111018,6.92,7.02,6.73,6.73,6.94,-0.21,-3.03,3992.86,2725.8049
000673.SZ,20111017,7.1,7.1,6.81,6.94,7.0,-0.06,-0.86,4223.55,2930.9974
000673.SZ,20111014,7.11,7.24,6.92,7.0,7.02,-0.02,-0.28,8783.9,6205.4983
000673.SZ,20111013,6.68,7.02,6.61,7.02,6.69,0.33,4.93,10816.99,7500.2305
000673.SZ,20111012,6.4,6.7,6.4,6.69,6.49,0.2,3.08,5368.2,3568.7729
000673.SZ,20111011,6.7,6.7,6.39,6.49,6.53,-0.04,-0.61,5171.05,3398.4962
000673.SZ,20111010,6.52,6.68,6.5,6.53,6.54,-0.01,-0.15,2356.1,1542.015
000673.SZ,20110930,6.45,6.56,6.41,6.54,6.45,0.09,1.4,3323.75,2157.6523
000673.SZ,20110929,6.72,6.77,6.43,6.45,6.77,-0.32,-4.73,10632.94,6898.1801
000673.SZ,20110928,7.03,7.08,6.7,6.77,7.01,-0.24,-3.42,4901.0,3385.793
000673.SZ,20110927,6.97,7.03,6.92,7.01,6.93,0.08,1.15,6559.56,4571.5542
000673.SZ,20110926,7.23,7.28,6.92,6.93,7.28,-0.35,-4.81,11683.82,8248.5323
000673.SZ,20110923,7.4,7.4,7.15,7.28,7.41,-0.13,-1.75,6890.75,4982.5581
000673.SZ,20110922,7.61,7.65,7.41,7.41,7.64,-0.23,-3.01,6733.92,5093.4108
000673.SZ,20110921,7.44,7.67,7.35,7.64,7.42,0.22,2.97,8669.29,6570.9167
000673.SZ,20110920,7.39,7.47,7.38,7.42,7.42,0.0,0.0,3778.02,2804.3047
000673.SZ,20110919,7.52,7.54,7.39,7.42,7.58,-0.16,-2.11,4163.18,3099.6467
000673.SZ,20110916,7.52,7.58,7.5,7.58,7.52,0.06,0.8,4854.3,3659.7558
000673.SZ,20110915,7.6,7.64,7.48,7.52,7.55,-0.03,-0.4,6944.97,5247.1313
000673.SZ,20110914,7.63,7.65,7.47,7.55,7.59,-0.04,-0.53,3833.97,2893.0738
000673.SZ,20110913,7.5,7.64,7.35,7.59,7.52,0.07,0.93,6116.49,4580.5723
000673.SZ,20110909,7.5,7.63,7.43,7.52,7.52,0.0,0.0,5136.41,3877.6495
000673.SZ,20110908,7.75,7.75,7.5,7.52,7.7,-0.18,-2.34,6955.56,5286.8769
000673.SZ,20110907,7.65,7.75,7.49,7.7,7.65,0.05,0.65,6696.19,5116.0053
000673.SZ,20110906,7.38,7.78,7.32,7.65,7.43,0.22,2.96,10038.52,7609.9762
000673.SZ,20110905,7.6,7.6,7.4,7.43,7.65,-0.22,-2.88,6714.24,5005.2304
000673.SZ,20110902,7.82,7.87,7.59,7.65,7.81,-0.16,-2.05,7813.78,5989.6446
000673.SZ,20110901,7.85,7.95,7.78,7.81,7.82,-0.01,-0.13,8257.32,6492.8878
000673.SZ,20110831,7.95,7.96,7.66,7.82,7.95,-0.13,-1.64,9781.77,7649.9678
000673.SZ,20110830,8.06,8.09,7.93,7.95,8.01,-0.06,-0.75,10981.63,8821.9023
000673.SZ,20110829,8.19,8.19,7.98,8.01,8.12,-0.11,-1.35,10184.73,8198.5305
000673.SZ,20110826,8.01,8.13,7.97,8.12,8.05,0.07,0.87,11858.09,9564.7828
000673.SZ,20110825,7.91,8.05,7.91,8.05,7.92,0.13,1.64,11217.36,8954.7481
000673.SZ,20110824,8.03,8.09,7.88,7.92,8.03,-0.11,-1.37,11296.03,9034.8844
000673.SZ,20110823,7.92,8.07,7.92,8.03,7.91,0.12,1.52,11350.06,9061.6373
000673.SZ,20110822,8.1,8.1,7.89,7.91,8.15,-0.24,-2.94,20180.4,16113.1268
000673.SZ,20110819,8.37,8.5,8.15,8.15,8.58,-0.43,-5.01,35468.79,29223.6015
000673.SZ,20110818,8.95,8.95,8.41,8.58,8.58,0.0,0.0,47623.72,41367.0114
000673.SZ,20110816,8.64,8.65,8.47,8.58,8.6,-0.02,-0.23,8356.5,7154.3898
000673.SZ,20110815,8.6,8.69,8.5,8.6,8.54,0.06,0.7,6782.86,5810.1365
000673.SZ,20110812,8.48,8.7,8.37,8.54,8.39,0.15,1.79,9260.7,7928.8387
000673.SZ,20110811,8.11,8.52,8.02,8.39,8.26,0.13,1.57,17654.12,14837.078
000673.SZ,20110810,8.08,8.37,8.08,8.26,8.01,0.25,3.12,6199.48,5119.3193
000673.SZ,20110809,7.9,8.16,7.76,8.01,8.17,-0.16,-1.96,14502.4,11398.859
000673.SZ,20110808,8.4,8.66,8.1,8.17,8.5,-0.33,-3.88,12293.17,10299.7597
000673.SZ,20110805,8.24,8.72,8.12,8.5,8.52,-0.02,-0.23,12102.71,10318.6527
000673.SZ,20110804,8.3,8.53,8.27,8.52,8.25,0.27,3.27,7450.84,6262.2483
000673.SZ,20110803,8.15,8.36,8.15,8.25,8.24,0.01,0.12,7424.08,6141.4389
000673.SZ,20110802,8.5,8.51,8.11,8.24,8.48,-0.24,-2.83,13013.86,10728.5976
000673.SZ,20110801,8.7,8.7,8.46,8.48,8.45,0.03,0.36,15836.36,13572.454
000673.SZ,20110729,8.18,8.45,8.15,8.45,8.05,0.4,4.97,6404.16,5387.849
000673.SZ,20110728,8.18,8.18,8.05,8.05,8.21,-0.16,-1.95,7451.65,6025.2838
000673.SZ,20110727,8.12,8.25,8.06,8.21,8.12,0.09,1.11,5575.68,4556.0832
000673.SZ,20110726,8.08,8.23,8.0,8.12,8.08,0.04,0.5,6835.67,5529.907
000673.SZ,20110725,8.4,8.4,8.06,8.08,8.39,-0.31,-3.69,10962.13,8974.5472
000673.SZ,20110722,8.39,8.48,8.32,8.39,8.39,0.0,0.0,8051.28,6764.5739
000673.SZ,20110721,8.54,8.54,8.21,8.39,8.56,-0.17,-1.99,11151.09,9413.3332
000673.SZ,20110720,8.7,8.72,8.52,8.56,8.65,-0.09,-1.04,8358.48,7191.99
000673.SZ,20110719,8.67,8.7,8.6,8.65,8.69,-0.04,-0.46,9001.23,7764.0839
000673.SZ,20110718,8.86,8.95,8.65,8.69,8.86,-0.17,-1.92,16869.16,14778.7603
000673.SZ,20110715,8.83,9.0,8.72,8.86,8.84,0.02,0.23,13276.51,11782.3665
000673.SZ,20110714,8.67,8.85,8.67,8.84,8.75,0.09,1.03,14821.32,12962.0727
000673.SZ,20110713,8.48,8.79,8.46,8.75,8.5,0.25,2.94,12741.67,11018.2181
000673.SZ,20110712,8.73,8.8,8.5,8.5,8.84,-0.34,-3.85,14546.76,12608.455
000673.SZ,20110711,8.88,8.95,8.82,8.84,8.88,-0.04,-0.45,10671.5,9459.7421
000673.SZ,20110708,8.85,8.9,8.8,8.88,8.85,0.03,0.34,8893.48,7855.4862
000673.SZ,20110707,8.83,8.99,8.7,8.85,8.92,-0.07,-0.78,16563.06,14707.2121
000673.SZ,20110706,9.01,9.01,8.85,8.92,9.01,-0.09,-1.0,11629.02,10364.4213
000673.SZ,20110705,8.94,9.08,8.85,9.01,8.93,0.08,0.9,17938.78,16089.7048
000673.SZ,20110704,8.89,9.0,8.86,8.93,8.9,0.03,0.34,15255.94,13632.4251
000673.SZ,20110701,8.87,9.11,8.84,8.9,8.84,0.06,0.68,15275.37,13684.9466
000673.SZ,20110630,8.83,9.06,8.71,8.84,8.83,0.01,0.11,14924.77,13286.302
000673.SZ,20110629,8.97,9.12,8.83,8.83,9.14,-0.31,-3.39,26973.2,24196.6134
000673.SZ,20110628,8.7,9.14,8.3,9.14,8.7,0.44,5.06,41552.19,36830.7072
000673.SZ,20110627,8.82,8.93,8.62,8.7,8.86,-0.16,-1.81,13654.89,11955.939
000673.SZ,20110624,8.79,9.01,8.6,8.86,8.83,0.03,0.34,29044.39,25604.4308
000673.SZ,20110623,8.98,8.98,8.64,8.83,8.55,0.28,3.27,31400.62,27668.0846
000673.SZ,20110622,8.55,8.55,8.55,8.55,8.14,0.41,5.04,5314.83,4544.1797
000673.SZ,20110620,7.91,8.14,7.8,8.14,8.0,0.14,1.75,7311.31,5831.9628
000673.SZ,20110617,8.15,8.26,7.96,8.0,8.18,-0.18,-2.2,10786.88,8741.5207
000673.SZ,20110616,8.25,8.29,7.96,8.18,8.35,-0.17,-2.04,8312.73,6751.7512
000673.SZ,20110615,8.26,8.53,8.17,8.35,8.27,0.08,0.97,14547.82,12263.82
000673.SZ,20110614,7.9,8.27,7.82,8.27,7.88,0.39,4.95,10929.57,8873.0494
000673.SZ,20110613,8.1,8.1,7.73,7.88,8.09,-0.21,-2.6,7186.32,5640.1498
000673.SZ,20110610,8.15,8.16,7.87,8.09,8.21,-0.12,-1.46,10195.08,8148.9931
000673.SZ,20110609,8.53,8.61,8.15,8.21,8.56,-0.35,-4.09,13830.99,11545.0804
000673.SZ,20110608,8.32,8.6,8.23,8.56,8.37,0.19,2.27,11399.63,9596.9601
000673.SZ,20110607,8.2,8.41,8.13,8.37,8.25,0.12,1.45,10198.14,8477.1783
000673.SZ,20110603,8.18,8.35,8.1,8.25,8.19,0.06,0.73,9449.36,7778.738
000673.SZ,20110602,8.5,8.5,8.1,8.19,8.52,-0.33,-3.87,11605.13,9518.372
000673.SZ,20110601,8.49,8.56,8.37,8.52,8.51,0.01,0.12,9372.64,7908.2021
000673.SZ,20110531,8.5,8.8,8.27,8.51,8.7,-0.19,-2.18,22248.56,18766.771
000673.SZ,20110530,9.0,9.2,8.7,8.7,9.16,-0.46,-5.02,9518.0,8467.618
000673.SZ,20110527,9.5,9.59,9.03,9.16,9.5,-0.34,-3.58,10982.7,10106.1663
000673.SZ,20110526,9.68,9.68,9.45,9.5,9.63,-0.13,-1.35,5213.59,4995.8516
000673.SZ,20110525,9.76,9.97,9.46,9.63,9.79,-0.16,-1.63,9737.27,9406.1847
000673.SZ,20110524,9.82,9.82,9.42,9.79,9.79,0.0,0.0,8706.89,8317.8502
000673.SZ,20110523,10.16,10.16,9.68,9.79,10.18,-0.39,-3.83,11614.09,11441.0797
000673.SZ,20110520,10.11,10.2,9.93,10.18,10.17,0.01,0.1,13647.59,13762.3513
000673.SZ,20110519,9.8,10.29,9.68,10.17,9.8,0.37,3.78,36625.21,37336.3333
000673.SZ,20110518,9.62,9.85,9.4,9.8,9.66,0.14,1.45,18430.92,17782.5591
000673.SZ,20110517,10.07,10.14,9.57,9.66,10.07,-0.41,-4.07,25648.01,24921.4869
000673.SZ,20110516,10.21,10.25,10.05,10.07,10.03,0.04,0.4,11898.33,12073.2557
000673.SZ,20110512,10.2,10.2,10.03,10.03,10.24,-0.21,-2.05,14471.0,14598.698
000673.SZ,20110511,10.09,10.26,10.05,10.24,10.05,0.19,1.89,12591.2,12808.1314
000673.SZ,20110510,10.28,10.28,10.0,10.05,10.23,-0.18,-1.76,15544.24,15731.8047
000673.SZ,20110509,10.29,10.38,10.2,10.23,10.21,0.02,0.2,10499.04,10765.0441
000673.SZ,20110506,10.05,10.28,10.05,10.21,10.15,0.06,0.59,8104.17,8249.9871
000673.SZ,20110505,10.2,10.22,10.02,10.15,10.2,-0.05,-0.49,9884.7,10010.3255
000673.SZ,20110504,10.5,10.6,10.09,10.2,10.45,-0.25,-2.39,13628.74,14077.2987
000673.SZ,20110503,10.16,10.49,10.16,10.45,10.26,0.19,1.85,13630.99,14130.353
000673.SZ,20110429,10.1,10.32,10.1,10.26,10.15,0.11,1.08,16097.11,16423.2327
000673.SZ,20110428,10.22,10.5,10.04,10.15,10.25,-0.1,-0.98,18769.31,19229.9998
000673.SZ,20110427,10.45,10.58,9.92,10.25,10.44,-0.19,-1.82,32395.83,33446.1853
000673.SZ,20110426,10.78,10.89,10.37,10.44,10.92,-0.48,-4.4,21491.89,22671.6796
000673.SZ,20110425,11.31,11.43,10.76,10.92,11.33,-0.41,-3.62,35997.98,39310.4848
000673.SZ,20110422,11.21,11.58,11.1,11.33,11.4,-0.07,-0.61,21756.69,24656.4419
000673.SZ,20110421,11.52,11.98,11.16,11.4,11.55,-0.15,-1.3,41754.39,48185.9318
000673.SZ,20110420,11.5,11.67,11.33,11.55,11.53,0.02,0.17,33375.48,38209.5763
000673.SZ,20110419,11.13,11.71,10.92,11.53,11.15,0.38,3.41,65119.56,75051.3596
000673.SZ,20110418,11.4,11.4,11.06,11.15,11.06,0.09,0.81,63298.32,71202.1505
000673.SZ,20110415,10.45,11.06,10.45,11.06,10.53,0.53,5.03,30331.17,33254.3112
000673.SZ,20110414,10.6,10.72,10.4,10.53,10.64,-0.11,-1.03,37406.4,39437.9106
000673.SZ,20110413,10.76,10.97,10.61,10.64,10.91,-0.27,-2.47,43746.72,46937.5437
000673.SZ,20110412,10.66,11.06,10.66,10.91,10.9,0.01,0.09,51320.44,55790.1502
000673.SZ,20110411,11.25,11.25,10.85,10.9,10.82,0.08,0.74,99999.96,110116.3991
000673.SZ,20110408,10.29,10.82,10.15,10.82,10.3,0.52,5.05,43992.74,46829.3058
000673.SZ,20110407,9.79,10.3,9.68,10.3,9.81,0.49,4.99,80346.07,80978.7779
000673.SZ,20110406,10.25,10.28,9.72,9.81,9.94,-0.13,-1.31,90794.38,90788.4503
000673.SZ,20110401,9.58,9.94,9.58,9.94,9.47,0.47,4.96,70353.83,69771.1983
000673.SZ,20110331,9.41,9.58,9.33,9.47,9.38,0.09,0.96,22684.27,21493.7173
000673.SZ,20110330,9.29,9.47,9.24,9.38,9.29,0.09,0.97,15859.94,14808.8999
000673.SZ,20110329,9.33,9.53,9.25,9.29,9.35,-0.06,-0.64,26067.43,24509.0839
000673.SZ,20110328,9.6,9.68,9.28,9.35,9.58,-0.23,-2.4,39954.19,37648.9894
000673.SZ,20110325,9.44,9.72,9.33,9.58,9.39,0.19,2.02,43303.64,41237.6692
000673.SZ,20110323,9.38,9.42,9.26,9.39,9.37,0.02,0.21,24030.64,22445.2258
000673.SZ,20110322,9.34,9.46,9.22,9.37,9.34,0.03,0.32,14854.26,13836.8561
000673.SZ,20110321,9.52,9.57,9.32,9.34,9.51,-0.17,-1.79,15823.63,14911.8586
000673.SZ,20110318,9.32,9.55,9.28,9.51,9.29,0.22,2.37,24075.29,22833.9231
000673.SZ,20110317,9.24,9.45,9.1,9.29,9.26,0.03,0.32,19176.2,17802.802
000673.SZ,20110316,9.03,9.29,9.03,9.26,9.09,0.17,1.87,18604.27,17153.77
000673.SZ,20110315,9.5,9.5,8.99,9.09,9.45,-0.36,-3.81,31272.7,28600.9046
000673.SZ,20110314,9.5,9.62,9.44,9.45,9.58,-0.13,-1.36,38002.97,36147.0879
000673.SZ,20110311,9.51,9.69,9.49,9.58,9.54,0.04,0.42,17537.78,16826.1017
000673.SZ,20110310,9.77,9.77,9.5,9.54,9.74,-0.2,-2.05,23898.61,22892.9187
000673.SZ,20110309,9.9,9.9,9.67,9.74,9.9,-0.16,-1.62,41298.31,40348.9918
000673.SZ,20110308,9.9,9.93,9.73,9.9,9.89,0.01,0.1,34207.94,33565.899
000673.SZ,20110307,10.05,10.12,9.8,9.89,10.05,-0.16,-1.59,74064.15,73723.1738
000673.SZ,20110304,9.82,10.1,9.75,10.05,9.92,0.13,1.31,19103.31,18946.118
000673.SZ,20110303,9.89,10.3,9.81,9.92,9.91,0.01,0.1,27527.96,27647.3111
000673.SZ,20110302,10.02,10.06,9.83,9.91,9.99,-0.08,-0.8,22698.17,22562.6766
000673.SZ,20110301,9.58,10.0,9.49,9.99,9.57,0.42,4.39,34748.68,34021.1526
000673.SZ,20110228,9.47,9.58,9.3,9.57,9.52,0.05,0.53,14713.99,13958.0235
000673.SZ,20110225,9.18,9.56,9.18,9.52,9.25,0.27,2.92,17612.58,16407.988
000673.SZ,20110224,9.3,9.3,9.14,9.25,9.27,-0.02,-0.22,10810.7,9968.8002
000673.SZ,20110223,9.21,9.37,9.14,9.27,9.21,0.06,0.65,12613.98,11641.1048
000673.SZ,20110222,9.63,9.71,9.2,9.21,9.65,-0.44,-4.56,18386.27,17516.3501
000673.SZ,20110221,9.65,9.74,9.5,9.65,9.74,-0.09,-0.92,25077.14,24142.3194
000673.SZ,20110218,9.72,9.74,9.58,9.74,9.7,0.04,0.41,12618.6,12194.9654
000673.SZ,20110217,9.98,10.05,9.6,9.7,9.98,-0.28,-2.81,19464.17,18904.2126
000673.SZ,20110216,9.82,10.09,9.77,9.98,9.86,0.12,1.22,15271.61,15184.6237
000673.SZ,20110215,9.73,10.0,9.62,9.86,9.7,0.16,1.65,23832.28,23568.3938
000673.SZ,20110214,9.5,9.78,9.41,9.7,9.5,0.2,2.11,16215.71,15748.224
000673.SZ,20110211,9.49,9.55,9.34,9.5,9.49,0.01,0.11,10252.18,9699.2134
000673.SZ,20110210,9.29,9.53,9.29,9.49,9.4,0.09,0.96,7439.63,7021.9604
000673.SZ,20110209,9.34,9.8,9.07,9.4,9.34,0.06,0.64,12314.4,11581.5071
000673.SZ,20110201,9.47,9.66,9.3,9.34,9.34,0.0,0.0,6142.75,5784.317
000673.SZ,20110131,9.15,9.6,9.13,9.34,9.14,0.2,2.19,9352.89,8790.7808
000673.SZ,20110128,9.05,9.38,9.02,9.14,9.14,0.0,0.0,7027.11,6476.3159
000673.SZ,20110127,9.1,9.25,8.9,9.14,9.16,-0.02,-0.22,8538.32,7764.2788
000673.SZ,20110126,8.77,9.26,8.76,9.16,8.82,0.34,3.85,9681.74,8713.3932
000673.SZ,20110125,8.95,8.98,8.68,8.82,8.88,-0.06,-0.68,8349.39,7351.3618
000673.SZ,20110124,9.13,9.17,8.79,8.88,9.1,-0.22,-2.42,12099.27,10892.2152
000673.SZ,20110121,9.4,9.4,9.06,9.1,9.39,-0.29,-3.09,11732.72,10863.3462
000673.SZ,20110120,9.8,9.81,9.39,9.39,9.88,-0.49,-4.96,12888.98,12254.7147
000673.SZ,20110119,9.79,9.92,9.55,9.88,9.82,0.06,0.61,8584.84,8335.6961
000673.SZ,20110118,9.88,10.0,9.76,9.82,9.92,-0.1,-1.01,6441.11,6352.514
000673.SZ,20110117,10.13,10.39,9.81,9.92,10.12,-0.2,-1.98,11327.19,11452.0107
000673.SZ,20110114,10.0,10.14,9.76,10.12,10.0,0.12,1.2,11201.27,11125.9405
000673.SZ,20110113,10.18,10.42,9.9,10.0,9.98,0.02,0.2,22770.86,23161.2689
000673.SZ,20110112,9.49,9.98,9.49,9.98,9.5,0.48,5.05,17132.41,16841.6983
000673.SZ,20110111,9.72,9.74,9.41,9.5,9.84,-0.34,-3.46,15566.4,14882.9169
000673.SZ,20110110,10.36,10.44,9.84,9.84,10.36,-0.52,-5.02,17463.49,17533.8564
000673.SZ,20110107,10.6,10.68,10.31,10.36,10.66,-0.3,-2.81,17015.46,17801.7638
000673.SZ,20110106,11.05,11.05,10.54,10.66,10.73,-0.07,-0.65,31022.37,33352.1406
000673.SZ,20110105,10.19,10.73,9.99,10.73,10.22,0.51,4.99,40858.93,41980.5709
000673.SZ,20110104,9.91,10.28,9.83,10.22,10.1,0.12,1.19,30074.21,30190.0962
000673.SZ,20101231,10.0,10.29,9.79,10.1,10.31,-0.21,-2.04,48817.56,48371.5703
000673.SZ,20101230,10.5,10.64,10.26,10.31,10.75,-0.44,-4.09,22621.43,23418.1492
000673.SZ,20101229,10.45,10.97,10.21,10.75,10.75,0.0,0.0,30021.0,31681.2177
000673.SZ,20101228,11.35,11.35,10.75,10.75,11.32,-0.57,-5.04,17005.48,18409.9292
000673.SZ,20101227,11.6,11.74,11.31,11.32,11.6,-0.28,-2.41,7935.0,9167.2159
000673.SZ,20101224,11.7,11.78,11.34,11.6,11.6,0.0,0.0,10106.87,11711.0933
000673.SZ,20101223,12.04,12.04,11.45,11.6,12.04,-0.44,-3.65,14804.52,17274.7378
000673.SZ,20101222,12.17,12.33,12.01,12.04,12.15,-0.11,-0.91,7476.96,9059.6958
000673.SZ,20101221,12.17,12.4,12.05,12.15,12.17,-0.02,-0.16,11992.83,14639.8536
000673.SZ,20101220,12.82,12.82,12.17,12.17,12.81,-0.64,-5.0,23279.27,28659.8389
000673.SZ,20101217,12.92,13.12,12.76,12.81,12.91,-0.1,-0.77,6945.79,8910.0851
000673.SZ,20101216,13.09,13.15,12.91,12.91,13.09,-0.18,-1.38,8321.04,10838.3987
000673.SZ,20101215,13.19,13.2,12.74,13.09,13.1,-0.01,-0.08,14601.66,18958.1354
000673.SZ,20101214,12.85,13.28,12.81,13.1,12.88,0.22,1.71,16645.22,21793.7888
000673.SZ,20101213,12.95,12.99,12.73,12.88,12.85,0.03,0.23,8607.7,11072.3492
000673.SZ,20101210,12.65,12.93,12.64,12.85,12.75,0.1,0.78,5770.33,7401.6337
000673.SZ,20101209,12.88,12.88,12.41,12.75,12.84,-0.09,-0.7,5438.92,6926.457
000673.SZ,20101208,13.25,13.25,12.76,12.84,13.0,-0.16,-1.23,5851.48,7527.0874
000673.SZ,20101207,12.56,13.1,12.56,13.0,12.79,0.21,1.64,5703.92,7387.2893
000673.SZ,20101206,13.1,13.13,12.7,12.79,13.1,-0.31,-2.37,8171.76,10516.7357
000673.SZ,20101203,13.1,13.28,13.0,13.1,13.0,0.1,0.77,6044.24,7924.9383
000673.SZ,20101202,13.15,13.25,13.0,13.0,13.07,-0.07,-0.54,6547.13,8597.9302
000673.SZ,20101201,13.09,13.2,12.8,13.07,12.82,0.25,1.95,5241.32,6831.7195
000673.SZ,20101130,13.3,13.48,12.81,12.82,13.48,-0.66,-4.9,17522.96,22737.9777
000673.SZ,20101129,13.52,13.8,13.31,13.48,13.48,0.0,0.0,12231.56,16497.9195
000673.SZ,20101126,13.82,13.86,13.3,13.48,13.7,-0.22,-1.61,10895.03,14798.4074
000673.SZ,20101125,13.21,13.87,13.02,13.7,13.21,0.49,3.71,11095.02,15186.566
000673.SZ,20101124,12.71,13.37,12.58,13.21,12.73,0.48,3.77,22067.15,29018.5348
000673.SZ,20101123,12.64,12.86,12.4,12.73,12.65,0.08,0.63,11712.35,14728.498
000673.SZ,20101122,12.66,12.98,12.52,12.65,12.66,-0.01,-0.08,10045.74,12786.2669
000673.SZ,20101119,12.34,12.87,12.3,12.66,12.33,0.33,2.68,15752.49,19804.2895
000673.SZ,20101118,11.98,12.33,11.26,12.33,11.74,0.59,5.03,20840.5,24858.2404
000673.SZ,20101117,12.29,12.29,11.74,11.74,12.36,-0.62,-5.02,22374.27,26649.1575
000673.SZ,20101116,12.85,12.85,12.25,12.36,12.8,-0.44,-3.44,22544.19,28054.4728
000673.SZ,20101115,13.22,13.3,12.17,12.8,12.81,-0.01,-0.08,29255.01,37527.5977
000673.SZ,20101112,12.79,13.43,12.79,12.81,12.79,0.02,0.16,60592.92,80408.5993
000673.SZ,20101111,12.18,12.79,12.0,12.79,12.18,0.61,5.01,22485.27,27733.7802
000673.SZ,20101110,12.4,12.4,12.08,12.18,12.15,0.03,0.25,15855.31,19487.2314
000673.SZ,20101109,12.12,12.29,12.0,12.15,12.11,0.04,0.33,17432.61,21207.1174
000673.SZ,20101108,12.48,12.8,11.91,12.11,12.27,-0.16,-1.3,44236.45,54995.0574
000673.SZ,20101105,12.0,12.27,11.95,12.27,11.69,0.58,4.96,23270.9,28452.6152
000673.SZ,20101104,11.12,11.69,11.12,11.69,11.13,0.56,5.03,25952.04,30245.5539
000673.SZ,20101103,10.59,11.13,10.43,11.13,10.6,0.53,5.0,24115.62,26093.7224
000673.SZ,20101102,10.68,10.75,10.5,10.6,10.71,-0.11,-1.03,17109.96,18172.2432
000673.SZ,20101101,10.91,10.91,10.52,10.71,10.91,-0.2,-1.83,25522.44,27315.5604
000673.SZ,20101029,11.0,11.07,10.71,10.91,10.89,0.02,0.18,10541.02,11507.2981
000673.SZ,20101028,10.85,11.15,10.57,10.89,10.86,0.03,0.28,14942.69,16125.2217
000673.SZ,20101027,10.48,11.2,10.48,10.86,10.85,0.01,0.09,22189.48,24356.9078
000673.SZ,20101026,10.45,10.85,10.4,10.85,10.33,0.52,5.03,32841.15,35326.1781
000673.SZ,20101025,9.86,10.33,9.75,10.33,9.84,0.49,4.98,15752.16,16069.6939
000673.SZ,20101022,9.92,9.92,9.73,9.84,9.83,0.01,0.1,8753.2,8580.3227
000673.SZ,20101021,10.04,10.04,9.8,9.83,9.96,-0.13,-1.31,10144.44,10018.4474
000673.SZ,20101020,10.0,10.14,9.7,9.96,9.98,-0.02,-0.2,19187.63,19102.0088
000673.SZ,20101019,10.0,10.11,9.9,9.98,9.96,0.02,0.2,12298.78,12247.0202
000673.SZ,20101018,10.36,10.36,9.95,9.96,10.36,-0.4,-3.86,11734.88,11835.6133
000673.SZ,20101015,10.38,10.49,10.17,10.36,10.18,0.18,1.77,14934.6,15430.2862
000673.SZ,20101014,10.34,10.35,10.1,10.18,10.34,-0.16,-1.55,13076.03,13369.2058
000673.SZ,20101013,10.35,10.61,10.24,10.34,10.24,0.1,0.98,15311.29,15919.1255
000673.SZ,20101012,10.31,10.45,10.2,10.24,10.31,-0.07,-0.68,8728.76,8989.1001
000673.SZ,20101011,10.33,10.6,10.21,10.31,10.19,0.12,1.18,10632.01,11068.1322
000673.SZ,20101008,10.2,10.3,10.0,10.19,9.98,0.21,2.1,8966.78,9156.7323
000673.SZ,20100930,9.8,10.17,9.8,9.98,9.89,0.09,0.91,12058.4,12102.868
000673.SZ,20100929,10.26,10.26,9.88,9.89,10.22,-0.33,-3.23,11787.73,11811.1788
000673.SZ,20100928,10.4,10.46,10.15,10.22,10.4,-0.18,-1.73,9019.56,9269.6462
000673.SZ,20100927,10.48,10.48,10.24,10.4,10.31,0.09,0.87,6837.19,7072.004
000673.SZ,20100921,10.35,10.54,10.29,10.31,10.29,0.02,0.19,6867.66,7126.8931
000673.SZ,20100920,10.5,10.75,10.13,10.29,10.5,-0.21,-2.0,14445.91,15185.7935
000673.SZ,20100917,10.42,10.72,10.34,10.5,10.53,-0.03,-0.28,12913.72,13521.2689
000673.SZ,20100916,10.49,10.98,10.48,10.53,10.52,0.01,0.1,36761.92,39274.1242
000673.SZ,20100915,10.06,10.54,10.0,10.52,10.04,0.48,4.78,34050.59,35550.3485
000673.SZ,20100914,9.95,10.14,9.88,10.04,9.98,0.06,0.6,9913.07,9914.6251
000673.SZ,20100913,9.65,10.07,9.56,9.98,9.62,0.36,3.74,15027.62,14845.9951
000673.SZ,20100910,9.52,9.68,9.44,9.62,9.6,0.02,0.21,9153.25,8753.8482
000673.SZ,20100909,9.55,9.69,9.38,9.6,9.47,0.13,1.37,10340.77,9905.9387
000673.SZ,20100908,9.65,9.65,9.45,9.47,9.64,-0.17,-1.76,8814.98,8400.0495
000673.SZ,20100907,9.52,9.71,9.51,9.64,9.5,0.14,1.47,13142.12,12608.8249
000673.SZ,20100906,9.35,9.7,9.18,9.5,9.28,0.22,2.37,12411.78,11839.3528
000673.SZ,20100903,9.47,9.66,9.19,9.28,9.37,-0.09,-0.96,26400.21,24940.1829
000673.SZ,20100902,8.94,9.37,8.94,9.37,8.92,0.45,5.04,24191.08,22547.1761
000673.SZ,20100901,9.08,9.09,8.79,8.92,9.08,-0.16,-1.76,15247.21,13615.3581
000673.SZ,20100831,9.12,9.12,9.03,9.08,9.12,-0.04,-0.44,6769.5,6141.5263
000673.SZ,20100830,9.07,9.14,8.98,9.12,9.03,0.09,1.0,10069.12,9136.0333
000673.SZ,20100827,9.03,9.08,8.9,9.03,9.04,-0.01,-0.11,5105.01,4590.5913
000673.SZ,20100826,9.01,9.1,8.88,9.04,8.95,0.09,1.01,9024.85,8108.66
000673.SZ,20100825,9.22,9.25,8.93,8.95,9.2,-0.25,-2.72,13603.5,12343.4305
000673.SZ,20100824,9.13,9.25,9.06,9.2,9.1,0.1,1.1,16236.86,14899.2175
000673.SZ,20100823,9.0,9.1,8.92,9.1,8.95,0.15,1.68,8440.35,7620.2183
000673.SZ,20100820,8.91,9.1,8.9,8.95,8.98,-0.03,-0.33,11339.3,10198.381
000673.SZ,20100819,8.99,9.06,8.9,8.98,9.0,-0.02,-0.22,10715.25,9622.5526
000673.SZ,20100818,9.06,9.06,8.91,9.0,9.05,-0.05,-0.55,9114.04,8179.6377
000673.SZ,20100817,9.03,9.08,8.95,9.05,9.03,0.02,0.22,7834.75,7058.5346
000673.SZ,20100816,8.9,9.03,8.8,9.03,8.9,0.13,1.46,10491.11,9392.399
000673.SZ,20100813,8.85,8.98,8.72,8.9,8.84,0.06,0.68,12795.73,11312.4238
000673.SZ,20100812,9.0,9.03,8.8,8.84,9.07,-0.23,-2.54,12442.1,11067.614
000673.SZ,20100811,9.15,9.18,9.0,9.07,9.18,-0.11,-1.2,12568.35,11387.6876
000673.SZ,20100810,8.92,9.38,8.88,9.18,9.03,0.15,1.66,26636.15,24376.8168
000673.SZ,20100809,9.03,9.08,8.8,9.03,9.07,-0.04,-0.44,12439.76,11175.738
000673.SZ,20100806,8.93,9.1,8.88,9.07,8.9,0.17,1.91,10990.94,9856.2231
000673.SZ,20100805,9.09,9.09,8.88,8.9,8.96,-0.06,-0.67,8553.87,7662.428
000673.SZ,20100804,8.98,9.13,8.8,8.96,9.06,-0.1,-1.1,8351.08,7492.4507
000673.SZ,20100803,9.06,9.4,8.95,9.06,9.06,0.0,0.0,16394.8,15101.0654
000673.SZ,20100802,9.04,9.07,8.84,9.06,9.03,0.03,0.33,10006.32,9008.078
000673.SZ,20100730,9.03,9.12,8.82,9.03,8.96,0.07,0.78,11904.58,10664.8487
000673.SZ,20100729,9.1,9.19,8.86,8.96,9.07,-0.11,-1.21,15444.83,13857.2406
000673.SZ,20100728,8.63,9.07,8.63,9.07,8.64,0.43,4.98,29511.01,26719.6642
000673.SZ,20100727,8.71,8.76,8.58,8.64,8.71,-0.07,-0.8,6453.83,5577.6302
000673.SZ,20100726,8.75,8.77,8.62,8.71,8.75,-0.04,-0.46,3819.66,3314.7237
000673.SZ,20100723,8.99,8.99,8.7,8.75,8.88,-0.13,-1.46,3839.99,3374.6573
000673.SZ,20100722,8.8,8.92,8.73,8.88,8.89,-0.01,-0.11,6766.52,5983.2332
000673.SZ,20100721,8.65,8.89,8.62,8.89,8.66,0.23,2.66,6822.7,5942.1133
000673.SZ,20100720,8.45,8.68,8.37,8.66,8.62,0.04,0.46,9822.86,8390.5727
000673.SZ,20100719,8.59,8.66,8.19,8.62,8.59,0.03,0.35,10875.3,9083.3745
000673.SZ,20100716,8.55,8.67,8.32,8.59,8.59,0.0,0.0,2634.0,2251.3651
000673.SZ,20100715,8.64,8.95,8.59,8.59,8.62,-0.03,-0.35,6001.0,5235.0978
000673.SZ,20100714,8.58,8.74,8.57,8.62,8.66,-0.04,-0.46,2232.39,1934.7088
000673.SZ,20100713,8.79,8.79,8.55,8.66,8.7,-0.04,-0.46,2534.73,2193.0075
000673.SZ,20100712,8.54,8.74,8.53,8.7,8.54,0.16,1.87,2775.89,2401.9708
000673.SZ,20100709,8.53,8.68,8.43,8.54,8.46,0.08,0.95,4298.09,3676.1061
000673.SZ,20100708,8.7,8.7,8.4,8.46,8.54,-0.08,-0.94,2399.16,2040.8382
000673.SZ,20100707,8.22,8.59,8.21,8.54,8.31,0.23,2.77,2035.64,1721.1895
000673.SZ,20100706,8.31,8.42,8.2,8.31,8.3,0.01,0.12,3652.74,3048.6799
000673.SZ,20100705,8.68,8.68,8.3,8.3,8.68,-0.38,-4.38,4795.01,4023.143
000673.SZ,20100702,8.29,8.68,8.29,8.68,8.27,0.41,4.96,11689.67,10039.8324
000673.SZ,20100701,7.95,8.27,7.9,8.27,7.88,0.39,4.95,7549.25,6193.1767
000673.SZ,20100630,7.71,8.0,7.71,7.88,8.02,-0.14,-1.75,5038.7,3946.1769
000673.SZ,20100629,8.38,8.55,8.02,8.02,8.44,-0.42,-4.98,10426.0,8441.125
000673.SZ,20100628,8.63,8.72,8.42,8.44,8.63,-0.19,-2.2,4223.01,3607.4792
000673.SZ,20100625,8.61,8.73,8.4,8.63,8.77,-0.14,-1.6,3956.7,3389.4082
000673.SZ,20100624,8.83,8.87,8.51,8.77,8.87,-0.1,-1.13,7219.9,6281.009
000673.SZ,20100623,9.09,9.18,8.66,8.87,9.11,-0.24,-2.63,10070.4,8891.5794
000673.SZ,20100622,8.9,9.16,8.89,9.11,8.93,0.18,2.02,2822.74,2563.8279
000673.SZ,20100621,9.15,9.15,8.81,8.93,9.15,-0.22,-2.4,6213.66,5582.7117
000673.SZ,20100618,9.53,9.53,9.05,9.15,9.21,-0.06,-0.65,3732.35,3412.2082
000673.SZ,20100617,9.23,9.53,9.2,9.21,9.35,-0.14,-1.5,8600.66,7986.4998
000673.SZ,20100611,9.05,9.49,9.0,9.35,9.09,0.26,2.86,9987.71,9229.0682
000673.SZ,20100610,9.03,9.1,9.03,9.09,9.1,-0.01,-0.11,3537.14,3200.5494
000673.SZ,20100609,8.95,9.11,8.95,9.1,8.95,0.15,1.68,4474.1,4040.7684
000673.SZ,20100608,8.7,8.98,8.64,8.95,8.74,0.21,2.4,4164.29,3704.7799
000673.SZ,20100607,8.91,8.98,8.7,8.74,9.1,-0.36,-3.96,7891.36,6970.2718
000673.SZ,20100604,9.0,9.15,8.9,9.1,9.1,0.0,0.0,3515.49,3180.8643
000673.SZ,20100603,9.18,9.24,9.01,9.1,9.16,-0.06,-0.66,5381.44,4894.7305
000673.SZ,20100602,9.0,9.24,8.76,9.16,8.86,0.3,3.39,9486.17,8629.9515
000673.SZ,20100601,9.43,9.43,8.68,8.86,9.09,-0.23,-2.53,22777.74,20507.4242
000673.SZ,20100531,9.08,9.09,8.77,9.09,8.66,0.43,4.97,14877.08,13494.4287
000673.SZ,20100528,8.34,8.66,8.3,8.66,8.25,0.41,4.97,11493.8,9910.3488
000673.SZ,20100527,7.84,8.25,7.73,8.25,7.86,0.39,4.96,15494.11,12587.8888
000673.SZ,20100526,7.7,7.98,7.7,7.86,7.85,0.01,0.13,12960.28,10154.2408
000673.SZ,20100525,8.03,8.06,7.79,7.85,8.04,-0.19,-2.36,11252.56,8924.537
000673.SZ,20100524,7.76,8.04,7.66,8.04,7.66,0.38,4.96,22193.7,17721.9491
000673.SZ,20100521,7.8,7.94,7.58,7.66,7.98,-0.32,-4.01,24744.03,18927.8505
000673.SZ,20100520,8.1,8.28,7.9,7.98,8.17,-0.19,-2.33,4909.0,3948.369
000673.SZ,20100519,8.36,8.36,8.01,8.17,8.43,-0.26,-3.08,7038.77,5761.6604
000673.SZ,20100518,8.71,8.79,8.33,8.43,8.77,-0.34,-3.88,11916.0,10049.049
000673.SZ,20100517,9.0,9.15,8.7,8.77,9.06,-0.29,-3.2,7670.04,6873.2307
000673.SZ,20100514,9.14,9.15,9.0,9.06,9.14,-0.08,-0.88,4627.14,4196.823
000673.SZ,20100513,8.85,9.16,8.85,9.14,8.98,0.16,1.78,8812.96,7971.3553
000673.SZ,20100511,8.98,9.23,8.88,8.98,8.97,0.01,0.11,13389.15,12091.5558
000673.SZ,20100510,9.14,9.28,8.73,8.97,9.17,-0.2,-2.18,8884.04,7984.0326
000673.SZ,20100507,9.3,9.36,9.02,9.17,9.48,-0.31,-3.27,10575.06,9748.7967
000673.SZ,20100506,9.42,9.75,9.4,9.48,9.56,-0.08,-0.84,7818.39,7478.3296
000673.SZ,20100505,9.55,9.56,9.23,9.56,9.42,0.14,1.49,7477.4,7039.7185
000673.SZ,20100504,9.41,9.58,9.4,9.42,9.49,-0.07,-0.74,4504.3,4261.857
000673.SZ,20100430,9.81,9.89,9.41,9.49,9.9,-0.41,-4.14,15568.66,14791.6515
000673.SZ,20100429,10.08,10.18,9.88,9.9,10.05,-0.15,-1.49,7628.43,7622.0185
000673.SZ,20100428,10.04,10.16,9.9,10.05,10.04,0.01,0.1,9459.08,9451.9321
000673.SZ,20100427,10.42,10.42,9.93,10.04,10.27,-0.23,-2.24,13179.47,13344.0127
000673.SZ,20100426,10.16,10.42,10.05,10.27,10.12,0.15,1.48,9896.54,10179.4993
000673.SZ,20100423,9.9,10.36,9.8,10.12,10.2,-0.08,-0.78,29318.77,29470.6253
000673.SZ,20100421,10.28,10.64,10.1,10.2,10.13,0.07,0.69,24182.81,24838.9754
000673.SZ,20100420,10.43,10.43,9.92,10.13,10.42,-0.29,-2.78,19511.4,19772.3604
000673.SZ,20100419,10.8,10.96,10.42,10.42,10.97,-0.55,-5.01,18264.08,19411.8395
000673.SZ,20100416,10.91,11.05,10.71,10.97,10.98,-0.01,-0.09,20095.79,21942.3959
000673.SZ,20100415,10.87,11.16,10.86,10.98,10.97,0.01,0.09,12399.04,13666.121
000673.SZ,20100414,10.86,11.05,10.84,10.97,10.96,0.01,0.09,14922.7,16294.5243
000673.SZ,20100413,11.19,11.3,10.64,10.96,11.19,-0.23,-2.06,24751.02,27167.9429
000673.SZ,20100412,11.08,11.25,10.96,11.19,11.02,0.17,1.54,19842.91,21905.3559
000673.SZ,20100409,11.0,11.19,11.0,11.02,10.97,0.05,0.46,18031.77,19968.9833
000673.SZ,20100408,10.65,11.2,10.55,10.97,10.68,0.29,2.72,27736.87,30503.1764
000673.SZ,20100407,10.59,10.73,10.48,10.68,10.54,0.14,1.33,22263.04,23594.3887
000673.SZ,20100406,10.62,10.76,10.45,10.54,10.61,-0.07,-0.66,15811.53,16652.2423
000673.SZ,20100402,10.31,10.79,10.29,10.61,10.28,0.33,3.21,33977.07,36271.7804
000673.SZ,20100401,10.35,10.5,10.24,10.28,10.43,-0.15,-1.44,19909.68,20596.2822
000673.SZ,20100331,10.19,10.47,10.18,10.43,10.17,0.26,2.56,26139.24,27081.2274
000673.SZ,20100330,9.9,10.2,9.73,10.17,9.89,0.28,2.83,23020.07,23148.4493
000673.SZ,20100329,10.05,10.14,9.71,9.89,9.91,-0.02,-0.2,36675.53,36235.7348
000673.SZ,20100326,9.99,10.25,9.81,9.91,9.95,-0.04,-0.4,24755.1,24753.1193
000673.SZ,20100325,10.05,10.05,9.85,9.95,10.05,-0.1,-1.0,18406.46,18309.1356
000673.SZ,20100324,10.31,10.46,10.0,10.05,10.38,-0.33,-3.18,28442.28,28951.6146
000673.SZ,20100323,10.51,10.58,10.16,10.38,10.51,-0.13,-1.24,31512.2,32844.1665
000673.SZ,20100322,10.15,10.61,10.01,10.51,10.1,0.41,4.06,57793.56,60125.1398
000673.SZ,20100319,10.31,10.49,10.02,10.1,10.0,0.1,1.0,43403.45,44389.9756
000673.SZ,20100318,9.5,10.0,9.46,10.0,9.52,0.48,5.04,54508.12,54245.8854
000673.SZ,20100317,9.4,9.62,9.38,9.52,9.4,0.12,1.28,9297.39,8836.6755
000673.SZ,20100316,9.18,9.64,9.02,9.4,9.18,0.22,2.4,15602.7,14738.9082
000673.SZ,20100315,9.15,9.25,8.96,9.18,9.24,-0.06,-0.65,11016.07,10015.9484
000673.SZ,20100312,9.2,9.45,9.15,9.24,9.22,0.02,0.22,11045.74,10278.1471
000673.SZ,20100311,9.13,9.39,9.12,9.22,9.22,0.0,0.0,10065.79,9305.6497
000673.SZ,20100310,9.5,9.58,9.07,9.22,9.55,-0.33,-3.46,19460.94,18152.8539
000673.SZ,20100309,9.6,9.66,9.5,9.55,9.58,-0.03,-0.31,15417.93,14769.8915
000673.SZ,20100308,9.27,9.69,9.27,9.58,9.27,0.31,3.34,27545.57,26099.2558
000673.SZ,20100305,8.9,9.34,8.9,9.27,9.17,0.1,1.09,27473.14,25192.361
000673.SZ,20100304,9.36,9.65,9.08,9.17,9.34,-0.17,-1.82,39367.31,37051.4967
000673.SZ,20100303,9.0,9.43,8.91,9.34,8.98,0.36,4.01,36334.6,33811.7238
000673.SZ,20100302,8.96,9.05,8.89,8.98,8.97,0.01,0.11,14972.51,13420.2523
000673.SZ,20100301,8.83,9.1,8.65,8.97,8.8,0.17,1.93,30223.44,26980.1424
000673.SZ,20100226,8.41,8.8,8.33,8.8,8.38,0.42,5.01,42103.75,36937.0299
000673.SZ,20100225,8.34,8.42,8.28,8.38,8.28,0.1,1.21,11050.52,9226.8081
000673.SZ,20100224,8.16,8.34,8.13,8.28,8.16,0.12,1.47,11311.49,9350.8652
000673.SZ,20100223,8.08,8.18,8.0,8.16,8.09,0.07,0.87,8531.7,6919.6592
000673.SZ,20100222,8.19,8.28,8.09,8.09,8.17,-0.08,-0.98,8574.2,7004.3501
000673.SZ,20100212,8.05,8.17,8.03,8.17,8.01,0.16,2.0,6217.72,5040.3994
000673.SZ,20100211,8.0,8.09,8.0,8.01,8.04,-0.03,-0.37,3666.26,2945.0705
000673.SZ,20100210,8.08,8.09,8.0,8.04,8.04,0.0,0.0,4820.33,3872.0744
000673.SZ,20100209,8.19,8.19,8.0,8.04,8.17,-0.13,-1.59,4152.0,3353.5313
000673.SZ,20100208,8.07,8.25,8.05,8.17,8.07,0.1,1.24,8656.37,7048.7624
000673.SZ,20100205,8.08,8.11,7.97,8.07,8.2,-0.13,-1.59,6801.0,5472.737
000673.SZ,20100204,8.0,8.34,7.86,8.2,7.99,0.21,2.63,11689.67,9437.5042
000673.SZ,20100203,7.89,8.04,7.83,7.99,7.89,0.1,1.27,12477.17,9893.4892
000673.SZ,20100202,7.94,7.96,7.84,7.89,7.87,0.02,0.25,5975.66,4728.1764
000673.SZ,20100201,7.89,7.98,7.75,7.87,7.87,0.0,0.0,10459.31,8225.0695
000673.SZ,20100129,7.92,8.0,7.75,7.87,7.88,-0.01,-0.13,7471.37,5916.0319
000673.SZ,20100128,7.97,8.0,7.68,7.88,7.97,-0.09,-1.13,9155.39,7247.4481
000673.SZ,20100127,7.86,7.98,7.53,7.97,7.93,0.04,0.5,17920.03,13933.4324
000673.SZ,20100126,8.12,8.12,7.85,7.93,8.0,-0.07,-0.88,13802.36,11057.4822
000673.SZ,20100125,8.25,8.39,7.97,8.0,8.23,-0.23,-2.79,12925.48,10466.2938
000673.SZ,20100122,8.42,8.53,8.03,8.23,8.43,-0.2,-2.37,10560.04,8749.6437
000673.SZ,20100121,8.4,8.5,8.4,8.43,8.44,-0.01,-0.12,9410.24,7955.7713
000673.SZ,20100120,8.78,8.78,8.36,8.44,8.7,-0.26,-2.99,13946.01,11955.0316
000673.SZ,20100119,8.7,8.72,8.54,8.7,8.66,0.04,0.46,13036.12,11275.5156
000673.SZ,20100118,8.44,8.75,8.39,8.66,8.45,0.21,2.49,23654.89,20374.5291
000673.SZ,20100115,8.41,8.45,8.3,8.45,8.44,0.01,0.12,14263.14,11940.1728
000673.SZ,20100114,8.28,8.49,8.28,8.44,8.3,0.14,1.69,15679.32,13153.5101
000673.SZ,20100113,8.46,8.55,8.25,8.3,8.57,-0.27,-3.15,23053.17,19265.9624
000673.SZ,20100112,8.59,8.65,8.4,8.57,8.69,-0.12,-1.38,25329.46,21557.0647
000673.SZ,20100111,8.68,8.98,8.51,8.69,8.89,-0.2,-2.25,24790.12,21587.7196
000673.SZ,20100108,8.97,9.02,8.69,8.89,8.97,-0.08,-0.89,21741.52,19258.3644
000673.SZ,20100107,9.21,9.21,8.9,8.97,9.17,-0.2,-2.18,31628.56,28573.1912
000673.SZ,20100106,9.19,9.45,9.14,9.17,9.14,0.03,0.33,43634.99,40644.9161
000673.SZ,20100105,8.9,9.24,8.8,9.14,9.15,-0.01,-0.11,46721.65,42182.3377
000673.SZ,20091230,8.87,9.27,8.83,9.15,8.86,0.29,3.27,34829.56,31941.442
000673.SZ,20091229,9.02,9.05,8.79,8.86,9.02,-0.16,-1.77,19208.9,17163.4257
000673.SZ,20091228,8.93,9.09,8.88,9.02,9.0,0.02,0.22,14369.83,12920.2867
000673.SZ,20091225,9.11,9.16,8.95,9.0,9.2,-0.2,-2.17,13360.51,12078.2658
000673.SZ,20091224,9.15,9.25,8.9,9.2,9.15,0.05,0.55,23785.72,21627.222
000673.SZ,20091223,9.39,9.39,8.85,9.15,9.18,-0.03,-0.33,41579.86,37907.095
000673.SZ,20091222,8.79,9.18,8.7,9.18,8.74,0.44,5.03,30717.71,28125.9834
000673.SZ,20091221,8.42,8.78,8.42,8.74,8.59,0.15,1.75,16275.8,14171.3715
000673.SZ,20091218,8.47,8.8,8.35,8.59,8.61,-0.02,-0.23,39495.65,34171.7644
000673.SZ,20091217,8.48,8.75,8.27,8.61,8.48,0.13,1.53,44072.82,37726.5872
000673.SZ,20091216,8.8,8.8,8.46,8.48,8.75,-0.27,-3.09,12915.53,11073.1522
000673.SZ,20091215,8.68,8.86,8.61,8.75,8.6,0.15,1.74,10985.46,9624.2978
000673.SZ,20091214,8.8,8.8,8.47,8.6,8.82,-0.22,-2.49,9924.21,8539.0001
000673.SZ,20091211,8.7,8.88,8.66,8.82,8.75,0.07,0.8,14225.1,12520.8019
000673.SZ,20091210,8.68,8.78,8.55,8.75,8.63,0.12,1.39,7457.97,6453.2468
000673.SZ,20091209,8.62,8.85,8.56,8.63,8.68,-0.05,-0.58,13433.52,11708.8521
000673.SZ,20091208,8.54,8.7,8.49,8.68,8.51,0.17,2.0,17537.31,15046.6987
000673.SZ,20091207,8.5,8.63,8.4,8.51,8.5,0.01,0.12,7015.37,5992.3212
000673.SZ,20091204,8.84,8.84,8.4,8.5,8.81,-0.31,-3.52,17933.63,15389.1564
000673.SZ,20091203,8.77,8.84,8.7,8.81,8.82,-0.01,-0.11,13769.52,12058.6663
000673.SZ,20091202,8.62,8.89,8.52,8.82,8.61,0.21,2.44,23480.85,20418.1313
000673.SZ,20091201,8.59,8.7,8.48,8.61,8.5,0.11,1.29,24632.13,21150.1685
000673.SZ,20091130,8.36,8.64,8.3,8.5,8.38,0.12,1.43,22569.46,19208.0067
000673.SZ,20091127,8.51,8.51,8.12,8.38,8.54,-0.16,-1.87,23060.13,18990.1414
000673.SZ,20091126,9.0,9.0,8.52,8.54,8.97,-0.43,-4.79,26118.02,22822.8668
000673.SZ,20091125,8.9,9.22,8.62,8.97,9.07,-0.1,-1.1,38096.83,33894.9713
000673.SZ,20091124,9.58,9.58,9.07,9.07,9.55,-0.48,-5.03,36900.82,34101.9366
000673.SZ,20091123,9.44,9.68,9.28,9.55,9.32,0.23,2.47,40560.2,38451.9252
000673.SZ,20091120,9.4,9.59,9.28,9.32,9.37,-0.05,-0.53,34352.54,32358.0813
000673.SZ,20091119,9.24,9.7,9.15,9.37,9.24,0.13,1.41,43270.57,41078.2574
000673.SZ,20091118,9.18,9.32,9.07,9.24,9.2,0.04,0.43,18114.62,16624.0237
000673.SZ,20091117,9.24,9.38,9.05,9.2,9.23,-0.03,-0.33,24590.9,22565.5429
000673.SZ,20091116,9.39,9.46,9.1,9.23,9.35,-0.12,-1.28,27983.87,25913.4277
000673.SZ,20091113,9.46,9.58,9.08,9.35,9.49,-0.14,-1.48,25754.24,23992.6316
000673.SZ,20091112,9.06,9.5,9.06,9.49,9.05,0.44,4.86,56075.2,53099.2667
000673.SZ,20091111,8.85,9.15,8.77,9.05,8.9,0.15,1.69,24869.56,22392.6623
000673.SZ,20091110,8.99,9.17,8.76,8.9,8.98,-0.08,-0.89,37754.45,33837.762
000673.SZ,20091109,8.69,9.02,8.65,8.98,8.59,0.39,4.54,70327.09,62805.4765
000673.SZ,20091106,8.11,8.59,8.1,8.59,8.18,0.41,5.01,79441.54,67564.2952
000673.SZ,20091105,8.12,8.25,8.02,8.18,8.15,0.03,0.37,15795.47,12836.3925
000673.SZ,20091104,8.3,8.3,8.08,8.15,8.22,-0.07,-0.85,15414.01,12529.1208
000673.SZ,20091103,7.95,8.3,7.95,8.22,8.01,0.21,2.62,34322.42,27954.0928
000673.SZ,20091102,7.8,8.02,7.6,8.01,7.86,0.15,1.91,19379.46,15237.8499
000673.SZ,20091030,7.81,7.96,7.73,7.86,7.82,0.04,0.51,11697.88,9179.5149
000673.SZ,20091029,7.86,7.98,7.71,7.82,7.87,-0.05,-0.64,8179.6,6417.7799
000673.SZ,20091028,7.78,8.04,7.55,7.87,7.78,0.09,1.16,13520.98,10529.5836
000673.SZ,20091027,7.97,7.97,7.76,7.78,7.9,-0.12,-1.52,10830.28,8475.303
000673.SZ,20091026,7.95,8.16,7.78,7.9,7.92,-0.02,-0.25,12139.44,9617.7533
000673.SZ,20091023,7.9,8.09,7.85,7.92,7.88,0.04,0.51,12878.78,10214.9009
000673.SZ,20091022,8.0,8.05,7.82,7.88,7.99,-0.11,-1.38,10544.36,8305.9773
000673.SZ,20091021,7.95,8.15,7.86,7.99,7.9,0.09,1.14,19151.08,15323.5293
000673.SZ,20091020,7.8,7.99,7.8,7.9,7.86,0.04,0.51,15496.61,12227.3951
000673.SZ,20091019,7.96,8.22,7.74,7.86,7.92,-0.06,-0.76,25089.53,20062.8043
000673.SZ,20091016,7.59,7.98,7.5,7.92,7.6,0.32,4.21,38742.08,30381.7595
000673.SZ,20091015,7.32,7.75,7.32,7.6,7.38,0.22,2.98,38411.93,29336.7127
000673.SZ,20091014,7.43,7.58,7.11,7.38,7.48,-0.1,-1.34,20092.03,14945.728
000673.SZ,20091013,7.49,7.68,7.36,7.48,7.49,-0.01,-0.13,12798.76,9520.7633
000673.SZ,20091012,7.2,7.63,7.06,7.49,7.27,0.22,3.03,30114.29,22377.4819
000673.SZ,20091009,6.87,7.35,6.74,7.27,7.09,0.18,2.54,31618.73,22434.6382
000673.SZ,20090930,7.09,7.09,7.0,7.09,6.75,0.34,5.04,25152.51,17814.5795
000673.SZ,20090929,7.06,7.06,6.65,6.75,7.0,-0.25,-3.57,14639.8,9786.4484
000673.SZ,20090928,7.17,7.35,6.95,7.0,7.14,-0.14,-1.96,15637.29,11157.6334
000673.SZ,20090925,6.9,7.14,6.8,7.14,6.8,0.34,5.0,17936.95,12759.195
000673.SZ,20090924,6.8,6.86,6.69,6.8,6.76,0.04,0.59,5727.65,3878.6334
000673.SZ,20090923,6.96,7.07,6.7,6.76,6.95,-0.19,-2.73,6619.07,4537.556
000673.SZ,20090922,7.09,7.15,6.93,6.95,7.09,-0.14,-1.97,8384.0,5915.7589
000673.SZ,20090921,7.1,7.15,6.75,7.09,7.1,-0.01,-0.14,13019.32,8990.9383
000673.SZ,20090918,7.17,7.22,7.01,7.1,7.17,-0.07,-0.98,9614.12,6838.3952
000673.SZ,20090917,7.17,7.3,6.75,7.17,7.1,0.07,0.99,14313.42,10225.2251
000673.SZ,20090916,7.17,7.2,6.98,7.1,7.17,-0.07,-0.98,10364.58,7345.6423
000673.SZ,20090915,7.03,7.4,7.03,7.17,7.12,0.05,0.7,13379.43,9642.0145
000673.SZ,20090914,7.09,7.27,6.7,7.12,6.98,0.14,2.01,12774.1,9046.072
000673.SZ,20090911,6.93,7.08,6.9,6.98,6.93,0.05,0.72,7094.8,4965.8659
000673.SZ,20090910,7.04,7.24,6.9,6.93,7.09,-0.16,-2.26,7039.23,4946.234
000673.SZ,20090909,6.9,7.2,6.86,7.09,6.89,0.2,2.9,12899.86,9073.1441
000673.SZ,20090908,6.61,6.89,6.46,6.89,6.62,0.27,4.08,9517.6,6397.6072
000673.SZ,20090907,6.68,6.76,6.58,6.62,6.68,-0.06,-0.9,10229.36,6836.7368
000673.SZ,20090904,6.66,6.78,6.53,6.68,6.66,0.02,0.3,7762.67,5157.8883
000673.SZ,20090903,6.23,6.66,6.23,6.66,6.34,0.32,5.05,13273.01,8661.2025
000673.SZ,20090902,6.21,6.46,6.18,6.34,6.51,-0.17,-2.61,13389.41,8390.5288
000673.SZ,20090901,6.75,6.75,6.51,6.51,6.85,-0.34,-4.96,18702.27,12210.8282
000673.SZ,20090831,7.06,7.3,6.85,6.85,7.21,-0.36,-4.99,14719.0,10264.924
000673.SZ,20090828,7.46,7.46,7.11,7.21,7.3,-0.09,-1.23,20694.64,15101.7295
000673.SZ,20090827,7.31,7.32,7.17,7.3,6.97,0.33,4.73,37044.22,27049.2814
000673.SZ,20090826,6.71,6.97,6.71,6.97,6.64,0.33,4.97,5225.48,3636.5582
000673.SZ,20090825,6.7,6.99,6.47,6.64,6.81,-0.17,-2.5,21349.46,14242.1636
000673.SZ,20090824,6.57,6.81,6.57,6.81,6.49,0.32,4.93,32096.91,21793.6838
000673.SZ,20090821,6.16,6.49,6.12,6.49,6.18,0.31,5.02,9914.36,6383.7916
000673.SZ,20090820,6.04,6.23,5.88,6.18,6.04,0.14,2.32,23845.31,14498.8694
000673.SZ,20090819,6.31,6.48,6.0,6.04,6.32,-0.28,-4.43,17902.98,11200.5204
000673.SZ,20090818,6.2,6.52,6.19,6.32,6.52,-0.2,-3.07,20428.27,12781.0693
000673.SZ,20090817,6.79,6.79,6.52,6.52,6.86,-0.34,-4.96,16275.0,10696.79
000673.SZ,20090814,7.25,7.26,6.86,6.86,7.22,-0.36,-4.99,30903.75,21432.361
000673.SZ,20090813,7.22,7.35,7.22,7.22,7.6,-0.38,-5.0,22279.99,16117.728
000673.SZ,20090811,7.68,7.7,7.55,7.6,7.62,-0.02,-0.26,12459.1,9519.7731
000673.SZ,20090810,7.49,7.74,7.49,7.62,7.51,0.11,1.46,12629.37,9627.952
000673.SZ,20090807,7.41,7.65,7.41,7.51,7.47,0.04,0.54,20750.33,15667.8205
000673.SZ,20090806,7.65,7.67,7.3,7.47,7.68,-0.21,-2.73,31835.96,23590.3094
000673.SZ,20090805,7.79,7.83,7.57,7.68,7.8,-0.12,-1.54,26560.94,20361.6835
000673.SZ,20090804,7.95,8.08,7.64,7.8,7.97,-0.17,-2.13,27566.33,21647.2829
000673.SZ,20090803,7.86,8.25,7.69,7.97,7.9,0.07,0.89,31359.72,24869.5323
000673.SZ,20090731,7.83,7.94,7.76,7.9,7.82,0.08,1.02,22002.57,17275.3664
000673.SZ,20090730,7.8,8.05,7.58,7.82,7.98,-0.16,-2.01,36462.72,28157.3228
000673.SZ,20090729,8.33,8.56,7.98,7.98,8.4,-0.42,-5.0,46451.49,37912.0103
000673.SZ,20090728,8.52,8.52,8.1,8.4,8.27,0.13,1.57,47517.91,39515.4425
000673.SZ,20090727,7.87,8.27,7.81,8.27,7.88,0.39,4.95,33814.84,27850.1649
000673.SZ,20090724,7.67,8.13,7.67,7.88,7.76,0.12,1.55,26292.63,20843.4658
000673.SZ,20090723,7.88,7.9,7.67,7.76,7.88,-0.12,-1.52,21626.38,16719.2877
000673.SZ,20090722,7.9,8.07,7.65,7.88,7.89,-0.01,-0.13,50166.18,39368.6582
000673.SZ,20090721,7.51,7.89,7.49,7.89,7.51,0.38,5.06,82958.97,65037.8449
000673.SZ,20090720,7.41,7.58,7.31,7.51,7.41,0.1,1.35,27834.89,20781.6859
000673.SZ,20090717,7.53,7.55,7.3,7.41,7.45,-0.04,-0.54,26137.12,19330.0177
000673.SZ,20090716,7.64,7.8,7.45,7.45,7.6,-0.15,-1.97,28012.19,21114.4777
000673.SZ,20090715,7.56,7.67,7.51,7.6,7.59,0.01,0.13,23541.46,17859.3444
000673.SZ,20090714,7.47,7.7,7.47,7.59,7.52,0.07,0.93,15525.04,11787.5416
000673.SZ,20090713,7.49,7.65,7.43,7.52,7.48,0.04,0.53,18808.01,14194.9782
000673.SZ,20090710,7.65,7.7,7.41,7.48,7.63,-0.15,-1.97,26597.14,20022.6897
000673.SZ,20090709,7.37,7.8,7.35,7.63,7.43,0.2,2.69,37861.63,28846.9976
000673.SZ,20090708,7.38,7.58,7.28,7.43,7.32,0.11,1.5,59281.7,43779.0738
000673.SZ,20090707,6.95,7.32,6.92,7.32,6.97,0.35,5.02,54062.26,39180.0772
000673.SZ,20090706,6.9,7.1,6.86,6.97,6.91,0.06,0.87,22503.41,15632.5755
000673.SZ,20090703,6.87,6.98,6.81,6.91,6.94,-0.03,-0.43,20581.25,14173.9001
000673.SZ,20090702,7.11,7.13,6.85,6.94,7.09,-0.15,-2.12,35917.05,24937.0805
000673.SZ,20090701,7.16,7.16,7.06,7.09,7.15,-0.06,-0.84,19290.56,13710.695
000673.SZ,20090630,7.12,7.24,7.0,7.15,7.13,0.02,0.28,45106.9,32205.676
000673.SZ,20090629,7.04,7.3,6.93,7.13,7.0,0.13,1.86,45938.47,32763.7349
000673.SZ,20090626,6.95,7.04,6.85,7.0,6.98,0.02,0.29,20098.08,13961.6101
000673.SZ,20090625,6.88,7.09,6.7,6.98,6.86,0.12,1.75,48738.01,33722.0387
000673.SZ,20090624,6.82,7.0,6.81,6.86,6.83,0.03,0.44,20709.56,14260.4485
000673.SZ,20090623,6.67,6.84,6.52,6.83,6.72,0.11,1.64,18195.32,12255.7797
000673.SZ,20090622,6.82,6.84,6.69,6.72,6.8,-0.08,-1.18,18088.71,12200.5797
000673.SZ,20090619,6.85,6.89,6.6,6.8,6.89,-0.09,-1.31,26086.88,17561.9882
000673.SZ,20090618,7.02,7.12,6.89,6.89,7.0,-0.11,-1.57,35839.69,24989.0711
000673.SZ,20090617,7.09,7.15,6.9,7.0,7.09,-0.09,-1.27,30151.1,21116.2663
000673.SZ,20090616,6.91,7.27,6.88,7.09,6.96,0.13,1.87,60762.18,43303.0051
000673.SZ,20090615,6.51,6.96,6.4,6.96,6.63,0.33,4.98,70943.02,48366.3845
000673.SZ,20090612,6.99,7.05,6.63,6.63,6.98,-0.35,-5.01,57998.45,39612.0436
000673.SZ,20090611,6.65,7.01,6.59,6.98,6.68,0.3,4.49,67776.77,46741.7329
000673.SZ,20090610,6.67,6.87,6.56,6.68,6.63,0.05,0.75,55957.31,37568.2117
000673.SZ,20090609,6.25,6.63,6.25,6.63,6.31,0.32,5.07,67142.36,43731.0539
000673.SZ,20090608,6.36,6.43,6.29,6.31,6.36,-0.05,-0.79,33384.87,21281.387
000673.SZ,20090605,6.42,6.48,6.31,6.36,6.48,-0.12,-1.85,28832.67,18374.166
000673.SZ,20090604,6.55,6.59,6.28,6.48,6.61,-0.13,-1.97,53946.52,34447.9061
000673.SZ,20090603,6.43,6.68,6.39,6.61,6.44,0.17,2.64,45223.35,29685.4485
000673.SZ,20090602,6.46,6.51,6.35,6.44,6.45,-0.01,-0.16,28234.88,18137.2952
000673.SZ,20090601,6.42,6.54,6.32,6.45,6.43,0.02,0.31,43627.4,28039.591
000673.SZ,20090527,6.35,6.57,6.29,6.43,6.57,-0.14,-2.13,91753.17,58777.9319
000673.SZ,20090526,6.26,6.9,6.26,6.57,6.59,-0.02,-0.3,137052.61,87159.7495
000673.SZ,20090525,6.59,6.59,6.59,6.59,6.94,-0.35,-5.04,1206.0,794.754
000673.SZ,20090521,6.94,6.94,6.94,6.94,7.3,-0.36,-4.93,5278.0,3662.932
000673.SZ,20090520,7.38,7.56,7.3,7.3,7.68,-0.38,-4.95,54301.39,39828.5431
000673.SZ,20090519,7.74,8.07,7.5,7.68,7.69,-0.01,-0.13,39023.99,30596.7599
000673.SZ,20090515,7.34,7.71,7.25,7.69,7.34,0.35,4.77,21654.58,16346.4646
000673.SZ,20090514,7.21,7.54,7.21,7.34,7.54,-0.2,-2.65,18691.24,13796.1394
000673.SZ,20090513,7.36,7.67,7.36,7.54,7.3,0.24,3.29,33289.96,25299.2876
000673.SZ,20090512,6.8,7.3,6.7,7.3,6.95,0.35,5.04,28223.26,19980.5846
000673.SZ,20090511,7.12,7.36,6.95,6.95,7.32,-0.37,-5.05,35190.66,24870.5756
000673.SZ,20090508,7.17,7.32,7.0,7.32,6.97,0.35,5.02,75479.12,54811.7871
000673.SZ,20090507,6.97,6.97,6.97,6.97,6.64,0.33,4.97,5212.15,3632.8686
000673.SZ,20090506,6.64,6.64,6.64,6.64,6.32,0.32,5.06,887.56,589.3398
000673.SZ,20090505,6.32,6.32,6.32,6.32,6.02,0.3,4.98,1108.29,700.4393
000673.SZ,20090504,6.02,6.02,6.02,6.02,5.73,0.29,5.06,664.42,399.9808
000673.SZ,20090428,5.55,5.75,5.43,5.73,5.69,0.04,0.7,9647.09,5475.5404
000673.SZ,20090427,6.0,6.08,5.69,5.69,5.99,-0.3,-5.01,11246.84,6498.1364
000673.SZ,20090424,5.93,6.13,5.86,5.99,5.97,0.02,0.34,12000.52,7189.0039
000673.SZ,20090423,6.29,6.3,5.97,5.97,6.28,-0.31,-4.94,31205.75,18820.187
000673.SZ,20090422,6.29,6.57,6.28,6.28,6.26,0.02,0.32,39134.12,25472.3486
000673.SZ,20090421,6.2,6.3,6.14,6.26,6.25,0.01,0.16,8914.25,5549.1165
000673.SZ,20090420,6.07,6.29,6.07,6.25,6.17,0.08,1.3,8056.53,5010.3312
000673.SZ,20090417,6.22,6.32,6.16,6.17,6.25,-0.08,-1.28,13259.99,8279.7617
000673.SZ,20090416,6.25,6.4,6.1,6.25,6.25,0.0,0.0,16619.65,10383.6029
000673.SZ,20090415,6.3,6.43,6.16,6.25,6.34,-0.09,-1.42,16529.01,10406.8692
000673.SZ,20090414,6.27,6.46,6.15,6.34,6.27,0.07,1.12,18416.03,11660.2639
000673.SZ,20090413,6.45,6.45,6.2,6.27,6.31,-0.04,-0.63,11586.88,7297.4471
000673.SZ,20090410,6.1,6.39,6.1,6.31,6.09,0.22,3.61,18264.91,11501.0785
000673.SZ,20090409,5.86,6.15,5.86,6.09,5.99,0.1,1.67,8380.02,5104.6116
000673.SZ,20090408,6.07,6.19,5.99,5.99,6.07,-0.08,-1.32,8273.01,5032.9049
000673.SZ,20090407,6.2,6.29,6.05,6.07,6.19,-0.12,-1.94,6891.93,4226.4609
000673.SZ,20090403,6.08,6.25,5.85,6.19,6.1,0.09,1.48,14787.46,8951.563
000673.SZ,20090402,6.18,6.26,6.09,6.1,6.2,-0.1,-1.61,11768.6,7250.1282
000673.SZ,20090401,6.27,6.33,6.18,6.2,6.27,-0.07,-1.12,11829.76,7365.3306
000673.SZ,20090331,6.06,6.43,5.91,6.27,6.13,0.14,2.28,31730.55,19686.6171
000673.SZ,20090330,5.79,6.13,5.65,6.13,5.84,0.29,4.97,29020.14,17253.0565
000673.SZ,20090327,6.13,6.13,5.79,5.84,6.09,-0.25,-4.11,29315.89,17275.1834
000673.SZ,20090326,6.03,6.12,5.95,6.09,6.04,0.05,0.83,11397.1,6872.6939
000673.SZ,20090325,6.01,6.15,5.89,6.04,6.0,0.04,0.67,13680.48,8247.8372
000673.SZ,20090324,5.8,6.14,5.8,6.0,5.89,0.11,1.87,18350.0,11006.8037
000673.SZ,20090323,5.9,6.18,5.85,5.89,5.92,-0.03,-0.51,24326.92,14640.9088
000673.SZ,20090320,5.89,5.93,5.7,5.92,5.65,0.27,4.78,40555.51,23845.7008
000673.SZ,20090319,5.4,5.65,5.31,5.65,5.38,0.27,5.02,27675.03,15485.4111
000673.SZ,20090318,5.37,5.48,5.3,5.38,5.4,-0.02,-0.37,16450.48,8888.6866
000673.SZ,20090317,5.26,5.43,5.19,5.4,5.19,0.21,4.05,15074.31,7966.2932
000673.SZ,20090316,5.13,5.3,5.05,5.19,5.14,0.05,0.97,4983.8,2594.3725
000673.SZ,20090313,5.16,5.23,5.12,5.14,5.15,-0.01,-0.19,6486.5,3357.0061
000673.SZ,20090312,5.04,5.21,4.98,5.15,5.1,0.05,0.98,6447.4,3288.5101
000673.SZ,20090311,5.27,5.34,5.09,5.1,5.16,-0.06,-1.16,12912.91,6784.7066
000673.SZ,20090310,5.0,5.17,4.96,5.16,5.1,0.06,1.18,10535.14,5396.5033
000673.SZ,20090309,5.28,5.33,5.06,5.1,5.28,-0.18,-3.41,14720.05,7657.1822
000673.SZ,20090306,5.24,5.36,5.1,5.28,5.24,0.04,0.76,20918.76,11003.8421
000673.SZ,20090305,5.21,5.25,5.02,5.24,5.01,0.23,4.59,21938.1,11370.44
000673.SZ,20090304,4.82,5.01,4.7,5.01,4.77,0.24,5.03,19467.31,9657.883
000673.SZ,20090303,4.73,4.92,4.61,4.77,4.85,-0.08,-1.65,12586.19,6018.2269
000673.SZ,20090302,4.6,4.86,4.5,4.85,4.63,0.22,4.75,16675.55,7963.2188
000673.SZ,20090227,4.64,4.86,4.63,4.63,4.87,-0.24,-4.93,13592.28,6309.2349
000673.SZ,20090226,5.08,5.13,4.87,4.87,5.13,-0.26,-5.07,14812.35,7361.678
000673.SZ,20090225,5.07,5.21,4.87,5.13,5.13,0.0,0.0,26022.29,12958.0537
000673.SZ,20090224,5.34,5.39,5.13,5.13,5.4,-0.27,-5.0,25943.31,13532.2342
000673.SZ,20090223,5.47,5.47,5.24,5.4,5.33,0.07,1.31,24648.88,13208.5489
000673.SZ,20090220,5.42,5.42,5.22,5.33,5.27,0.06,1.14,19970.8,10586.7534
000673.SZ,20090219,4.91,5.27,4.91,5.27,5.02,0.25,4.98,40374.02,21088.0368
000673.SZ,20090218,5.1,5.45,5.02,5.02,5.28,-0.26,-4.92,34501.65,17927.3683
000673.SZ,20090217,5.42,5.5,5.15,5.28,5.32,-0.04,-0.75,26611.64,14365.8156
000673.SZ,20090216,5.09,5.37,5.08,5.32,5.11,0.21,4.11,27889.65,14737.4333
000673.SZ,20090213,4.85,5.13,4.85,5.11,4.89,0.22,4.5,42038.7,21202.0774
000673.SZ,20090212,4.85,4.94,4.74,4.89,4.84,0.05,1.03,20376.93,9842.4378
000673.SZ,20090211,4.71,5.04,4.71,4.84,4.81,0.03,0.62,28168.92,13724.2339
000673.SZ,20090210,4.65,4.85,4.6,4.81,4.7,0.11,2.34,26995.26,12790.258
000673.SZ,20090209,4.75,4.75,4.51,4.7,4.52,0.18,3.98,33013.1,15517.0858
000673.SZ,20090206,4.26,4.52,4.19,4.52,4.3,0.22,5.12,20811.87,9262.3774
000673.SZ,20090205,4.3,4.43,4.2,4.3,4.28,0.02,0.47,18269.64,7809.5032
000673.SZ,20090204,4.22,4.31,4.19,4.28,4.23,0.05,1.18,8820.59,3760.98
000673.SZ,20090203,4.14,4.24,4.1,4.23,4.12,0.11,2.67,13517.53,5638.7423
000673.SZ,20090202,4.04,4.19,4.03,4.12,4.04,0.08,1.98,9089.61,3730.6165
000673.SZ,20090123,4.0,4.05,3.95,4.04,4.06,-0.02,-0.49,5593.77,2240.5282
000673.SZ,20090122,3.95,4.1,3.91,4.06,3.95,0.11,2.78,12154.7,4925.5273
000673.SZ,20090121,4.05,4.05,3.91,3.95,4.05,-0.1,-2.47,9008.24,3594.5367
000673.SZ,20090120,4.18,4.18,4.03,4.05,4.08,-0.03,-0.74,9887.85,4037.7693
000673.SZ,20090119,3.9,4.1,3.9,4.08,3.9,0.18,4.62,26262.52,10682.0941
000673.SZ,20090116,3.9,3.91,3.8,3.9,3.87,0.03,0.78,20135.71,7808.2532
000673.SZ,20090115,3.83,3.98,3.83,3.87,3.89,-0.02,-0.51,11827.91,4594.6033
000673.SZ,20090114,3.86,3.91,3.75,3.89,3.83,0.06,1.57,7160.29,2763.0055
000673.SZ,20090113,3.88,3.93,3.77,3.83,3.95,-0.12,-3.04,10959.99,4212.3249
000673.SZ,20090112,3.97,4.13,3.86,3.95,3.95,0.0,0.0,29792.1,11759.3028
000673.SZ,20090109,3.76,3.95,3.67,3.95,3.76,0.19,5.05,46721.69,18174.1573
000673.SZ,20090108,3.8,3.87,3.65,3.76,3.8,-0.04,-1.05,13963.89,5261.2898
000673.SZ,20090107,3.77,3.95,3.74,3.8,3.81,-0.01,-0.26,29761.8,11419.6895
000673.SZ,20090106,3.76,3.89,3.73,3.81,3.8,0.01,0.26,27368.5,10455.7701
000673.SZ,20090105,3.62,3.8,3.58,3.8,3.62,0.18,4.97,27904.8,10563.2757
000673.SZ,20081231,3.56,3.66,3.56,3.62,3.6,0.02,0.56,11704.03,4245.0204
000673.SZ,20081230,3.65,3.7,3.47,3.6,3.65,-0.05,-1.37,17976.56,6433.2931
000673.SZ,20081229,3.6,3.77,3.59,3.65,3.59,0.06,1.67,33190.63,12319.0867
000673.SZ,20081226,3.53,3.59,3.42,3.59,3.42,0.17,4.97,25255.59,8975.8082
000673.SZ,20081225,3.28,3.42,3.25,3.42,3.26,0.16,4.91,16431.57,5565.3227
000673.SZ,20081224,3.4,3.44,3.26,3.26,3.43,-0.17,-4.96,10553.0,3489.392
000673.SZ,20081223,3.63,3.69,3.43,3.43,3.61,-0.18,-4.99,11585.3,4112.339
000673.SZ,20081222,3.68,3.68,3.52,3.61,3.67,-0.06,-1.63,8375.5,3026.288
000673.SZ,20081219,3.56,3.72,3.56,3.67,3.64,0.03,0.82,11003.15,4023.8204
000673.SZ,20081218,3.59,3.67,3.5,3.64,3.59,0.05,1.39,8705.5,3125.8803
000673.SZ,20081217,3.64,3.64,3.54,3.59,3.62,-0.03,-0.83,10687.85,3837.7166
000673.SZ,20081216,3.45,3.62,3.34,3.62,3.52,0.1,2.84,11100.13,3811.3562
000673.SZ,20081215,3.68,3.69,3.5,3.52,3.68,-0.16,-4.35,14307.45,5074.1456
000673.SZ,20081212,3.82,3.87,3.68,3.68,3.87,-0.19,-4.91,16164.18,6011.5358
000673.SZ,20081211,3.76,3.93,3.69,3.87,3.74,0.13,3.48,30648.21,11896.1929
000673.SZ,20081210,3.66,3.81,3.62,3.74,3.7,0.04,1.08,13736.18,5090.486
000673.SZ,20081209,3.59,3.8,3.54,3.7,3.62,0.08,2.21,25441.27,9469.4527
000673.SZ,20081208,3.5,3.65,3.4,3.62,3.48,0.14,4.02,20018.04,7064.7234
000673.SZ,20081205,3.28,3.48,3.28,3.48,3.31,0.17,5.14,13669.73,4585.8538
000673.SZ,20081204,3.38,3.39,3.31,3.31,3.31,0.0,0.0,17247.66,5774.7206
000673.SZ,20081203,3.23,3.34,3.23,3.31,3.23,0.08,2.48,13869.61,4556.0468
000673.SZ,20081202,3.2,3.25,3.16,3.23,3.24,-0.01,-0.31,7313.67,2344.7121
000673.SZ,20081201,3.35,3.35,3.17,3.24,3.2,0.04,1.25,5649.71,1823.9715
000673.SZ,20081128,3.2,3.29,3.15,3.2,3.26,-0.06,-1.84,6875.78,2215.4617
000673.SZ,20081127,3.37,3.4,3.24,3.26,3.25,0.01,0.31,13875.29,4593.7263
000673.SZ,20081126,3.21,3.27,3.16,3.25,3.21,0.04,1.25,5959.0,1927.302
000673.SZ,20081125,3.27,3.27,3.15,3.21,3.2,0.01,0.31,5388.55,1717.7854
000673.SZ,20081124,3.27,3.27,3.15,3.2,3.24,-0.04,-1.23,7551.07,2426.2963
000673.SZ,20081121,3.08,3.27,3.05,3.24,3.21,0.03,0.93,13202.31,4188.4203
000673.SZ,20081120,3.3,3.3,3.2,3.21,3.37,-0.16,-4.75,14498.6,4688.4225
000673.SZ,20081119,3.3,3.42,3.18,3.37,3.35,0.02,0.6,19854.98,6512.5741
000673.SZ,20081118,3.41,3.58,3.35,3.35,3.53,-0.18,-5.1,21982.42,7563.9943
000673.SZ,20081117,3.32,3.55,3.26,3.53,3.38,0.15,4.44,29017.24,9971.7572
000673.SZ,20081114,3.29,3.39,3.14,3.38,3.29,0.09,2.74,29904.66,9790.5773
000673.SZ,20081113,3.35,3.35,3.16,3.29,3.23,0.06,1.86,26240.96,8549.0871
000673.SZ,20081112,3.18,3.26,3.08,3.23,3.11,0.12,3.86,20846.16,6616.1678
000673.SZ,20081111,3.05,3.11,2.96,3.11,2.96,0.15,5.07,8058.81,2494.6249
000673.SZ,20081110,2.83,2.96,2.83,2.96,2.82,0.14,4.96,11675.27,3427.3572
000673.SZ,20081107,2.72,2.82,2.7,2.82,2.84,-0.02,-0.7,7793.42,2148.6748
000673.SZ,20081106,2.81,2.96,2.8,2.84,2.95,-0.11,-3.73,6592.7,1891.5403
000673.SZ,20081105,2.78,3.02,2.78,2.95,2.89,0.06,2.08,9435.28,2748.1716
000673.SZ,20081104,2.91,2.96,2.89,2.89,3.04,-0.15,-4.93,4771.04,1381.7598
000673.SZ,20081103,3.2,3.2,3.04,3.04,3.2,-0.16,-5.0,3084.9,943.3115
000673.SZ,20081031,3.37,3.37,3.2,3.2,3.37,-0.17,-5.04,3952.0,1271.949
000673.SZ,20081030,3.42,3.5,3.29,3.37,3.46,-0.09,-2.6,8539.26,2868.3517
000673.SZ,20081029,3.6,3.64,3.45,3.46,3.62,-0.16,-4.42,3432.84,1204.7292
000673.SZ,20081028,3.44,3.66,3.44,3.62,3.57,0.05,1.4,4911.9,1752.3658
000673.SZ,20081027,3.65,3.79,3.57,3.57,3.76,-0.19,-5.05,6239.72,2260.4618
000673.SZ,20081024,3.6,3.9,3.6,3.76,3.79,-0.03,-0.79,6968.0,2638.9937
000673.SZ,20081023,3.52,3.88,3.52,3.79,3.7,0.09,2.43,15659.53,5665.448
000673.SZ,20081022,3.77,3.83,3.7,3.7,3.89,-0.19,-4.88,6910.0,2578.331
000673.SZ,20081021,3.84,4.0,3.84,3.89,4.04,-0.15,-3.71,23567.22,9136.4718
000673.SZ,20081020,4.04,4.04,4.04,4.04,4.25,-0.21,-4.94,2735.0,1104.94
000673.SZ,20081017,4.46,4.46,4.18,4.25,4.25,0.0,0.0,49989.5,21964.9045
000673.SZ,20081016,4.25,4.25,4.25,4.25,4.05,0.2,4.94,6216.41,2641.9743
000673.SZ,20081015,4.05,4.05,4.05,4.05,3.86,0.19,4.92,222.23,90.0032
000673.SZ,20081014,3.86,3.86,3.86,3.86,3.68,0.18,4.89,190.99,73.7221
000673.SZ,20081013,3.68,3.68,3.68,3.68,3.5,0.18,5.14,466.47,171.661
000673.SZ,20080911,3.59,3.6,3.5,3.5,3.68,-0.18,-4.89,7127.36,2511.7353
000673.SZ,20080910,3.67,3.72,3.58,3.68,3.69,-0.01,-0.27,1321.13,481.5078
000673.SZ,20080909,3.65,3.73,3.47,3.69,3.65,0.04,1.1,3614.14,1299.922
000673.SZ,20080908,3.92,3.92,3.65,3.65,3.84,-0.19,-4.95,1838.05,683.2048
000673.SZ,20080905,3.79,3.87,3.77,3.84,3.93,-0.09,-2.29,720.0,273.8865
000673.SZ,20080904,3.98,3.98,3.84,3.93,3.98,-0.05,-1.26,851.0,330.63
000673.SZ,20080903,3.98,3.98,3.78,3.98,3.98,0.0,0.0,2813.24,1080.9711
000673.SZ,20080902,3.91,4.0,3.89,3.98,4.01,-0.03,-0.75,1566.99,619.0651
000673.SZ,20080901,4.02,4.05,3.91,4.01,4.04,-0.03,-0.74,3187.59,1263.5189
000673.SZ,20080829,3.91,4.08,3.9,4.04,4.01,0.03,0.75,2104.47,846.6482
000673.SZ,20080828,3.85,4.04,3.8,4.01,3.85,0.16,4.16,5266.27,2082.4751
000673.SZ,20080827,3.85,3.85,3.62,3.85,3.73,0.12,3.22,3752.0,1405.353
000673.SZ,20080826,3.71,3.85,3.67,3.73,3.84,-0.11,-2.86,3214.57,1199.2688
000673.SZ,20080825,3.79,3.87,3.73,3.84,3.8,0.04,1.05,1562.0,593.968
000673.SZ,20080822,3.77,3.8,3.63,3.8,3.78,0.02,0.53,1868.36,697.6391
000673.SZ,20080821,3.67,3.95,3.62,3.78,3.78,0.0,0.0,3789.01,1410.0835
000673.SZ,20080820,3.66,3.78,3.42,3.78,3.6,0.18,5.0,6136.2,2236.7205
000673.SZ,20080819,3.8,3.8,3.6,3.6,3.79,-0.19,-5.01,3510.09,1272.0919
000673.SZ,20080818,4.0,4.01,3.79,3.79,3.99,-0.2,-5.01,1476.0,567.907
000673.SZ,20080815,3.75,4.05,3.75,3.99,3.93,0.06,1.53,1710.6,676.911
000673.SZ,20080814,4.05,4.08,3.86,3.93,4.03,-0.1,-2.48,2382.76,936.8173
000673.SZ,20080813,4.22,4.22,4.01,4.03,4.22,-0.19,-4.5,2344.04,951.2961
000673.SZ,20080812,4.11,4.32,4.11,4.22,4.33,-0.11,-2.54,4221.95,1754.7224
000673.SZ,20080811,4.56,4.56,4.33,4.33,4.56,-0.23,-5.04,2688.0,1183.095
000673.SZ,20080808,4.57,4.77,4.52,4.56,4.64,-0.08,-1.72,9335.11,4324.916
000673.SZ,20080807,4.63,4.71,4.56,4.64,4.63,0.01,0.22,1529.95,705.4491
000673.SZ,20080806,4.62,4.74,4.52,4.63,4.54,0.09,1.98,3395.38,1562.1893
000673.SZ,20080805,4.42,4.6,4.35,4.54,4.48,0.06,1.34,5302.46,2386.7208
000673.SZ,20080804,4.7,4.7,4.48,4.48,4.72,-0.24,-5.08,7230.02,3262.9527
000673.SZ,20080801,4.6,4.76,4.51,4.72,4.68,0.04,0.85,4241.9,1970.8784
000673.SZ,20080731,4.73,4.8,4.62,4.68,4.77,-0.09,-1.89,4282.72,2019.2188
000673.SZ,20080730,4.75,4.86,4.7,4.77,4.75,0.02,0.42,4272.27,2043.2296
000673.SZ,20080729,4.75,4.88,4.6,4.75,4.74,0.01,0.21,7396.69,3495.0955
000673.SZ,20080728,4.94,4.94,4.65,4.74,4.77,-0.03,-0.63,9585.73,4605.4895
000673.SZ,20080724,4.55,4.77,4.5,4.77,4.54,0.23,5.07,15574.55,7352.4455
000673.SZ,20080723,4.4,4.56,4.35,4.54,4.34,0.2,4.61,17235.17,7765.9365
000673.SZ,20080722,4.36,4.44,4.31,4.34,4.39,-0.05,-1.14,7679.04,3355.5398
000673.SZ,20080721,4.28,4.43,4.15,4.39,4.35,0.04,0.92,7622.8,3304.2829
000673.SZ,20080718,4.46,4.46,4.15,4.35,4.25,0.1,2.35,7545.53,3277.2525
000673.SZ,20080716,4.26,4.27,4.13,4.25,4.35,-0.1,-2.3,9421.49,3931.2708
000673.SZ,20080715,4.45,4.49,4.2,4.35,4.42,-0.07,-1.58,9272.32,4017.0623
000673.SZ,20080714,4.15,4.43,4.12,4.42,4.25,0.17,4.0,12452.53,5397.1239
000673.SZ,20080711,4.31,4.31,4.17,4.25,4.32,-0.07,-1.62,12914.97,5465.8235
000673.SZ,20080710,4.32,4.52,4.21,4.32,4.31,0.01,0.23,18293.1,8061.7896
000673.SZ,20080709,4.25,4.44,4.24,4.31,4.3,0.01,0.23,15839.89,6812.193
000673.SZ,20080708,4.21,4.34,4.15,4.3,4.29,0.01,0.23,9852.03,4173.2623
000673.SZ,20080707,4.07,4.29,4.04,4.29,4.13,0.16,3.87,10493.58,4436.6611
000673.SZ,20080704,3.94,4.14,3.82,4.13,3.94,0.19,4.82,12498.06,4979.4556
000673.SZ,20080703,3.82,4.0,3.8,3.94,3.82,0.12,3.14,7659.91,2992.1028
000673.SZ,20080702,3.86,3.95,3.71,3.82,3.86,-0.04,-1.04,7500.35,2889.6297
000673.SZ,20080701,3.97,4.11,3.8,3.86,3.91,-0.05,-1.28,9262.04,3670.8904
000673.SZ,20080630,3.88,4.08,3.85,3.91,4.04,-0.13,-3.22,7024.61,2790.5397
000673.SZ,20080627,4.04,4.16,4.04,4.04,4.25,-0.21,-4.94,8600.04,3481.2902
000673.SZ,20080626,4.28,4.29,4.15,4.25,4.21,0.04,0.95,10818.68,4572.1589
000673.SZ,20080625,3.98,4.21,3.98,4.21,4.01,0.2,4.99,21507.48,8982.2716
000673.SZ,20080624,4.01,4.06,3.88,4.01,4.08,-0.07,-1.72,18231.99,7151.2842
000673.SZ,20080623,4.1,4.1,4.08,4.08,4.29,-0.21,-4.9,2468.0,1006.998
000673.SZ,20080620,4.29,4.45,4.29,4.29,4.52,-0.23,-5.09,27502.88,11844.2009
000673.SZ,20080619,4.72,4.72,4.52,4.52,4.76,-0.24,-5.04,7456.0,3379.3576
000673.SZ,20080618,4.58,4.9,4.55,4.76,4.79,-0.03,-0.63,22914.21,10646.1912
000673.SZ,20080617,4.79,4.99,4.79,4.79,5.04,-0.25,-4.96,14098.99,6779.651
000673.SZ,20080616,5.04,5.04,5.04,5.04,5.3,-0.26,-4.91,2092.0,1054.368
000673.SZ,20080613,5.3,5.3,5.3,5.3,5.58,-0.28,-5.02,1174.0,622.22
000673.SZ,20080612,5.58,5.58,5.58,5.58,5.87,-0.29,-4.94,2169.0,1210.302
000673.SZ,20080611,5.87,5.87,5.87,5.87,6.18,-0.31,-5.02,839.0,492.493
000673.SZ,20080522,6.35,6.44,6.11,6.18,6.34,-0.16,-2.52,17996.62,11236.2963
000673.SZ,20080521,5.88,6.4,5.84,6.34,6.15,0.19,3.09,23066.12,14073.2094
000673.SZ,20080520,6.24,6.37,6.08,6.15,6.07,0.08,1.32,50019.71,31456.7671
000673.SZ,20080519,5.78,6.07,5.61,6.07,5.78,0.29,5.02,9709.01,5870.3917
000673.SZ,20080516,5.98,5.98,5.7,5.78,6.0,-0.22,-3.67,12104.82,6991.1774
000673.SZ,20080515,6.18,6.18,5.89,6.0,5.89,0.11,1.87,36011.94,21737.2434
000673.SZ,20080514,5.89,5.89,5.89,5.89,5.61,0.28,4.99,5268.09,3102.905
000673.SZ,20080513,5.42,5.61,5.42,5.61,5.34,0.27,5.06,12215.68,6834.8052
000673.SZ,20080512,5.34,5.51,5.34,5.34,5.62,-0.28,-4.98,17716.92,9536.2746
000673.SZ,20080508,5.57,5.63,5.35,5.62,5.63,-0.01,-0.18,17460.99,9513.7868
000673.SZ,20080507,5.71,5.95,5.63,5.63,5.82,-0.19,-3.26,13488.12,7772.5155
000673.SZ,20080506,5.7,6.04,5.46,5.82,5.75,0.07,1.22,19436.97,11495.0013
000673.SZ,20080505,5.58,5.75,5.58,5.75,5.48,0.27,4.93,18832.2,10778.0396
000673.SZ,20080430,5.44,5.48,5.34,5.48,5.22,0.26,4.98,12469.48,6806.258
000673.SZ,20080429,4.91,5.22,4.91,5.22,4.97,0.25,5.03,14741.89,7544.2914
000673.SZ,20080428,5.0,5.08,4.9,4.97,5.1,-0.13,-2.55,13101.72,6488.873
000673.SZ,20080425,5.18,5.27,5.1,5.1,5.15,-0.05,-0.97,20135.84,10405.2855
000673.SZ,20080424,5.15,5.15,5.03,5.15,4.9,0.25,5.1,27819.4,14284.4829
000673.SZ,20080423,4.7,4.97,4.51,4.9,4.74,0.16,3.38,9445.33,4525.8867
000673.SZ,20080422,4.76,5.01,4.73,4.74,4.98,-0.24,-4.82,7916.32,3751.4853
000673.SZ,20080421,5.28,5.47,4.98,4.98,5.24,-0.26,-4.96,7273.29,3690.726
000673.SZ,20080418,5.5,5.5,5.24,5.24,5.52,-0.28,-5.07,8150.4,4278.3225
000673.SZ,20080417,5.85,5.9,5.52,5.52,5.81,-0.29,-4.99,7400.4,4123.0762
000673.SZ,20080416,5.88,6.12,5.81,5.81,6.12,-0.31,-5.07,7396.34,4332.3795
000673.SZ,20080415,6.0,6.26,5.8,6.12,6.11,0.01,0.16,11646.11,6857.6529
000673.SZ,20080414,6.29,6.42,6.1,6.11,6.42,-0.31,-4.83,13692.41,8471.0477
000673.SZ,20080411,6.35,6.53,6.29,6.42,6.32,0.1,1.58,10116.49,6484.182
000673.SZ,20080410,6.19,6.38,6.16,6.32,6.48,-0.16,-2.47,20808.87,12937.602
000673.SZ,20080409,6.16,6.55,6.12,6.48,6.24,0.24,3.85,32678.23,20997.5941
000673.SZ,20080408,6.3,6.49,6.1,6.24,6.42,-0.18,-2.8,35198.93,21844.3228
000673.SZ,20080407,5.8,6.42,5.8,6.42,6.11,0.31,5.07,39425.67,24465.9379
000673.SZ,20080403,6.11,6.11,6.11,6.11,6.43,-0.32,-4.98,3352.0,2048.072
000673.SZ,20080402,6.43,6.43,6.43,6.43,6.77,-0.34,-5.02,964.0,619.852
000673.SZ,20080401,6.77,6.77,6.77,6.77,7.13,-0.36,-5.05,1741.0,1178.657
000673.SZ,20080331,7.13,7.3,7.13,7.13,7.5,-0.37,-4.93,17981.09,12830.7652
000673.SZ,20080328,7.5,7.7,7.5,7.5,7.89,-0.39,-4.94,50581.04,37950.3641
000673.SZ,20080327,7.89,7.89,7.89,7.89,8.31,-0.42,-5.05,1784.0,1407.576
000673.SZ,20080326,8.31,8.31,8.31,8.31,8.75,-0.44,-5.03,2020.0,1678.62
000673.SZ,20080325,8.75,8.75,8.75,8.75,9.21,-0.46,-4.99,1411.0,1234.625
000673.SZ,20080324,9.21,9.21,9.21,9.21,9.69,-0.48,-4.95,5049.0,4650.129
000673.SZ,20071126,9.75,9.78,9.28,9.69,9.46,0.23,2.43,30659.14,29409.5253
000673.SZ,20071123,9.01,9.46,9.0,9.46,9.01,0.45,4.99,60307.73,56789.5918
000673.SZ,20071122,9.12,9.38,8.83,9.01,9.19,-0.18,-1.96,16249.7,14984.3753
000673.SZ,20071121,9.27,9.39,9.11,9.19,9.27,-0.08,-0.86,18775.0,17497.0516
000673.SZ,20071120,9.0,9.34,9.0,9.27,9.11,0.16,1.76,18205.41,16871.8983
000673.SZ,20071119,8.28,9.11,8.28,9.11,8.68,0.43,4.95,23093.49,20644.4897
000673.SZ,20071116,9.27,9.27,8.65,8.68,9.1,-0.42,-4.62,18036.56,15710.7599
000673.SZ,20071115,9.26,9.56,8.98,9.1,9.45,-0.35,-3.7,15304.65,14019.115
000673.SZ,20071114,9.45,9.62,9.24,9.45,9.36,0.09,0.96,15265.96,14394.9382
000673.SZ,20071113,9.3,9.45,9.18,9.36,9.18,0.18,1.96,16917.37,15777.9329
000673.SZ,20071112,9.1,9.47,8.91,9.18,9.18,0.0,0.0,16372.99,15090.2178
000673.SZ,20071109,9.01,9.2,8.93,9.18,9.17,0.01,0.11,11342.79,10298.4922
000673.SZ,20071108,8.89,9.39,8.89,9.17,8.94,0.23,2.57,31301.6,28977.9772
000673.SZ,20071107,8.51,8.94,8.49,8.94,8.51,0.43,5.05,13774.29,12060.3469
000673.SZ,20071106,8.58,8.7,8.38,8.51,8.5,0.01,0.12,6778.57,5779.008
000673.SZ,20071105,8.05,8.51,7.94,8.5,8.1,0.4,4.94,16283.94,13764.2193
000673.SZ,20071102,8.31,8.33,8.03,8.1,8.44,-0.34,-4.03,9114.84,7392.6855
000673.SZ,20071101,8.65,8.76,8.41,8.44,8.65,-0.21,-2.43,8473.36,7211.2124
000673.SZ,20071031,8.58,8.77,8.45,8.65,8.58,0.07,0.82,9221.88,7935.0238
000673.SZ,20071030,8.3,8.65,8.2,8.58,8.32,0.26,3.13,16612.27,14006.2843
000673.SZ,20071029,7.73,8.43,7.64,8.32,8.04,0.28,3.48,32112.33,25394.7714
000673.SZ,20071026,8.21,8.55,8.04,8.04,8.46,-0.42,-4.96,6078.0,4939.9639
000673.SZ,20071025,8.85,9.05,8.46,8.46,8.9,-0.44,-4.94,16290.44,13986.1737
000673.SZ,20071024,9.25,9.45,8.9,8.9,9.11,-0.21,-2.31,7056.39,6433.5273
000673.SZ,20071023,9.3,9.35,8.95,9.11,9.3,-0.19,-2.04,5897.48,5359.2926
000673.SZ,20071022,9.1,9.34,8.72,9.3,9.12,0.18,1.97,8295.7,7446.4506
000673.SZ,20071019,9.45,9.45,9.02,9.12,9.44,-0.32,-3.39,11367.42,10385.6562
000673.SZ,20071018,9.99,9.99,9.36,9.44,9.85,-0.41,-4.16,27150.37,25588.1384
000673.SZ,20071017,9.62,9.99,9.62,9.85,10.04,-0.19,-1.89,13812.56,13608.9515
000673.SZ,20071016,10.28,10.28,9.79,10.04,9.96,0.08,0.8,18582.42,18523.8227
000673.SZ,20071015,9.83,9.99,9.6,9.96,9.51,0.45,4.73,37727.59,37374.1428
000673.SZ,20071012,9.09,9.51,8.61,9.51,9.06,0.45,4.97,29143.63,25912.0153
000673.SZ,20071011,8.58,9.1,8.58,9.06,8.81,0.25,2.84,20083.29,17894.254
000673.SZ,20071010,8.79,9.22,8.6,8.81,8.83,-0.02,-0.23,24064.39,21402.985
000673.SZ,20071009,9.17,9.17,8.83,8.83,9.29,-0.46,-4.95,27551.41,24394.9139
000673.SZ,20071008,9.78,9.78,9.17,9.29,9.65,-0.36,-3.73,21289.34,19845.5373
000673.SZ,20070928,9.4,9.73,9.4,9.65,9.55,0.1,1.05,14551.58,13962.5963
000673.SZ,20070927,9.69,9.97,9.42,9.55,9.92,-0.37,-3.73,19349.92,18473.8359
000673.SZ,20070926,9.9,10.05,9.82,9.92,9.9,0.02,0.2,13807.87,13713.877
000673.SZ,20070925,10.02,10.15,9.85,9.9,10.02,-0.12,-1.2,13928.74,13868.5717
000673.SZ,20070924,9.8,10.2,9.8,10.02,10.09,-0.07,-0.69,24804.19,24845.6018
000673.SZ,20070921,10.5,10.5,9.89,10.09,10.36,-0.27,-2.61,40536.27,41071.0904
000673.SZ,20070920,10.1,10.36,10.0,10.36,9.87,0.49,4.96,59341.74,61046.6018
000673.SZ,20070919,9.43,9.87,9.3,9.87,9.4,0.47,5.0,52751.51,51314.1711
000673.SZ,20070918,9.26,9.45,9.05,9.4,9.23,0.17,1.84,25956.19,24010.2511
000673.SZ,20070917,9.25,9.6,9.1,9.23,9.3,-0.07,-0.75,24678.62,22948.5014
000673.SZ,20070914,9.3,9.54,9.15,9.3,9.4,-0.1,-1.06,22861.95,21248.1761
000673.SZ,20070913,8.9,9.53,8.9,9.4,9.1,0.3,3.3,20773.67,19264.3759
000673.SZ,20070912,9.12,9.39,8.76,9.1,9.22,-0.12,-1.3,32097.02,28667.0783
000673.SZ,20070911,9.48,9.8,9.2,9.22,9.33,-0.11,-1.18,65245.4,62366.3093
000673.SZ,20070910,9.22,9.45,8.65,9.33,9.11,0.22,2.41,48920.56,44471.3139
000673.SZ,20070907,9.11,9.11,9.02,9.11,8.68,0.43,4.95,21847.13,19895.8715
000673.SZ,20070906,8.33,8.68,8.33,8.68,8.27,0.41,4.96,5543.71,4790.1168
000673.SZ,20070905,8.33,8.68,8.22,8.27,8.65,-0.38,-4.39,39521.85,33114.0819
000673.SZ,20070904,9.1,9.18,8.65,8.65,9.1,-0.45,-4.95,48954.78,43336.7986
000673.SZ,20070903,9.05,9.55,9.05,9.1,9.18,-0.08,-0.87,35521.27,32863.6422
000673.SZ,20070831,8.78,9.41,8.73,9.18,8.96,0.22,2.46,55870.63,51755.9096
000673.SZ,20070830,8.4,9.03,8.18,8.96,8.6,0.36,4.19,58589.57,50531.2203
000673.SZ,20070829,8.73,9.0,8.6,8.6,9.05,-0.45,-4.97,33636.32,29161.8684
000673.SZ,20070828,9.6,9.6,9.05,9.05,9.53,-0.48,-5.04,53444.12,49342.8698
000673.SZ,20070827,9.53,9.53,9.01,9.53,9.08,0.45,4.96,68715.13,65318.6437
000673.SZ,20070824,9.08,9.08,9.08,9.08,8.65,0.43,4.97,5880.13,5339.158
000673.SZ,20070823,8.65,8.65,8.65,8.65,8.24,0.41,4.98,5910.81,5112.8507
000673.SZ,20070822,7.81,8.24,7.72,8.24,7.85,0.39,4.97,12265.5,10020.0712
000673.SZ,20070821,7.81,7.9,7.69,7.85,7.8,0.05,0.64,29236.68,22823.6987
000673.SZ,20070820,7.66,7.96,7.43,7.8,7.78,0.02,0.26,47150.57,36598.8289
000673.SZ,20070817,7.93,7.97,7.45,7.78,7.59,0.19,2.5,117722.82,92113.1686
000673.SZ,20070816,7.37,7.59,7.23,7.59,7.23,0.36,4.98,25984.5,19503.3868
000673.SZ,20070815,7.23,7.23,7.01,7.23,6.89,0.34,4.93,93298.47,67396.0259
000673.SZ,20070814,6.89,6.89,6.89,6.89,6.56,0.33,5.03,6886.65,4744.9019
000673.SZ,20070813,6.35,6.56,6.35,6.56,6.25,0.31,4.96,15838.16,10373.2891
000673.SZ,20070810,6.19,6.31,5.9,6.25,6.2,0.05,0.81,31786.73,19598.443
000673.SZ,20070809,6.2,6.35,6.12,6.2,6.16,0.04,0.65,24969.59,15517.5613
000673.SZ,20070808,6.13,6.3,6.02,6.16,6.18,-0.02,-0.32,19396.25,11883.978
000673.SZ,20070807,5.9,6.18,5.9,6.18,5.97,0.21,3.52,27355.03,16624.1929
000673.SZ,20070806,5.94,6.09,5.84,5.97,5.94,0.03,0.51,21037.04,12543.1662
000673.SZ,20070803,6.0,6.1,5.85,5.94,6.0,-0.06,-1.0,19180.41,11453.9707
000673.SZ,20070802,5.9,6.17,5.81,6.0,6.02,-0.02,-0.33,26462.91,15807.7388
000673.SZ,20070801,6.35,6.4,6.02,6.02,6.34,-0.32,-5.05,36573.08,22406.1872
000673.SZ,20070731,6.13,6.5,5.95,6.34,6.26,0.08,1.28,41590.24,25839.3907
000673.SZ,20070730,6.5,6.5,6.22,6.26,6.36,-0.1,-1.57,40055.41,25323.5354
000673.SZ,20070727,6.12,6.43,5.91,6.36,6.12,0.24,3.92,52610.28,33088.5818
000673.SZ,20070726,6.0,6.12,5.88,6.12,5.83,0.29,4.97,38020.8,23199.8449
000673.SZ,20070725,5.62,5.83,5.62,5.83,5.55,0.28,5.05,37771.32,21975.0002
000673.SZ,20070724,5.42,5.66,5.35,5.55,5.39,0.16,2.97,51567.11,28806.2051
000673.SZ,20070723,5.54,5.54,5.28,5.39,5.28,0.11,2.08,30303.59,16381.0148
000673.SZ,20070720,5.01,5.28,4.96,5.28,5.03,0.25,4.97,16593.14,8673.9743
000673.SZ,20070719,4.98,5.15,4.84,5.03,4.99,0.04,0.8,11342.27,5744.0084
000673.SZ,20070718,4.9,5.07,4.82,4.99,4.9,0.09,1.84,12191.74,6029.6624
000673.SZ,20070717,4.9,4.97,4.74,4.9,4.92,-0.02,-0.41,10765.67,5235.6689
000673.SZ,20070716,5.09,5.25,4.92,4.92,5.18,-0.26,-5.02,12642.0,6419.528
000673.SZ,20070713,5.2,5.27,5.12,5.18,5.2,-0.02,-0.38,9468.04,4902.4802
000673.SZ,20070712,5.22,5.28,5.12,5.2,5.17,0.03,0.58,9396.25,4886.8795
000673.SZ,20070711,5.34,5.35,5.11,5.17,5.27,-0.1,-1.9,17037.28,8854.016
000673.SZ,20070710,5.0,5.27,4.9,5.27,5.02,0.25,4.98,31986.68,16405.4091
000673.SZ,20070709,4.89,5.04,4.85,5.02,4.89,0.13,2.66,17322.83,8598.8442
000673.SZ,20070706,4.58,4.97,4.58,4.89,4.82,0.07,1.45,22750.69,10695.5815
000673.SZ,20070705,4.77,5.2,4.77,4.82,4.95,-0.13,-2.63,22103.56,11039.7153
000673.SZ,20070704,4.89,5.0,4.75,4.95,4.88,0.07,1.43,19711.31,9606.2912
000673.SZ,20070703,5.0,5.09,4.85,4.88,5.1,-0.22,-4.31,35562.85,17342.5468
000673.SZ,20070702,5.17,5.25,5.1,5.1,5.37,-0.27,-5.03,13066.0,6679.3146
000673.SZ,20070629,5.37,5.65,5.37,5.37,5.65,-0.28,-4.96,29559.05,15936.5915
000673.SZ,20070628,5.88,6.06,5.65,5.65,5.95,-0.3,-5.04,25626.39,14841.8567
000673.SZ,20070627,5.58,5.97,5.41,5.95,5.69,0.26,4.57,48291.06,27443.7683
000673.SZ,20070626,5.7,5.78,5.69,5.69,5.99,-0.3,-5.01,19724.66,11231.1195
000673.SZ,20070625,6.01,6.3,5.99,5.99,6.31,-0.32,-5.07,31255.44,18812.0126
000673.SZ,20070622,6.79,6.94,6.31,6.31,6.64,-0.33,-4.97,97429.48,64658.4863
000673.SZ,20070621,6.63,6.64,6.41,6.64,6.32,0.32,5.06,107244.33,71097.5091
000673.SZ,20070620,6.03,6.32,5.99,6.32,6.02,0.3,4.98,51994.98,32448.6372
000673.SZ,20070619,5.97,6.1,5.83,6.02,5.96,0.06,1.01,39649.37,23627.1533
000673.SZ,20070618,5.78,6.03,5.78,5.96,5.74,0.22,3.83,47172.16,28139.0568
000673.SZ,20070615,5.85,5.96,5.7,5.74,5.96,-0.22,-3.69,34498.88,19998.5209
000673.SZ,20070614,6.26,6.27,5.92,5.96,6.16,-0.2,-3.25,46367.88,28068.2661
000673.SZ,20070613,5.85,6.17,5.8,6.16,5.88,0.28,4.76,71671.15,43380.3775
000673.SZ,20070612,6.25,6.26,5.88,5.88,6.19,-0.31,-5.01,50096.62,29659.8596
000673.SZ,20070611,6.43,6.44,6.01,6.19,6.13,0.06,0.98,62574.09,39378.0691
000673.SZ,20070608,5.87,6.13,5.86,6.13,5.84,0.29,4.97,60135.48,36789.7466
000673.SZ,20070607,5.6,6.01,5.6,5.84,5.84,0.0,0.0,74143.49,42819.2394
000673.SZ,20070606,5.84,6.4,5.84,5.84,6.15,-0.31,-5.04,112171.18,66837.8001
000673.SZ,20070605,6.15,6.15,6.15,6.15,6.47,-0.32,-4.95,960.0,590.4
000673.SZ,20070604,6.47,6.47,6.47,6.47,6.81,-0.34,-4.99,1233.0,797.751
000673.SZ,20070601,6.81,6.81,6.81,6.81,7.17,-0.36,-5.02,6115.0,4164.315
000673.SZ,20070531,7.17,7.17,7.17,7.17,7.55,-0.38,-5.03,7611.0,5457.087
000673.SZ,20070530,7.55,7.78,7.55,7.55,7.95,-0.4,-5.03,35030.47,26521.9258
000673.SZ,20070529,8.28,8.28,7.91,7.95,8.2,-0.25,-3.05,57097.78,45903.0304
000673.SZ,20070528,8.1,8.32,7.9,8.2,7.98,0.22,2.76,104336.32,84571.3445
000673.SZ,20070525,8.47,8.49,7.8,7.98,8.12,-0.14,-1.72,172165.54,139275.4184
000673.SZ,20070524,8.12,8.12,8.12,8.12,7.73,0.39,5.05,17199.15,13965.7098
000673.SZ,20070523,7.73,7.73,7.73,7.73,7.36,0.37,5.03,4795.13,3706.6355
000673.SZ,20070515,7.33,7.36,7.28,7.36,7.01,0.35,4.99,33984.49,24958.0606
000673.SZ,20070514,6.76,7.01,6.68,7.01,6.68,0.33,4.94,76729.18,53403.7414
000673.SZ,20070511,6.43,6.68,6.2,6.68,6.36,0.32,5.03,95927.16,63066.2855
000673.SZ,20070510,6.5,6.54,6.22,6.36,6.23,0.13,2.09,100101.92,63838.8632
000673.SZ,20070509,6.19,6.23,6.0,6.23,5.93,0.3,5.06,62063.44,38598.1983
000673.SZ,20070508,5.74,5.93,5.74,5.93,5.65,0.28,4.96,26231.22,15434.4891
000673.SZ,20070430,5.71,5.89,5.64,5.65,5.81,-0.16,-2.75,56369.39,32177.9231
000673.SZ,20070427,5.98,6.06,5.81,5.81,5.98,-0.17,-2.84,47994.21,28390.0216
000673.SZ,20070426,5.95,6.14,5.93,5.98,5.94,0.04,0.67,49963.39,29990.128
000673.SZ,20070425,5.98,6.21,5.77,5.94,6.07,-0.13,-2.14,50250.06,29907.1141
000673.SZ,20070423,6.18,6.18,5.98,6.07,6.2,-0.13,-2.1,96053.29,58271.8874
000673.SZ,20070420,5.89,6.24,5.85,6.2,5.94,0.26,4.38,98633.11,60742.5455
000673.SZ,20070419,6.3,6.3,5.94,5.94,6.25,-0.31,-4.96,88249.51,53871.4634
000673.SZ,20070418,6.49,6.49,6.18,6.25,6.18,0.07,1.13,185068.66,117447.6608
000673.SZ,20070417,6.18,6.18,6.12,6.18,5.89,0.29,4.92,52564.57,32468.6751
000673.SZ,20070416,5.89,5.89,5.75,5.89,5.61,0.28,4.99,64421.88,37891.0584
000673.SZ,20070413,5.36,5.61,5.29,5.61,5.34,0.27,5.06,85099.25,47159.2159
000673.SZ,20070412,5.21,5.46,5.15,5.34,5.22,0.12,2.3,93472.73,50007.5878
000673.SZ,20070411,5.19,5.28,5.13,5.22,5.21,0.01,0.19,65634.0,34180.4464
000673.SZ,20070410,5.32,5.32,5.13,5.21,5.32,-0.11,-2.07,70027.75,36512.1644
000673.SZ,20070409,5.15,5.35,5.02,5.32,5.28,0.04,0.76,171727.27,88189.4258
000673.SZ,20070406,5.16,5.4,5.15,5.28,5.4,-0.12,-2.22,174212.11,91136.0632
000673.SZ,20070405,5.4,5.4,5.4,5.4,5.68,-0.28,-4.93,18013.0,9727.02
000673.SZ,20070403,5.72,5.75,5.6,5.68,5.7,-0.02,-0.35,36616.34,20703.6795
000673.SZ,20070402,5.64,5.74,5.52,5.7,5.64,0.06,1.06,37961.41,21402.1986
000673.SZ,20070330,5.51,5.76,5.4,5.64,5.64,0.0,0.0,37272.46,20771.7601
000673.SZ,20070329,6.09,6.1,5.64,5.64,6.09,-0.45,-7.39,55823.3,32531.2469
000673.SZ,20070328,6.25,6.38,5.8,6.09,6.24,-0.15,-2.4,77647.5,47214.9631
000673.SZ,20070327,6.3,6.38,6.1,6.24,6.24,0.0,0.0,105146.68,65354.7639
000673.SZ,20070326,5.87,6.34,5.78,6.24,5.85,0.39,6.67,127138.93,77101.7957
000673.SZ,20070323,5.93,5.98,5.71,5.85,5.92,-0.07,-1.18,115124.77,67485.7053
000673.SZ,20070322,5.81,6.1,5.78,5.92,5.83,0.09,1.54,125890.21,74550.1568
000673.SZ,20070321,5.55,5.83,5.5,5.83,5.56,0.27,4.86,89161.56,50687.9817
000673.SZ,20070320,5.39,5.65,5.3,5.56,5.39,0.17,3.15,57397.36,31274.7847
000673.SZ,20070319,5.28,5.46,5.2,5.39,5.55,-0.16,-2.88,65699.61,35186.8749
000673.SZ,20070316,5.9,5.97,5.4,5.55,5.86,-0.31,-5.29,206307.56,116503.4779
000673.SZ,20070315,5.41,5.88,5.39,5.86,5.45,0.41,7.52,113952.58,64851.5909
000673.SZ,20070314,5.38,5.59,5.32,5.45,5.6,-0.15,-2.68,65123.32,35579.6409
000673.SZ,20070313,5.3,5.75,5.28,5.6,5.31,0.29,5.46,89665.77,49115.0589
000673.SZ,20070312,5.26,5.4,5.2,5.31,5.22,0.09,1.72,63815.75,33864.4527
000673.SZ,20070309,5.15,5.3,5.07,5.22,5.15,0.07,1.36,68873.98,35907.6369
000673.SZ,20070308,5.02,5.2,4.9,5.15,5.02,0.13,2.59,60337.96,30650.5669
000673.SZ,20070307,4.89,5.07,4.89,5.02,4.88,0.14,2.87,43262.63,21630.1311
000673.SZ,20070306,4.94,4.96,4.79,4.88,5.0,-0.12,-2.4,44618.72,21729.4114
000673.SZ,20070305,5.32,5.35,4.8,5.0,5.25,-0.25,-4.76,75794.21,37658.4674
000673.SZ,20070301,5.56,5.64,5.09,5.25,5.65,-0.4,-7.08,113488.7,60354.188
000673.SZ,20070228,5.16,5.68,5.0,5.65,5.16,0.49,9.5,192367.65,102866.2206
000673.SZ,20070227,4.79,5.16,4.79,5.16,4.69,0.47,10.02,291310.21,146590.0056
000673.SZ,20070226,4.4,4.75,4.4,4.69,4.43,0.26,5.87,137463.84,63583.4162
000673.SZ,20070216,4.41,4.54,4.33,4.43,4.55,-0.12,-2.64,147361.29,65203.3678
000673.SZ,20070215,3.95,4.87,3.9,4.55,4.77,-0.22,-4.61,244914.83,106540.4315
000673.SZ,20070202,4.77,4.77,4.77,4.77,4.54,0.23,5.07,23907.81,11404.0254
000673.SZ,20070201,4.54,4.54,4.51,4.54,4.32,0.22,5.09,51429.31,23340.4767
000673.SZ,20070131,4.32,4.32,4.32,4.32,4.11,0.21,5.11,6187.28,2672.905
000673.SZ,20070130,4.11,4.11,4.11,4.11,3.91,0.2,5.12,1096.0,450.456
000673.SZ,20070129,3.91,3.91,3.91,3.91,3.72,0.19,5.11,832.7,325.5857
000673.SZ,20070112,3.86,3.92,3.71,3.72,3.88,-0.16,-4.12,15033.1,5722.2679
000673.SZ,20070111,3.73,3.92,3.7,3.88,3.73,0.15,4.02,27443.85,10549.0684
000673.SZ,20070110,3.7,3.75,3.59,3.73,3.74,-0.01,-0.27,22586.77,8247.8782
000673.SZ,20070109,3.6,3.8,3.58,3.74,3.62,0.12,3.31,12888.85,4763.4068
000673.SZ,20070108,3.49,3.62,3.44,3.62,3.5,0.12,3.43,9043.92,3223.1163
000673.SZ,20070105,3.46,3.57,3.4,3.5,3.45,0.05,1.45,11403.99,3945.4635
000673.SZ,20070104,3.59,3.6,3.43,3.45,3.59,-0.14,-3.9,14848.03,5168.6184
000673.SZ,20061229,3.65,3.75,3.57,3.59,3.65,-0.06,-1.64,9923.82,3584.9964
000673.SZ,20061228,3.87,3.87,3.63,3.65,3.87,-0.22,-5.68,9782.68,3630.3723
000673.SZ,20061227,3.78,3.92,3.71,3.87,3.81,0.06,1.57,10644.2,4054.0494
000673.SZ,20061226,3.88,3.93,3.76,3.81,3.9,-0.09,-2.31,10166.0,3903.0307
000673.SZ,20061225,3.97,4.02,3.88,3.9,3.99,-0.09,-2.26,17086.41,6706.8393
000673.SZ,20061222,3.9,4.15,3.86,3.99,3.93,0.06,1.53,16504.93,6611.4512
000673.SZ,20061221,3.87,4.05,3.82,3.93,3.81,0.12,3.15,23390.7,9241.1371
000673.SZ,20061220,3.82,3.87,3.76,3.81,3.85,-0.04,-1.04,14101.95,5375.0313
000673.SZ,20061219,3.7,3.87,3.67,3.85,3.7,0.15,4.05,15826.34,5988.5835
000673.SZ,20061218,3.79,3.84,3.66,3.7,3.79,-0.09,-2.37,14136.85,5292.3347
000673.SZ,20061215,3.86,3.9,3.76,3.79,3.83,-0.04,-1.04,14455.81,5532.2529
000673.SZ,20061213,3.84,3.9,3.81,3.83,3.88,-0.05,-1.29,6785.38,2611.8703
000673.SZ,20061212,3.97,4.14,3.78,3.88,3.97,-0.09,-2.27,23573.28,9347.0106
000673.SZ,20061211,3.78,4.03,3.78,3.97,3.78,0.19,5.03,28442.43,11192.503
000673.SZ,20061208,4.11,4.23,3.78,3.78,4.13,-0.35,-8.47,37884.36,15118.5241
000673.SZ,20061207,3.7,4.13,3.65,4.13,3.75,0.38,10.13,33664.58,13233.1802
000673.SZ,20061206,3.64,3.84,3.59,3.75,3.64,0.11,3.02,23821.13,8844.116
000673.SZ,20061205,3.61,3.65,3.55,3.64,3.58,0.06,1.68,12856.46,4639.8591
000673.SZ,20061204,3.58,3.6,3.52,3.58,3.58,0.0,0.0,9775.24,3480.0381
000673.SZ,20061201,3.58,3.58,3.51,3.58,3.59,-0.01,-0.28,9082.19,3213.8389
000673.SZ,20061130,3.57,3.64,3.57,3.59,3.57,0.02,0.56,8277.89,2973.3623
000673.SZ,20061129,3.52,3.67,3.48,3.57,3.52,0.05,1.42,8548.2,3065.7161
000673.SZ,20061128,3.55,3.58,3.51,3.52,3.57,-0.05,-1.4,6589.69,2339.1899
000673.SZ,20061127,3.47,3.59,3.46,3.57,3.5,0.07,2.0,11412.84,4046.0874
000673.SZ,20061124,3.38,3.5,3.37,3.5,3.41,0.09,2.64,8006.84,2750.7583
000673.SZ,20061123,3.43,3.46,3.35,3.41,3.47,-0.06,-1.73,13221.04,4495.046
000673.SZ,20061122,3.36,3.62,3.33,3.47,3.38,0.09,2.66,9828.1,3426.4561
000673.SZ,20061121,3.39,3.39,3.27,3.38,3.41,-0.03,-0.88,4659.7,1553.4728
000673.SZ,20061120,3.52,3.52,3.25,3.41,3.47,-0.06,-1.73,12675.43,4247.6109
000673.SZ,20061117,3.5,3.53,3.4,3.47,3.54,-0.07,-1.98,6212.74,2152.6876
000673.SZ,20061116,3.59,3.63,3.45,3.54,3.59,-0.05,-1.39,7080.0,2491.4796
000673.SZ,20061115,3.76,3.76,3.55,3.59,3.42,0.17,4.97,11868.9,4320.7728
000673.SZ,20061114,3.42,3.48,3.3,3.42,3.42,0.0,0.0,5115.4,1733.3326
000673.SZ,20061113,3.48,3.51,3.4,3.42,3.51,-0.09,-2.56,6852.0,2363.133
000673.SZ,20061110,3.52,3.63,3.44,3.51,3.52,-0.01,-0.28,5718.05,2016.1243
000673.SZ,20061109,3.45,3.57,3.45,3.52,3.48,0.04,1.15,7979.0,2823.267
000673.SZ,20061107,3.75,3.75,3.4,3.48,3.76,-0.28,-7.45,16170.75,5709.3106
000673.SZ,20061106,3.8,3.82,3.73,3.76,3.84,-0.08,-2.08,5940.39,2232.3776
000673.SZ,20061103,3.86,3.86,3.73,3.84,3.89,-0.05,-1.29,13667.17,5153.0313
000673.SZ,20061102,3.93,3.93,3.83,3.89,3.93,-0.04,-1.02,5439.54,2101.8829
000673.SZ,20061101,3.82,3.94,3.73,3.93,3.85,0.08,2.08,8470.59,3265.8926
000673.SZ,20061031,3.74,3.87,3.7,3.85,3.74,0.11,2.94,7237.1,2756.3125
000673.SZ,20061030,3.71,3.75,3.66,3.74,3.75,-0.01,-0.27,5819.7,2156.7556
000673.SZ,20061027,3.86,3.9,3.65,3.75,3.88,-0.13,-3.35,9551.16,3566.3132
000673.SZ,20061026,3.87,3.92,3.8,3.88,3.86,0.02,0.52,8875.4,3429.9468
000673.SZ,20061025,4.0,4.03,3.8,3.86,4.0,-0.14,-3.5,17652.85,6862.2175
000673.SZ,20061024,4.03,4.19,3.9,4.0,4.03,-0.03,-0.74,23058.33,9345.4117
000673.SZ,20061023,4.38,4.44,4.03,4.03,4.48,-0.45,-10.04,21856.31,9039.0063
000673.SZ,20061019,4.48,4.52,4.35,4.48,4.48,0.0,0.0,10964.39,4841.4687
000673.SZ,20061018,4.45,4.56,4.4,4.48,4.45,0.03,0.67,10067.01,4526.296
000673.SZ,20061017,4.35,4.64,4.29,4.45,4.35,0.1,2.3,15350.01,6850.1743
000673.SZ,20061016,4.39,4.46,4.31,4.35,4.4,-0.05,-1.14,8012.24,3505.6744
000673.SZ,20061013,4.4,4.55,4.35,4.4,4.4,0.0,0.0,13615.9,6049.7488
000673.SZ,20061012,4.47,4.52,4.33,4.4,4.48,-0.08,-1.79,20099.49,8843.6145
000673.SZ,20061011,4.11,4.51,4.11,4.48,4.1,0.38,9.27,52965.57,23331.1422
000673.SZ,20061010,4.15,4.2,4.08,4.1,4.21,-0.11,-2.61,17937.41,7403.5123
000673.SZ,20061009,4.31,4.36,4.14,4.21,4.19,0.02,0.48,14652.53,6162.9611
000673.SZ,20060929,4.2,4.29,4.15,4.19,4.18,0.01,0.24,18733.69,7891.7777
000673.SZ,20060928,4.1,4.29,4.06,4.18,4.11,0.07,1.7,19703.81,8317.3087
000673.SZ,20060927,4.16,4.2,4.06,4.11,4.22,-0.11,-2.61,18623.72,7687.5225
000673.SZ,20060926,4.1,4.4,4.1,4.22,4.18,0.04,0.96,45395.71,19310.2608
000673.SZ,20060925,3.85,4.18,3.76,4.18,3.8,0.38,10.0,32511.34,13113.1281
000673.SZ,20060922,3.79,3.91,3.74,3.8,3.81,-0.01,-0.26,12645.9,4858.0671
000673.SZ,20060921,3.89,3.93,3.7,3.81,3.92,-0.11,-2.81,16064.01,6114.2976
000673.SZ,20060920,3.89,3.95,3.84,3.92,3.9,0.02,0.51,7952.5,3107.8901
000673.SZ,20060919,3.98,4.09,3.86,3.9,4.02,-0.12,-2.99,16763.41,6645.0083
000673.SZ,20060918,3.98,4.18,3.89,4.02,3.95,0.07,1.77,20395.32,8224.0068
000673.SZ,20060915,3.99,4.08,3.88,3.95,4.0,-0.05,-1.25,25104.04,9943.3114
000673.SZ,20060914,3.65,4.0,3.65,4.0,3.64,0.36,9.89,48356.36,18926.7065
000673.SZ,20060913,3.78,3.78,3.63,3.64,3.78,-0.14,-3.7,7479.8,2759.1089
000673.SZ,20060912,3.74,3.85,3.7,3.78,3.78,0.0,0.0,15829.31,6009.4659
000673.SZ,20060911,3.62,3.78,3.52,3.78,3.63,0.15,4.13,10324.05,3762.6273
000673.SZ,20060908,3.6,3.69,3.6,3.63,3.62,0.01,0.28,7183.01,2605.5439
000673.SZ,20060907,3.61,3.77,3.61,3.62,3.7,-0.08,-2.16,14183.23,5216.0905
000673.SZ,20060906,3.64,3.85,3.62,3.7,3.6,0.1,2.78,28559.56,10650.9642
000673.SZ,20060905,3.5,3.72,3.44,3.6,3.51,0.09,2.56,18014.29,6439.7343
000673.SZ,20060904,3.25,3.59,3.25,3.51,3.26,0.25,7.67,18680.48,6487.1779
000673.SZ,20060901,3.3,3.32,3.24,3.26,3.32,-0.06,-1.81,4220.0,1382.902
000673.SZ,20060831,3.31,3.4,3.28,3.32,3.35,-0.03,-0.9,4440.6,1477.2848
000673.SZ,20060830,3.3,3.36,3.25,3.35,3.29,0.06,1.82,5647.45,1862.2118
000673.SZ,20060829,3.32,3.4,3.28,3.29,3.27,0.02,0.61,8108.5,2714.2175
000673.SZ,20060828,3.19,3.3,3.19,3.27,3.19,0.08,2.51,6467.05,2114.1232
000673.SZ,20060825,3.14,3.23,3.14,3.19,3.15,0.04,1.27,5592.76,1788.88
000673.SZ,20060824,3.13,3.18,3.09,3.15,3.15,0.0,0.0,3165.1,993.5575
000673.SZ,20060823,3.18,3.2,3.13,3.15,3.14,0.01,0.32,3342.5,1057.0545
000673.SZ,20060822,3.17,3.18,3.12,3.14,3.16,-0.02,-0.63,4224.7,1331.3504
000673.SZ,20060821,3.05,3.16,2.98,3.16,3.15,0.01,0.32,2758.0,852.177
000673.SZ,20060818,3.13,3.22,3.13,3.15,3.18,-0.03,-0.94,3861.99,1228.7228
000673.SZ,20060817,3.18,3.2,3.11,3.18,3.22,-0.04,-1.24,3520.97,1109.1159
000673.SZ,20060816,3.18,3.23,3.18,3.22,3.18,0.04,1.26,3453.52,1106.4719
000673.SZ,20060815,3.1,3.18,3.09,3.18,3.11,0.07,2.25,2762.22,867.7834
000673.SZ,20060814,3.24,3.24,3.1,3.11,3.24,-0.13,-4.01,3482.32,1095.236
000673.SZ,20060811,3.26,3.29,3.21,3.24,3.27,-0.03,-0.92,3030.9,984.2554
000673.SZ,20060810,3.17,3.28,3.13,3.27,3.17,0.1,3.15,4427.89,1422.397
000673.SZ,20060809,3.21,3.21,3.14,3.17,3.15,0.02,0.63,2196.99,697.9268
000673.SZ,20060808,3.04,3.16,3.04,3.15,3.04,0.11,3.62,3184.0,993.4395
000673.SZ,20060807,3.25,3.25,3.02,3.04,3.25,-0.21,-6.46,4539.79,1432.4075
000673.SZ,20060804,3.37,3.4,3.23,3.25,3.37,-0.12,-3.56,5020.51,1676.8968
000673.SZ,20060803,3.44,3.45,3.33,3.37,3.44,-0.07,-2.03,3806.6,1289.954
000673.SZ,20060802,3.4,3.47,3.25,3.44,3.4,0.04,1.18,5768.09,1938.2473
000673.SZ,20060801,3.64,3.67,3.31,3.4,3.63,-0.23,-6.34,9262.0,3218.7294
000673.SZ,20060731,3.62,3.78,3.56,3.63,3.62,0.01,0.28,19156.81,7047.9584
000673.SZ,20060728,3.56,3.63,3.5,3.62,3.56,0.06,1.69,6469.43,2306.493
000673.SZ,20060727,3.64,3.67,3.53,3.56,3.64,-0.08,-2.2,8374.32,3010.9096
000673.SZ,20060726,3.5,3.68,3.49,3.64,3.5,0.14,4.0,13969.33,5052.6042
000673.SZ,20060725,3.43,3.53,3.43,3.5,3.45,0.05,1.45,7137.08,2493.2961
000673.SZ,20060724,3.42,3.46,3.36,3.45,3.49,-0.04,-1.15,5472.59,1867.0548
000673.SZ,20060721,3.46,3.53,3.43,3.49,3.47,0.02,0.58,5239.12,1829.6938
000673.SZ,20060720,3.45,3.53,3.41,3.47,3.47,0.0,0.0,3514.79,1216.0281
000673.SZ,20060719,3.52,3.59,3.39,3.47,3.53,-0.06,-1.7,7952.69,2770.2794
000673.SZ,20060718,3.43,3.55,3.41,3.53,3.46,0.07,2.02,7638.88,2672.7002
000673.SZ,20060717,3.33,3.46,3.3,3.46,3.36,0.1,2.98,8284.75,2812.4203
000673.SZ,20060714,3.24,3.4,3.2,3.36,3.28,0.08,2.44,9433.56,3122.8514
000673.SZ,20060713,3.5,3.53,3.28,3.28,3.54,-0.26,-7.34,17351.13,5919.8094
000673.SZ,20060712,3.61,3.72,3.5,3.54,3.85,-0.31,-8.05,27934.6,10113.6474
000673.SZ,20060711,3.84,3.97,3.77,3.85,3.84,0.01,0.26,13300.12,5191.8565
000673.SZ,20060710,3.7,3.86,3.7,3.84,3.72,0.12,3.23,10633.97,4045.0353
000673.SZ,20060707,3.63,3.8,3.59,3.72,3.62,0.1,2.76,14051.22,5201.6017
000673.SZ,20060706,3.55,3.64,3.53,3.62,3.55,0.07,1.97,5426.02,1957.3696
000673.SZ,20060705,3.58,3.58,3.5,3.55,3.59,-0.04,-1.11,6590.0,2329.113
000673.SZ,20060704,3.68,3.68,3.58,3.59,3.66,-0.07,-1.91,8517.8,3072.4949
000673.SZ,20060703,3.6,3.66,3.59,3.66,3.62,0.04,1.11,6504.47,2364.6459
000673.SZ,20060630,3.71,3.82,3.6,3.62,3.72,-0.1,-2.69,10498.57,3854.7872
000673.SZ,20060629,3.62,3.74,3.6,3.72,3.64,0.08,2.2,11883.24,4360.6174
000673.SZ,20060628,3.55,3.67,3.48,3.64,3.53,0.11,3.12,11267.07,4036.0801
000673.SZ,20060627,3.41,3.57,3.41,3.53,3.58,-0.05,-1.4,5276.51,1854.1625
000673.SZ,20060626,3.54,3.58,3.47,3.58,3.49,0.09,2.58,6120.75,2177.5385
000673.SZ,20060623,3.49,3.53,3.45,3.49,3.52,-0.03,-0.85,5039.21,1760.7164
000673.SZ,20060622,3.46,3.55,3.43,3.52,3.5,0.02,0.57,5811.33,2033.0317
000673.SZ,20060621,3.55,3.57,3.45,3.5,3.55,-0.05,-1.41,5757.44,2016.8245
000673.SZ,20060620,3.49,3.59,3.49,3.55,3.49,0.06,1.72,5765.8,2045.6584
000673.SZ,20060619,3.49,3.53,3.44,3.49,3.53,-0.04,-1.13,6127.1,2134.3997
000673.SZ,20060616,3.45,3.53,3.44,3.53,3.44,0.09,2.62,5938.49,2076.0565
000673.SZ,20060615,3.44,3.53,3.41,3.44,3.44,0.0,0.0,5248.0,1817.9818
000673.SZ,20060614,3.41,3.46,3.32,3.44,3.4,0.04,1.18,4266.36,1446.6611
000673.SZ,20060613,3.35,3.47,3.35,3.4,3.34,0.06,1.8,3687.61,1258.5905
000673.SZ,20060612,3.48,3.48,3.33,3.34,3.48,-0.14,-4.02,7364.49,2514.5528
000673.SZ,20060609,3.59,3.68,3.47,3.48,3.58,-0.1,-2.79,9563.4,3406.4829
000673.SZ,20060608,3.6,3.62,3.4,3.58,3.69,-0.11,-2.98,14373.04,5061.1481
000673.SZ,20060607,4.1,4.1,3.69,3.69,4.1,-0.41,-10.0,14360.3,5515.3671
000673.SZ,20060606,4.04,4.21,4.0,4.1,4.02,0.08,1.99,21134.86,8673.2733
000673.SZ,20060605,3.85,4.03,3.8,4.02,3.84,0.18,4.69,17996.45,7065.3848
000673.SZ,20060602,3.83,3.98,3.73,3.84,3.84,0.0,0.0,23790.12,9143.063
000673.SZ,20060601,3.55,3.9,3.5,3.84,3.57,0.27,7.56,31720.96,11865.9319
000673.SZ,20060531,3.45,3.68,3.44,3.57,3.49,0.08,2.29,17856.92,6442.4132
000673.SZ,20060530,3.53,3.54,3.4,3.49,3.53,-0.04,-1.13,12636.33,4401.0028
000673.SZ,20060529,3.5,3.58,3.4,3.53,3.49,0.04,1.15,13454.81,4693.1554
000673.SZ,20060526,3.36,3.56,3.3,3.49,3.33,0.16,4.8,13961.81,4816.1662
000673.SZ,20060525,3.42,3.42,3.21,3.33,3.44,-0.11,-3.2,13008.65,4291.3934
000673.SZ,20060524,3.71,3.71,3.34,3.44,3.71,-0.27,-7.28,27302.03,9450.5743
000673.SZ,20060523,3.55,3.71,3.54,3.71,3.37,0.34,10.09,59899.88,21769.8642
000673.SZ,20060519,3.06,3.37,3.02,3.37,3.06,0.31,10.13,37226.03,12221.9205
000673.SZ,20060518,2.96,3.08,2.92,3.06,2.95,0.11,3.73,16315.47,4949.8268
000673.SZ,20060517,2.86,3.04,2.8,2.95,2.87,0.08,2.79,17052.08,5057.6268
000673.SZ,20060516,2.99,3.0,2.86,2.87,2.97,-0.1,-3.37,15555.23,4537.7568
000673.SZ,20060515,2.85,2.97,2.85,2.97,2.87,0.1,3.48,14826.74,4322.2859
000673.SZ,20060512,2.8,2.87,2.76,2.87,2.81,0.06,2.14,10205.61,2893.4958
000673.SZ,20060511,2.78,2.9,2.77,2.81,2.78,0.03,1.08,12520.29,3563.1398
000673.SZ,20060510,2.75,2.79,2.65,2.78,2.74,0.04,1.46,8600.92,2364.7844
000673.SZ,20060509,2.63,2.76,2.62,2.74,2.65,0.09,3.4,8466.87,2274.731
000673.SZ,20060508,2.59,2.67,2.55,2.65,2.59,0.06,2.32,4695.69,1230.0123
000673.SZ,20060428,2.52,2.62,2.49,2.59,2.56,0.03,1.17,6266.39,1603.5348
000673.SZ,20060427,2.55,2.59,2.49,2.56,2.55,0.01,0.39,5424.71,1377.1451
000673.SZ,20060426,2.56,2.56,2.46,2.55,2.56,-0.01,-0.39,7800.62,1948.0961
000673.SZ,20060425,2.51,2.59,2.51,2.56,2.51,0.05,1.99,5039.72,1285.9399
000673.SZ,20060424,2.68,2.71,2.5,2.51,2.67,-0.16,-5.99,6999.68,1820.4305
000673.SZ,20060421,2.57,2.73,2.57,2.67,2.74,-0.07,-2.55,8279.29,2205.7321
000673.SZ,20060420,2.9,2.95,2.74,2.74,3.04,-0.3,-9.87,14598.0,4080.4276
000673.SZ,20060419,3.14,3.14,3.01,3.04,3.14,-0.1,-3.18,8171.7,2483.1844
000673.SZ,20060418,3.17,3.17,3.08,3.14,3.15,-0.01,-0.32,5910.19,1837.9479
000673.SZ,20060417,3.14,3.19,3.12,3.15,3.17,-0.02,-0.63,5436.85,1710.58
000673.SZ,20060414,3.1,3.18,3.08,3.17,3.1,0.07,2.26,5003.45,1561.8574
000673.SZ,20060413,3.25,3.28,3.1,3.1,3.25,-0.15,-4.62,7049.2,2257.2346
000673.SZ,20060412,3.31,3.31,3.24,3.25,3.31,-0.06,-1.81,7561.45,2462.2612
000673.SZ,20060411,3.22,3.35,3.22,3.31,3.21,0.1,3.12,19965.74,6575.561
000673.SZ,20060410,3.24,3.26,3.16,3.21,3.21,0.0,0.0,9214.25,2949.9231
000673.SZ,20060407,3.15,3.33,3.1,3.21,3.14,0.07,2.23,13216.01,4233.3065
000673.SZ,20060406,3.1,3.19,3.1,3.14,3.1,0.04,1.29,7581.67,2387.2089
000673.SZ,20060405,3.13,3.13,3.09,3.1,3.13,-0.03,-0.96,6109.7,1895.5673
000673.SZ,20060404,3.14,3.16,3.09,3.13,3.12,0.01,0.32,5257.74,1640.4847
000673.SZ,20060403,3.13,3.13,3.08,3.12,3.13,-0.01,-0.32,5280.49,1639.1844
000673.SZ,20060331,3.08,3.17,3.06,3.13,3.09,0.04,1.29,3609.14,1125.4368
000673.SZ,20060330,3.16,3.17,3.06,3.09,3.19,-0.1,-3.13,7417.0,2304.7542
000673.SZ,20060329,3.18,3.21,3.16,3.19,3.2,-0.01,-0.31,7712.2,2453.3567
000673.SZ,20060328,3.3,3.3,3.15,3.2,3.32,-0.12,-3.61,14423.01,4615.4054
000673.SZ,20060327,3.25,3.45,3.22,3.32,3.22,0.1,3.11,40983.21,13439.4103
000673.SZ,20060324,3.18,3.23,3.14,3.22,3.22,0.0,0.0,13524.54,4299.0854
000673.SZ,20060323,3.06,3.25,3.03,3.22,3.06,0.16,5.23,16368.64,5083.2604
000673.SZ,20060322,3.04,3.08,3.02,3.06,3.04,0.02,0.66,5108.37,1557.3609
000673.SZ,20060321,3.1,3.13,3.03,3.04,3.1,-0.06,-1.94,11876.18,3673.3636
000673.SZ,20060320,3.03,3.1,3.03,3.1,3.03,0.07,2.31,4986.5,1534.928
000673.SZ,20060317,3.0,3.06,3.0,3.03,3.03,0.0,0.0,4249.58,1289.2234
000673.SZ,20060316,3.03,3.05,3.0,3.03,3.01,0.02,0.66,5144.72,1555.774
000673.SZ,20060315,2.97,3.02,2.93,3.01,2.98,0.03,1.01,5956.48,1775.754
000673.SZ,20060314,3.0,3.03,2.95,2.98,3.0,-0.02,-0.67,4093.6,1221.4072
000673.SZ,20060313,2.96,3.01,2.95,3.0,2.95,0.05,1.69,2201.0,658.485
000673.SZ,20060310,2.93,3.0,2.93,2.95,2.96,-0.01,-0.34,2741.7,810.4635
000673.SZ,20060309,2.9,2.96,2.9,2.96,2.96,0.0,0.0,3797.49,1118.4143
000673.SZ,20060308,3.02,3.05,2.95,2.96,3.08,-0.12,-3.9,5337.23,1596.0941
000673.SZ,20060307,3.05,3.11,2.98,3.08,3.08,0.0,0.0,7572.95,2305.9101
000673.SZ,20060306,3.08,3.16,3.03,3.08,3.06,0.02,0.65,7675.9,2381.6455
000673.SZ,20060303,3.11,3.14,2.99,3.06,3.14,-0.08,-2.55,6873.9,2104.1444
000673.SZ,20060302,3.18,3.3,3.11,3.14,3.3,-0.16,-4.85,17995.88,5746.2316
000673.SZ,20060301,3.09,3.4,2.92,3.3,3.12,0.18,5.77,20185.6,6274.3769
000673.SZ,20060228,3.13,3.21,3.08,3.12,3.08,0.04,1.3,35022.92,11033.3773
000673.SZ,20060227,3.03,3.09,3.02,3.08,3.03,0.05,1.65,10703.51,3272.0911
000673.SZ,20060224,3.03,3.05,3.0,3.03,3.03,0.0,0.0,7029.15,2123.9062
000673.SZ,20060223,2.97,3.03,2.95,3.03,2.97,0.06,2.02,8642.82,2584.9737
000673.SZ,20060222,2.91,2.98,2.91,2.97,2.9,0.07,2.41,9094.11,2683.9006
000673.SZ,20060221,2.8,2.9,2.8,2.9,2.84,0.06,2.11,3671.35,1048.6763
000673.SZ,20060220,2.83,2.87,2.81,2.84,2.86,-0.02,-0.7,4765.22,1353.1711
000673.SZ,20060217,2.86,2.93,2.8,2.86,2.98,-0.12,-4.03,8947.08,2566.2514
000673.SZ,20060215,2.93,3.02,2.91,2.98,2.94,0.04,1.36,10215.74,3033.9755
000673.SZ,20060214,2.9,2.95,2.9,2.94,2.93,0.01,0.34,4353.0,1273.037
000673.SZ,20060213,2.91,2.94,2.83,2.93,2.91,0.02,0.69,6349.0,1829.1521
000673.SZ,20060210,2.9,2.93,2.87,2.91,2.9,0.01,0.34,5094.18,1476.2548
000673.SZ,20060209,2.93,2.96,2.9,2.9,2.91,-0.01,-0.34,7127.94,2083.7285
000673.SZ,20060208,2.91,2.93,2.88,2.91,2.93,-0.02,-0.68,9179.32,2662.6792
000673.SZ,20060207,2.8,2.94,2.78,2.93,2.83,0.1,3.53,14910.68,4222.4352
000673.SZ,20060206,2.68,2.89,2.68,2.83,2.97,-0.14,-4.71,19058.63,5287.4533
000673.SZ,20060125,2.99,3.0,2.97,2.97,3.3,-0.33,-10.0,3655.0,1087.496
000673.SZ,20060124,3.33,3.39,3.3,3.3,3.34,-0.04,-1.2,4880.1,1633.4795
000673.SZ,20060123,3.37,3.38,3.28,3.34,3.39,-0.05,-1.47,4464.1,1483.9202
000673.SZ,20060120,3.42,3.42,3.36,3.39,3.44,-0.05,-1.45,5197.51,1760.8444
000673.SZ,20060119,3.41,3.47,3.38,3.44,3.41,0.03,0.88,7087.41,2423.6196
000673.SZ,20060118,3.32,3.43,3.28,3.41,3.3,0.11,3.33,7465.45,2526.468
000673.SZ,20060117,3.33,3.35,3.28,3.3,3.33,-0.03,-0.9,4173.0,1383.42
000673.SZ,20060116,3.44,3.45,3.32,3.33,3.43,-0.1,-2.92,5155.0,1743.5775
000673.SZ,20060113,3.4,3.46,3.37,3.43,3.38,0.05,1.48,8238.21,2807.074
000673.SZ,20060112,3.35,3.41,3.31,3.38,3.36,0.02,0.6,8623.74,2903.1004
000673.SZ,20060111,3.39,3.41,3.32,3.36,3.39,-0.03,-0.89,9074.67,3046.0611
000673.SZ,20060110,3.04,3.39,3.04,3.39,3.34,0.05,1.5,9422.0,3117.366
000673.SZ,20060109,3.28,3.36,3.26,3.34,3.29,0.05,1.52,6914.45,2299.341
000673.SZ,20060106,3.28,3.31,3.25,3.29,3.28,0.01,0.3,6809.78,2234.7551
000673.SZ,20060105,3.24,3.28,3.21,3.28,3.26,0.02,0.61,5196.99,1689.9591
000673.SZ,20060104,3.19,3.27,3.19,3.26,3.19,0.07,2.19,3577.71,1155.0635
000673.SZ,20051230,3.24,3.24,3.18,3.19,3.22,-0.03,-0.93,3119.49,1000.8933
000673.SZ,20051229,3.21,3.24,3.19,3.22,3.21,0.01,0.31,4256.79,1370.9801
000673.SZ,20051228,3.18,3.22,3.17,3.21,3.2,0.01,0.31,2901.9,926.3722
000673.SZ,20051227,3.23,3.23,3.17,3.2,3.23,-0.03,-0.93,3748.8,1195.9174
000673.SZ,20051226,3.23,3.27,3.19,3.23,3.22,0.01,0.31,3898.19,1257.8196
000673.SZ,20051223,3.18,3.23,3.16,3.22,3.21,0.01,0.31,2554.2,820.0632
000673.SZ,20051222,3.18,3.28,3.14,3.21,3.19,0.02,0.63,2573.6,823.5562
000673.SZ,20051221,3.18,3.23,3.16,3.19,3.18,0.01,0.31,2280.0,727.056
000673.SZ,20051220,3.18,3.18,3.12,3.18,3.2,-0.02,-0.63,3075.0,972.768
000673.SZ,20051219,3.19,3.25,3.19,3.2,3.23,-0.03,-0.93,2361.9,760.74
000673.SZ,20051216,3.25,3.25,3.17,3.23,3.22,0.01,0.31,4729.84,1511.8398
000673.SZ,20051215,3.3,3.33,3.21,3.22,3.29,-0.07,-2.13,5071.0,1652.239
000673.SZ,20051214,3.25,3.37,3.22,3.29,3.22,0.07,2.17,7960.96,2628.4683
000673.SZ,20051213,3.45,3.47,3.19,3.22,3.15,0.07,2.22,16179.2,5347.7915
000673.SZ,20051212,3.17,3.17,3.09,3.15,3.17,-0.02,-0.63,3559.19,1114.5173
000673.SZ,20051209,3.15,3.24,3.1,3.17,3.17,0.0,0.0,5713.7,1816.9777
000673.SZ,20051208,3.06,3.25,3.0,3.17,3.02,0.15,4.97,5413.75,1700.4573
000673.SZ,20051207,3.0,3.05,3.0,3.02,3.0,0.02,0.67,2247.05,680.2603
000673.SZ,20051206,2.9,3.03,2.9,3.0,2.91,0.09,3.09,2604.8,774.8962
000673.SZ,20051205,3.06,3.1,2.89,2.91,3.09,-0.18,-5.83,4196.0,1255.812
000673.SZ,20051202,3.31,3.33,3.03,3.09,3.31,-0.22,-6.65,6403.04,2025.6645
000673.SZ,20051201,3.4,3.41,3.28,3.31,3.4,-0.09,-2.65,5169.0,1721.562
000673.SZ,20051130,3.3,3.4,3.25,3.4,3.3,0.1,3.03,11613.5,3909.7874
000673.SZ,20051129,3.28,3.3,3.25,3.3,3.28,0.02,0.61,3001.75,981.4838
000673.SZ,20051128,3.32,3.4,3.27,3.28,3.32,-0.04,-1.2,6944.36,2310.8617
000673.SZ,20051125,3.2,3.35,3.2,3.32,3.23,0.09,2.79,14414.89,4752.427
000673.SZ,20051124,3.11,3.24,3.07,3.23,3.11,0.12,3.86,9086.06,2901.8564
000673.SZ,20051123,3.1,3.14,3.04,3.11,3.11,0.0,0.0,3149.0,976.474
000673.SZ,20051122,3.22,3.22,3.1,3.11,3.25,-0.14,-4.31,5768.75,1817.5254
000673.SZ,20051121,3.29,3.33,3.22,3.25,3.27,-0.02,-0.61,10277.65,3366.6222
000673.SZ,20051118,3.15,3.28,3.07,3.27,3.17,0.1,3.15,11899.25,3776.4118
000673.SZ,20051117,3.25,3.44,3.14,3.17,3.21,-0.04,-1.25,13010.81,4264.4129
000673.SZ,20051116,3.28,3.28,3.1,3.21,3.28,-0.07,-2.13,10331.15,3294.6762
000673.SZ,20051115,3.08,3.3,3.07,3.28,3.07,0.21,6.84,20998.3,6715.3987
000673.SZ,20051114,2.93,3.15,2.93,3.07,2.9,0.17,5.86,8297.61,2532.3674
000673.SZ,20051110,3.04,3.04,2.88,2.9,3.07,-0.17,-5.54,4646.0,1380.105
000673.SZ,20051109,3.07,3.12,3.04,3.07,3.1,-0.03,-0.97,4148.24,1276.0907
000673.SZ,20051108,3.01,3.12,3.01,3.1,3.08,0.02,0.65,4313.0,1326.945
000673.SZ,20051107,3.12,3.14,3.0,3.08,3.12,-0.04,-1.28,9160.89,2801.627
000673.SZ,20051104,3.03,3.15,2.95,3.12,3.0,0.12,4.0,10567.34,3253.6375
000673.SZ,20051103,2.94,3.02,2.89,3.0,2.94,0.06,2.04,6530.16,1933.1832
000673.SZ,20051102,2.85,2.98,2.85,2.94,2.85,0.09,3.16,4621.0,1352.742
000673.SZ,20051101,2.86,2.87,2.75,2.85,2.87,-0.02,-0.7,3525.2,986.7569
000673.SZ,20051031,2.82,2.9,2.82,2.87,2.82,0.05,1.77,3469.5,993.103
000673.SZ,20051028,2.98,2.98,2.74,2.82,2.95,-0.13,-4.41,5823.7,1687.8935
000673.SZ,20051027,3.03,3.06,2.88,2.95,3.05,-0.1,-3.28,5984.93,1781.1272
000673.SZ,20051026,3.25,3.29,3.05,3.05,3.25,-0.2,-6.15,7773.93,2439.0988
000673.SZ,20051025,3.4,3.4,3.23,3.25,3.41,-0.16,-4.69,8022.32,2629.0297
000673.SZ,20051024,3.45,3.46,3.35,3.41,3.48,-0.07,-2.01,6020.49,2053.7856
000673.SZ,20051021,3.38,3.7,3.35,3.48,3.38,0.1,2.96,21528.9,7619.1329
000673.SZ,20051020,3.35,3.38,3.31,3.38,3.35,0.03,0.9,6222.68,2079.2032
000673.SZ,20051019,3.31,3.38,3.27,3.35,3.33,0.02,0.6,7279.51,2430.6501
000673.SZ,20051018,3.22,3.35,3.22,3.33,3.2,0.13,4.06,8117.27,2683.4852
000673.SZ,20051017,3.2,3.29,3.16,3.2,3.25,-0.05,-1.54,6871.62,2199.8584
000673.SZ,20051014,3.3,3.35,3.23,3.25,3.32,-0.07,-2.11,5526.5,1816.882
000673.SZ,20051013,3.41,3.41,3.31,3.32,3.41,-0.09,-2.64,7460.26,2499.1337
000673.SZ,20051012,3.35,3.46,3.3,3.41,3.39,0.02,0.59,10905.2,3682.1622
000673.SZ,20051011,3.31,3.4,3.23,3.39,3.37,0.02,0.59,12004.75,3993.2392
000673.SZ,20051010,3.71,3.72,3.37,3.37,3.74,-0.37,-9.89,14506.58,5046.7492
000673.SZ,20050930,4.06,4.08,3.7,3.74,4.07,-0.33,-8.11,16609.53,6503.2062
000673.SZ,20050929,4.0,4.19,3.96,4.07,4.07,0.0,0.0,30567.32,12572.3843
000673.SZ,20050928,3.95,4.16,3.82,4.07,4.01,0.06,1.5,30617.88,12363.9944
000673.SZ,20050927,3.78,4.05,3.69,4.01,3.78,0.23,6.08,25376.36,9819.1247
000673.SZ,20050926,3.86,3.9,3.6,3.78,3.85,-0.07,-1.82,17396.57,6575.8019
000673.SZ,20050923,3.53,3.85,3.48,3.85,3.5,0.35,10.0,21987.5,7987.0544
000673.SZ,20050922,3.9,3.96,3.46,3.5,3.83,-0.33,-8.62,21886.59,8102.8752
000673.SZ,20050921,3.65,3.85,3.55,3.83,3.66,0.17,4.64,18541.43,6842.2379
000673.SZ,20050920,3.54,3.7,3.42,3.66,3.54,0.12,3.39,12448.23,4405.3736
000673.SZ,20050919,3.55,3.59,3.49,3.54,3.5,0.04,1.14,4739.41,1678.3909
000673.SZ,20050916,3.44,3.51,3.4,3.5,3.46,0.04,1.16,4680.96,1625.0851
000673.SZ,20050915,3.5,3.51,3.41,3.46,3.5,-0.04,-1.14,6239.3,2155.1007
000673.SZ,20050914,3.38,3.55,3.33,3.5,3.39,0.11,3.24,14849.17,5098.1999
000673.SZ,20050913,3.24,3.44,3.2,3.39,3.2,0.19,5.94,14451.61,4822.1233
000673.SZ,20050912,3.2,3.21,3.15,3.2,3.2,0.0,0.0,3687.89,1171.9068
000673.SZ,20050909,3.27,3.27,3.16,3.2,3.26,-0.06,-1.84,4656.61,1484.1697
000673.SZ,20050908,3.24,3.29,3.15,3.26,3.24,0.02,0.62,3656.78,1184.1409
000673.SZ,20050907,3.15,3.25,3.12,3.24,3.16,0.08,2.53,3972.1,1266.9547
000673.SZ,20050906,3.26,3.32,3.14,3.16,3.28,-0.12,-3.66,4787.56,1554.4337
000673.SZ,20050905,3.28,3.38,3.21,3.28,3.24,0.04,1.23,5790.55,1907.4894
000673.SZ,20050902,3.21,3.25,3.15,3.24,3.2,0.04,1.25,7162.29,2286.3548
000673.SZ,20050901,3.15,3.26,3.11,3.2,3.15,0.05,1.59,9199.14,2939.4947
000673.SZ,20050831,3.1,3.15,3.04,3.15,3.14,0.01,0.32,5199.08,1618.5428
000673.SZ,20050830,3.09,3.17,3.03,3.14,3.1,0.04,1.29,6805.3,2119.7567
000673.SZ,20050829,3.06,3.15,3.03,3.1,3.08,0.02,0.65,6106.21,1894.1474
000673.SZ,20050826,3.09,3.09,3.01,3.08,3.07,0.01,0.33,4296.71,1311.5165
000673.SZ,20050825,3.06,3.08,2.97,3.07,3.02,0.05,1.66,4376.15,1326.1986
000673.SZ,20050824,2.98,3.05,2.98,3.02,3.0,0.02,0.67,3643.05,1098.3871
000673.SZ,20050823,3.11,3.11,2.99,3.0,3.14,-0.14,-4.46,7469.08,2267.5541
000673.SZ,20050822,3.06,3.16,3.04,3.14,3.04,0.1,3.29,14487.21,4499.8097
000673.SZ,20050819,2.93,3.05,2.86,3.04,2.92,0.12,4.11,7941.35,2339.8209
000673.SZ,20050818,3.03,3.16,2.91,2.92,3.05,-0.13,-4.26,10527.6,3217.3668
000673.SZ,20050817,2.92,3.05,2.86,3.05,2.96,0.09,3.04,8769.5,2608.9059
000673.SZ,20050816,2.94,2.98,2.88,2.96,2.91,0.05,1.72,5466.99,1606.9216
000673.SZ,20050815,2.83,2.91,2.8,2.91,2.83,0.08,2.83,3143.5,899.1585
000673.SZ,20050812,2.96,2.99,2.83,2.83,2.97,-0.14,-4.71,6151.7,1795.4674
000673.SZ,20050811,2.96,3.01,2.93,2.97,2.99,-0.02,-0.67,4960.16,1475.1072
000673.SZ,20050810,2.91,3.07,2.88,2.99,2.94,0.05,1.7,8986.82,2665.1102
000673.SZ,20050809,2.87,2.94,2.82,2.94,2.88,0.06,2.08,6938.91,1989.8573
000673.SZ,20050808,2.86,2.89,2.82,2.88,2.86,0.02,0.7,5703.4,1629.5899
000673.SZ,20050805,2.83,2.87,2.82,2.86,2.82,0.04,1.42,4516.44,1282.3437
000673.SZ,20050804,2.89,2.9,2.79,2.82,2.9,-0.08,-2.76,4353.27,1237.4554
000673.SZ,20050803,2.88,2.95,2.8,2.9,2.88,0.02,0.69,7924.76,2287.819
000673.SZ,20050802,2.75,2.89,2.71,2.88,2.75,0.13,4.73,11500.82,3252.7695
000673.SZ,20050801,2.67,2.77,2.61,2.75,2.7,0.05,1.85,6572.62,1789.845
000673.SZ,20050729,2.77,2.77,2.62,2.7,2.75,-0.05,-1.82,4843.29,1300.5869
000673.SZ,20050728,2.68,2.75,2.58,2.75,2.65,0.1,3.77,5799.42,1546.3597
000673.SZ,20050727,2.55,2.65,2.5,2.65,2.58,0.07,2.71,2943.74,762.3932
000673.SZ,20050726,2.5,2.59,2.48,2.58,2.51,0.07,2.79,3383.3,860.9745
000673.SZ,20050725,2.45,2.54,2.45,2.51,2.52,-0.01,-0.4,1641.81,408.2481
000673.SZ,20050722,2.48,2.55,2.41,2.52,2.48,0.04,1.61,3936.9,981.8222
000673.SZ,20050721,2.45,2.5,2.43,2.48,2.48,0.0,0.0,1067.7,263.6531
000673.SZ,20050720,2.42,2.58,2.38,2.48,2.43,0.05,2.06,1228.9,300.6552
000673.SZ,20050719,2.4,2.43,2.36,2.43,2.43,0.0,0.0,1690.71,404.9867
000673.SZ,20050718,2.51,2.57,2.4,2.43,2.6,-0.17,-6.54,1909.41,474.6354
000673.SZ,20050715,2.64,2.66,2.55,2.6,2.62,-0.02,-0.76,1659.78,429.8775
000673.SZ,20050714,2.56,2.67,2.56,2.62,2.63,-0.01,-0.38,1333.21,348.3906
000673.SZ,20050713,2.76,2.76,2.63,2.63,2.76,-0.13,-4.71,2221.0,594.15
000673.SZ,20050712,2.65,2.76,2.63,2.76,2.69,0.07,2.6,1861.0,500.1911
000673.SZ,20050711,2.9,2.9,2.69,2.69,2.86,-0.17,-5.94,2178.47,606.3547
000673.SZ,20050708,2.85,2.96,2.83,2.86,2.84,0.02,0.7,5399.09,1544.9416
000673.SZ,20050707,2.87,2.87,2.75,2.84,2.78,0.06,2.16,1990.9,562.9497
000673.SZ,20050706,2.89,2.91,2.74,2.78,2.87,-0.09,-3.14,2823.0,793.951
000673.SZ,20050705,2.75,2.88,2.65,2.87,2.7,0.17,6.3,4262.61,1194.8659
000673.SZ,20050704,2.55,2.7,2.55,2.7,2.78,-0.08,-2.88,2596.5,677.5595
000673.SZ,20050701,3.02,3.02,2.73,2.78,3.03,-0.25,-8.25,3743.7,1071.4483
000673.SZ,20050630,3.16,3.16,3.03,3.03,3.19,-0.16,-5.02,3696.5,1140.2985
000673.SZ,20050629,3.15,3.21,3.11,3.19,3.16,0.03,0.95,3404.2,1074.033
000673.SZ,20050628,3.3,3.3,3.12,3.16,3.32,-0.16,-4.82,8142.55,2595.3152
000673.SZ,20050627,3.39,3.44,3.24,3.32,3.2,0.12,3.75,26768.95,8957.3957
000673.SZ,20050624,3.06,3.2,3.04,3.2,3.06,0.14,4.58,11977.12,3749.3183
000673.SZ,20050623,2.98,3.08,2.97,3.06,2.98,0.08,2.68,7687.57,2347.3294
000673.SZ,20050622,2.93,2.99,2.93,2.98,2.99,-0.01,-0.33,1177.1,348.7787
000673.SZ,20050621,3.04,3.04,2.9,2.99,3.06,-0.07,-2.29,3232.79,967.7841
000673.SZ,20050620,3.01,3.07,2.95,3.06,2.96,0.1,3.38,7453.73,2240.5946
000673.SZ,20050617,2.91,2.98,2.87,2.96,2.89,0.07,2.42,2267.7,662.4644
000673.SZ,20050616,2.94,2.97,2.84,2.89,2.94,-0.05,-1.7,2227.0,642.559
000673.SZ,20050615,3.08,3.08,2.9,2.94,3.08,-0.14,-4.55,3000.5,902.2705
000673.SZ,20050614,3.06,3.12,3.02,3.08,3.05,0.03,0.98,4930.93,1520.2429
000673.SZ,20050613,3.0,3.08,3.0,3.05,3.03,0.02,0.66,1951.2,593.5253
000673.SZ,20050610,3.07,3.13,3.01,3.03,3.15,-0.12,-3.81,4085.72,1248.1341
000673.SZ,20050609,3.0,3.18,3.0,3.15,3.09,0.06,1.94,6881.22,2129.0565
000673.SZ,20050608,2.89,3.1,2.84,3.09,2.87,0.22,7.67,6963.9,2093.181
000673.SZ,20050607,2.87,2.94,2.8,2.87,2.88,-0.01,-0.35,1861.5,537.182
000673.SZ,20050606,2.89,2.9,2.67,2.88,2.91,-0.03,-1.03,1772.5,502.224
000673.SZ,20050603,2.83,2.97,2.8,2.91,2.86,0.05,1.75,2848.0,821.576
000673.SZ,20050602,2.85,2.9,2.8,2.86,2.85,0.01,0.35,1237.5,353.42
000673.SZ,20050601,2.91,2.92,2.8,2.85,2.91,-0.06,-2.06,2146.8,606.05
000673.SZ,20050531,2.96,2.98,2.88,2.91,2.96,-0.05,-1.69,3243.6,949.5578
000673.SZ,20050530,2.95,3.03,2.82,2.96,3.03,-0.07,-2.31,6960.18,2017.2655
000673.SZ,20050527,2.88,3.12,2.78,3.03,2.84,0.19,6.69,13441.71,4135.0326
000673.SZ,20050525,2.79,2.86,2.72,2.84,2.79,0.05,1.79,2156.8,608.4786
000673.SZ,20050524,2.68,2.82,2.68,2.79,2.69,0.1,3.72,1251.8,345.8019
000673.SZ,20050523,2.88,2.88,2.66,2.69,2.89,-0.2,-6.92,1554.0,421.775
000673.SZ,20050520,2.88,2.94,2.82,2.89,2.88,0.01,0.35,1061.2,307.1194
000673.SZ,20050519,2.85,3.09,2.84,2.88,2.85,0.03,1.05,2069.7,604.9141
000673.SZ,20050518,2.81,2.89,2.8,2.85,2.87,-0.02,-0.7,1408.01,399.9383
000673.SZ,20050517,2.84,2.88,2.8,2.87,2.8,0.07,2.5,1265.7,360.1429
000673.SZ,20050516,2.75,2.82,2.74,2.8,2.78,0.02,0.72,783.4,218.7054
000673.SZ,20050513,2.7,2.79,2.64,2.78,2.69,0.09,3.35,1779.73,491.2105
000673.SZ,20050512,2.65,2.79,2.65,2.69,2.65,0.04,1.51,760.62,203.8682
000673.SZ,20050511,2.66,2.69,2.65,2.65,2.66,-0.01,-0.38,1125.0,300.035
000673.SZ,20050510,2.74,2.77,2.56,2.66,2.73,-0.07,-2.56,2990.0,792.2239
000673.SZ,20050509,3.0,3.0,2.71,2.73,3.01,-0.28,-9.3,1740.5,495.306
000673.SZ,20050429,3.09,3.09,2.99,3.01,3.1,-0.09,-2.9,1055.0,319.291
000673.SZ,20050428,2.9,3.14,2.9,3.1,2.99,0.11,3.68,1545.95,468.7676
000673.SZ,20050427,3.05,3.06,2.98,2.99,3.09,-0.1,-3.24,1206.0,363.818
000673.SZ,20050426,2.99,3.1,2.92,3.09,2.99,0.1,3.34,2128.63,642.7855
000673.SZ,20050425,3.0,3.01,2.93,2.99,3.03,-0.04,-1.32,1140.5,337.6579
000673.SZ,20050422,3.12,3.12,2.91,3.03,3.2,-0.17,-5.31,2672.3,800.8818
000673.SZ,20050421,3.49,3.58,3.2,3.2,3.53,-0.33,-9.35,1600.0,538.915
000673.SZ,20050420,3.55,3.58,3.47,3.53,3.55,-0.02,-0.56,608.0,213.96
000673.SZ,20050419,3.48,3.6,3.47,3.55,3.51,0.04,1.14,1004.69,352.9541
000673.SZ,20050418,3.6,3.6,3.48,3.51,3.66,-0.15,-4.1,1105.0,391.171
000673.SZ,20050415,3.79,3.8,3.65,3.66,3.82,-0.16,-4.19,1811.4,667.0484
000673.SZ,20050414,3.87,3.98,3.8,3.82,3.83,-0.01,-0.26,3386.77,1314.6931
000673.SZ,20050413,3.75,3.92,3.75,3.83,3.73,0.1,2.68,2183.1,834.2476
000673.SZ,20050412,3.78,3.8,3.7,3.73,3.8,-0.07,-1.84,1217.0,455.8386
000673.SZ,20050411,3.78,3.84,3.7,3.8,3.79,0.01,0.26,1823.58,689.8569
000673.SZ,20050408,3.68,3.8,3.65,3.79,3.68,0.11,2.99,1633.31,608.4586
000673.SZ,20050407,3.61,3.77,3.61,3.68,3.63,0.05,1.38,1843.0,683.358
000673.SZ,20050406,3.73,3.73,3.53,3.63,3.73,-0.1,-2.68,1732.39,627.6956
000673.SZ,20050405,3.8,3.8,3.72,3.73,3.8,-0.07,-1.84,733.0,275.181
000673.SZ,20050404,3.78,3.87,3.77,3.8,3.85,-0.05,-1.3,975.99,371.5152
000673.SZ,20050401,3.76,3.85,3.66,3.85,3.75,0.1,2.67,1720.53,649.7574
000673.SZ,20050331,3.74,3.8,3.68,3.75,3.75,0.0,0.0,680.8,252.5522
000673.SZ,20050330,3.76,3.82,3.68,3.75,3.77,-0.02,-0.53,578.0,215.712
000673.SZ,20050329,3.87,3.87,3.76,3.77,3.76,0.01,0.27,532.3,202.2658
000673.SZ,20050328,3.84,3.92,3.74,3.76,3.84,-0.08,-2.08,644.14,243.7963
000673.SZ,20050325,3.8,3.87,3.79,3.84,3.78,0.06,1.59,875.86,334.5763
000673.SZ,20050324,3.75,3.8,3.69,3.78,3.75,0.03,0.8,1148.47,428.681
000673.SZ,20050323,3.69,3.84,3.68,3.75,3.74,0.01,0.27,1229.39,460.1605
000673.SZ,20050322,3.89,3.89,3.68,3.74,3.92,-0.18,-4.59,1047.0,392.7692
000673.SZ,20050321,3.88,3.98,3.82,3.92,3.88,0.04,1.03,814.29,317.6171
000673.SZ,20050318,3.96,3.98,3.86,3.88,3.96,-0.08,-2.02,834.74,327.1561
000673.SZ,20050317,4.1,4.1,3.94,3.96,4.09,-0.13,-3.18,1363.0,546.793
000673.SZ,20050316,4.08,4.11,4.03,4.09,4.07,0.02,0.49,1204.0,490.968
000673.SZ,20050315,4.11,4.12,4.05,4.07,4.06,0.01,0.25,1211.0,492.761
000673.SZ,20050314,4.18,4.21,4.05,4.06,4.19,-0.13,-3.1,2389.13,980.9929
000673.SZ,20050311,4.14,4.22,4.12,4.19,4.16,0.03,0.72,1296.41,541.6028
000673.SZ,20050310,4.27,4.27,4.16,4.16,4.27,-0.11,-2.58,2867.0,1203.919
000673.SZ,20050309,4.3,4.36,4.24,4.27,4.28,-0.01,-0.23,2339.0,1003.062
000673.SZ,20050308,4.2,4.29,4.18,4.28,4.25,0.03,0.71,2015.39,858.5288
000673.SZ,20050307,4.2,4.26,4.15,4.25,4.24,0.01,0.24,2747.99,1157.3668
000673.SZ,20050304,4.35,4.4,4.22,4.24,4.4,-0.16,-3.64,6977.61,2982.441
000673.SZ,20050303,4.77,4.8,4.35,4.4,4.61,-0.21,-4.56,20350.33,9282.46
000673.SZ,20050302,4.61,4.61,4.61,4.61,4.19,0.42,10.02,6593.36,3039.539
000673.SZ,20050301,4.24,4.24,4.13,4.19,4.13,0.06,1.45,849.99,353.7299
000673.SZ,20050228,4.16,4.2,4.1,4.13,4.18,-0.05,-1.2,900.15,373.8469
000673.SZ,20050225,4.19,4.26,4.17,4.18,4.16,0.02,0.48,2318.0,976.4726
000673.SZ,20050224,4.18,4.19,4.13,4.16,4.19,-0.03,-0.72,1642.39,682.8005
000673.SZ,20050223,4.18,4.22,4.12,4.19,4.2,-0.01,-0.24,1551.39,650.2728
000673.SZ,20050222,4.1,4.2,4.07,4.2,4.08,0.12,2.94,1795.58,743.7583
000673.SZ,20050221,4.01,4.09,3.99,4.08,4.04,0.04,0.99,1025.0,412.313
000673.SZ,20050218,4.08,4.21,4.03,4.04,4.12,-0.08,-1.94,1081.0,439.612
000673.SZ,20050217,3.96,4.14,3.96,4.12,3.99,0.13,3.26,2177.09,886.7044
000673.SZ,20050216,3.92,4.0,3.86,3.99,3.9,0.09,2.31,1116.8,443.1846
000673.SZ,20050204,3.85,3.94,3.75,3.9,3.85,0.05,1.3,1366.0,523.033
000673.SZ,20050203,3.94,3.96,3.85,3.85,3.93,-0.08,-2.04,1573.5,613.7265
000673.SZ,20050202,3.69,3.96,3.69,3.93,3.69,0.24,6.5,1676.01,641.9117
000673.SZ,20050201,3.92,3.92,3.69,3.69,3.85,-0.16,-4.16,1518.0,574.86
000673.SZ,20050131,4.1,4.1,3.82,3.85,4.13,-0.28,-6.78,1385.0,546.912
000673.SZ,20050128,4.2,4.25,4.13,4.13,4.23,-0.1,-2.36,690.0,287.933
000673.SZ,20050127,4.23,4.25,4.22,4.23,4.28,-0.05,-1.17,839.8,355.6224
000673.SZ,20050126,4.25,4.34,4.23,4.28,4.31,-0.03,-0.7,463.0,199.012
000673.SZ,20050125,4.39,4.39,4.25,4.31,4.4,-0.09,-2.05,363.0,155.783
000673.SZ,20050124,4.42,4.49,4.32,4.4,4.29,0.11,2.56,1247.75,546.4643
000673.SZ,20050121,4.2,4.33,4.15,4.29,4.2,0.09,2.14,1095.21,465.8321
000673.SZ,20050120,4.22,4.25,4.15,4.2,4.29,-0.09,-2.1,615.5,258.9575
000673.SZ,20050119,4.2,4.3,4.18,4.29,4.2,0.09,2.14,477.6,202.6694
000673.SZ,20050118,4.19,4.24,4.15,4.2,4.19,0.01,0.24,582.0,243.356
000673.SZ,20050117,4.12,4.22,4.12,4.19,4.25,-0.06,-1.41,628.0,262.205
000673.SZ,20050114,4.3,4.31,4.25,4.25,4.29,-0.04,-0.93,572.0,245.433
000673.SZ,20050113,4.23,4.34,4.23,4.29,4.32,-0.03,-0.69,504.01,215.9912
000673.SZ,20050112,4.36,4.36,4.21,4.32,4.3,0.02,0.47,746.5,319.1995
000673.SZ,20050111,4.3,4.3,4.24,4.3,4.29,0.01,0.23,695.2,297.0993
000673.SZ,20050110,4.18,4.3,4.18,4.29,4.2,0.09,2.14,408.5,173.161
000673.SZ,20050107,4.2,4.27,4.1,4.2,4.2,0.0,0.0,411.51,173.2781
000673.SZ,20050106,4.19,4.27,4.19,4.2,4.26,-0.06,-1.41,194.51,82.0942
000673.SZ,20050105,4.17,4.33,4.17,4.26,4.17,0.09,2.16,439.0,186.7063
000673.SZ,20050104,4.18,4.19,4.1,4.17,4.18,-0.01,-0.24,485.5,201.8855
000673.SZ,20041231,4.25,4.33,4.18,4.18,4.25,-0.07,-1.65,912.0,385.3076
000673.SZ,20041230,4.31,4.37,4.2,4.25,4.32,-0.07,-1.62,503.5,214.7025
000673.SZ,20041229,4.36,4.36,4.3,4.32,4.3,0.02,0.47,498.6,216.471
000673.SZ,20041228,4.31,4.36,4.3,4.3,4.34,-0.04,-0.92,779.0,336.01
000673.SZ,20041227,4.42,4.42,4.3,4.34,4.34,0.0,0.0,596.0,257.599
000673.SZ,20041224,4.38,4.4,4.32,4.34,4.33,0.01,0.23,1012.0,438.791
000673.SZ,20041223,4.5,4.51,4.31,4.33,4.5,-0.17,-3.78,932.0,409.42
000673.SZ,20041222,4.39,4.5,4.36,4.5,4.39,0.11,2.51,1002.71,445.7134
000673.SZ,20041221,4.32,4.44,4.32,4.39,4.38,0.01,0.23,361.0,158.497
000673.SZ,20041220,4.35,4.4,4.32,4.38,4.4,-0.02,-0.45,692.54,302.1159
000673.SZ,20041217,4.4,4.48,4.34,4.4,4.44,-0.04,-0.9,473.0,208.644
000673.SZ,20041216,4.45,4.5,4.42,4.44,4.45,-0.01,-0.22,326.0,145.347
000673.SZ,20041215,4.54,4.55,4.35,4.45,4.54,-0.09,-1.98,1024.5,453.9985
000673.SZ,20041214,4.62,4.62,4.51,4.54,4.52,0.02,0.44,387.0,175.059
000673.SZ,20041213,4.62,4.67,4.5,4.52,4.6,-0.08,-1.74,1166.0,531.127
000673.SZ,20041210,4.8,4.8,4.6,4.6,4.79,-0.19,-3.97,1364.5,643.1533
000673.SZ,20041209,4.8,4.85,4.67,4.79,4.7,0.09,1.91,1915.99,915.5587
000673.SZ,20041208,4.75,4.8,4.66,4.7,4.75,-0.05,-1.05,1248.98,587.3426
000673.SZ,20041207,4.97,4.97,4.71,4.75,4.91,-0.16,-3.26,1807.0,862.87
000673.SZ,20041206,4.79,4.92,4.7,4.91,4.75,0.16,3.37,2325.46,1113.5709
000673.SZ,20041203,4.8,4.85,4.7,4.75,4.73,0.02,0.42,1633.49,776.0553
000673.SZ,20041202,4.58,4.73,4.58,4.73,4.55,0.18,3.96,1881.82,875.515
000673.SZ,20041201,4.62,4.62,4.53,4.55,4.56,-0.01,-0.22,804.53,367.8272
000673.SZ,20041130,4.6,4.63,4.5,4.56,4.6,-0.04,-0.87,2321.54,1058.3691
000673.SZ,20041129,4.77,4.77,4.56,4.6,4.78,-0.18,-3.77,1127.3,525.181
000673.SZ,20041126,4.73,4.83,4.67,4.78,4.73,0.05,1.06,1860.0,885.119
000673.SZ,20041125,4.75,4.84,4.6,4.73,4.85,-0.12,-2.47,3263.32,1550.0845
000673.SZ,20041124,4.8,5.28,4.68,4.85,4.8,0.05,1.04,8286.53,4059.2206
000673.SZ,20041123,4.75,4.83,4.67,4.8,4.75,0.05,1.05,3388.2,1612.1646
000673.SZ,20041122,4.49,4.76,4.49,4.75,4.63,0.12,2.59,4473.0,2101.316
000673.SZ,20041119,4.56,4.63,4.54,4.63,4.56,0.07,1.54,1960.0,899.234
000673.SZ,20041118,4.47,4.57,4.46,4.56,4.47,0.09,2.01,1165.11,527.6738
000673.SZ,20041117,4.56,4.56,4.45,4.47,4.55,-0.08,-1.76,984.0,440.006
000673.SZ,20041116,4.58,4.69,4.5,4.55,4.57,-0.02,-0.44,1493.0,678.351
000673.SZ,20041115,4.6,4.6,4.51,4.57,4.52,0.05,1.11,1152.0,522.014
000673.SZ,20041112,4.52,4.67,4.48,4.52,4.52,0.0,0.0,1921.0,870.671
000673.SZ,20041111,4.52,4.75,4.5,4.52,4.5,0.02,0.44,4295.7,1983.113
000673.SZ,20041110,4.34,4.54,4.34,4.5,4.34,0.16,3.69,1698.0,756.1285
000673.SZ,20041109,4.31,4.39,4.3,4.34,4.35,-0.01,-0.23,490.0,212.138
000673.SZ,20041108,4.28,4.35,4.27,4.35,4.3,0.05,1.16,1027.1,442.336
000673.SZ,20041105,4.18,4.35,4.18,4.3,4.28,0.02,0.47,981.0,420.249
000673.SZ,20041104,4.43,4.46,4.28,4.28,4.42,-0.14,-3.17,1090.0,475.371
000673.SZ,20041103,4.38,4.46,4.3,4.42,4.3,0.12,2.79,1254.0,552.525
000673.SZ,20041102,4.35,4.38,4.3,4.3,4.35,-0.05,-1.15,1270.0,549.247
000673.SZ,20041101,4.38,4.48,4.31,4.35,4.44,-0.09,-2.03,1177.0,518.259
000673.SZ,20041029,4.5,4.53,4.35,4.44,4.63,-0.19,-4.1,1572.0,702.7717
000673.SZ,20041028,4.62,4.71,4.57,4.63,4.63,0.0,0.0,1998.0,925.961
000673.SZ,20041027,4.64,4.65,4.45,4.63,4.64,-0.01,-0.22,2331.08,1053.4867
000673.SZ,20041026,4.94,4.94,4.51,4.64,4.5,0.14,3.11,3032.28,1436.8298
000673.SZ,20041025,4.5,4.55,4.4,4.5,4.38,0.12,2.74,2238.07,994.7211
000673.SZ,20041022,4.32,4.4,4.14,4.38,4.39,-0.01,-0.23,1359.8,585.021
000673.SZ,20041021,4.53,4.63,4.35,4.39,4.49,-0.1,-2.23,1451.0,649.222
000673.SZ,20041020,4.66,4.66,4.43,4.49,4.59,-0.1,-2.18,1391.78,629.8204
000673.SZ,20041019,4.5,4.62,4.5,4.59,4.54,0.05,1.1,1241.0,568.8724
000673.SZ,20041018,4.48,4.69,4.48,4.54,4.46,0.08,1.79,1260.78,572.179
000673.SZ,20041015,4.46,4.55,4.4,4.46,4.53,-0.07,-1.55,2215.47,986.8922
000673.SZ,20041014,4.97,4.97,4.53,4.53,4.97,-0.44,-8.85,1135.0,541.4695
000673.SZ,20041013,4.96,4.99,4.9,4.97,4.92,0.05,1.02,1170.29,578.5862
000673.SZ,20041012,5.02,5.07,4.9,4.92,5.09,-0.17,-3.34,2023.99,1006.6521
000673.SZ,20041011,5.09,5.24,5.02,5.09,5.09,0.0,0.0,3739.99,1924.2104
000673.SZ,20041008,4.9,5.1,4.9,5.09,4.97,0.12,2.41,1783.5,896.326
000673.SZ,20040930,4.99,5.03,4.96,4.97,5.0,-0.03,-0.6,1670.5,832.588
000673.SZ,20040929,5.09,5.09,4.98,5.0,5.08,-0.08,-1.57,3118.0,1568.8165
000673.SZ,20040928,5.12,5.2,5.05,5.08,4.99,0.09,1.8,4114.77,2105.0864
000673.SZ,20040927,5.19,5.25,4.98,4.99,5.19,-0.2,-3.85,6473.0,3277.614
000673.SZ,20040924,5.49,5.49,5.08,5.19,5.47,-0.28,-5.12,11113.31,5881.6983
000673.SZ,20040923,5.35,5.55,5.35,5.47,5.35,0.12,2.24,5698.01,3091.7265
000673.SZ,20040922,5.6,5.6,5.32,5.35,5.67,-0.32,-5.64,11913.17,6482.6823
000673.SZ,20040921,5.95,5.95,5.55,5.67,5.42,0.25,4.61,35696.91,20586.5438
000673.SZ,20040920,5.42,5.42,5.42,5.42,4.93,0.49,9.94,5191.54,2813.8147
000673.SZ,20040916,4.73,5.03,4.6,4.93,4.71,0.22,4.67,10259.23,4958.6667
000673.SZ,20040915,4.48,4.87,4.43,4.71,4.43,0.28,6.32,8880.61,4174.9004
000673.SZ,20040914,4.26,4.45,4.26,4.43,4.27,0.16,3.75,1806.77,792.3479
000673.SZ,20040913,4.23,4.3,4.2,4.27,4.26,0.01,0.23,810.7,344.7173
000673.SZ,20040910,4.24,4.3,4.2,4.26,4.26,0.0,0.0,685.3,290.3048
000673.SZ,20040909,4.34,4.36,4.25,4.26,4.38,-0.12,-2.74,824.0,355.422
000673.SZ,20040908,4.36,4.43,4.35,4.38,4.43,-0.05,-1.13,771.0,337.807
000673.SZ,20040907,4.48,4.49,4.38,4.43,4.43,0.0,0.0,603.0,266.5775
000673.SZ,20040906,4.49,4.49,4.36,4.43,4.49,-0.06,-1.34,1427.0,630.238
000673.SZ,20040903,4.4,4.5,4.34,4.49,4.4,0.09,2.05,2497.1,1113.2194
000673.SZ,20040902,4.28,4.44,4.23,4.4,4.28,0.12,2.8,1206.0,520.438
000673.SZ,20040901,4.29,4.35,4.27,4.28,4.36,-0.08,-1.83,973.0,418.052
000673.SZ,20040831,4.3,4.58,4.28,4.36,4.23,0.13,3.07,2305.4,1007.5021
000673.SZ,20040830,4.2,4.25,4.17,4.23,4.26,-0.03,-0.7,589.0,248.986
000673.SZ,20040827,4.25,4.3,4.2,4.26,4.26,0.0,0.0,473.0,200.4
000673.SZ,20040826,4.35,4.35,4.25,4.26,4.31,-0.05,-1.16,693.0,296.2685
000673.SZ,20040825,4.32,4.38,4.23,4.31,4.37,-0.06,-1.37,1622.05,700.6104
000673.SZ,20040824,4.17,4.4,4.1,4.37,4.18,0.19,4.55,2408.34,1041.9914
000673.SZ,20040823,4.12,4.2,4.06,4.18,4.2,-0.02,-0.48,782.1,324.0453
000673.SZ,20040820,4.04,4.32,3.98,4.2,4.1,0.1,2.44,2119.76,874.4497
000673.SZ,20040819,4.25,4.25,4.06,4.1,4.27,-0.17,-3.98,1916.1,791.9909
000673.SZ,20040818,4.26,4.29,4.21,4.27,4.22,0.05,1.18,663.39,282.4131
000673.SZ,20040817,4.27,4.29,4.2,4.22,4.27,-0.05,-1.17,840.8,355.935
000673.SZ,20040816,4.36,4.36,4.2,4.27,4.36,-0.09,-2.06,741.0,316.823
000673.SZ,20040813,4.44,4.44,4.3,4.36,4.34,0.02,0.46,672.0,292.249
000673.SZ,20040812,4.4,4.41,4.3,4.34,4.41,-0.07,-1.59,918.0,400.22
000673.SZ,20040811,4.49,4.49,4.41,4.41,4.5,-0.09,-2.0,365.1,162.1371
000673.SZ,20040810,4.52,4.52,4.46,4.5,4.49,0.01,0.22,211.4,94.9934
000673.SZ,20040809,4.4,4.5,4.4,4.49,4.46,0.03,0.67,454.5,203.245
000673.SZ,20040806,4.47,4.56,4.45,4.46,4.51,-0.05,-1.11,634.5,284.0355
000673.SZ,20040805,4.55,4.62,4.5,4.51,4.58,-0.07,-1.53,385.4,175.5654
000673.SZ,20040804,4.45,4.65,4.42,4.58,4.46,0.12,2.69,989.35,453.3628
000673.SZ,20040803,4.45,4.47,4.4,4.46,4.45,0.01,0.22,734.0,324.825
000673.SZ,20040802,4.48,4.48,4.4,4.45,4.51,-0.06,-1.33,542.98,241.2717
000673.SZ,20040730,4.55,4.62,4.51,4.51,4.63,-0.12,-2.59,858.5,391.77
000673.SZ,20040729,4.64,4.73,4.58,4.63,4.65,-0.02,-0.43,2360.6,1090.3098
000673.SZ,20040728,4.45,4.68,4.42,4.65,4.49,0.16,3.56,1162.5,528.18
000673.SZ,20040727,4.44,4.49,4.35,4.49,4.42,0.07,1.58,1795.6,791.5709
000673.SZ,20040726,4.55,4.58,4.35,4.42,4.56,-0.14,-3.07,791.5,352.868
000673.SZ,20040723,4.6,4.6,4.52,4.56,4.6,-0.04,-0.87,729.0,332.216
000673.SZ,20040722,4.78,4.78,4.55,4.6,4.75,-0.15,-3.16,1249.0,577.954
000673.SZ,20040721,4.75,4.78,4.7,4.75,4.72,0.03,0.64,722.9,342.138
000673.SZ,20040720,4.81,4.81,4.67,4.72,4.78,-0.06,-1.26,1221.33,574.4119
000673.SZ,20040719,4.8,4.84,4.76,4.78,4.8,-0.02,-0.42,778.0,371.659
000673.SZ,20040716,4.66,4.83,4.6,4.8,4.66,0.14,3.0,1825.97,867.7267
000673.SZ,20040715,4.63,4.74,4.55,4.66,4.65,0.01,0.22,1116.09,519.0699
000673.SZ,20040714,4.85,4.85,4.51,4.65,4.78,-0.13,-2.72,1176.96,548.1007
000673.SZ,20040713,4.82,4.86,4.76,4.78,4.8,-0.02,-0.42,886.0,425.342
000673.SZ,20040712,5.0,5.0,4.8,4.8,5.0,-0.2,-4.0,1088.0,526.431
000673.SZ,20040709,5.0,5.07,5.0,5.0,5.07,-0.07,-1.38,987.0,494.822
000673.SZ,20040708,5.1,5.12,5.03,5.07,5.1,-0.03,-0.59,633.0,320.568
000673.SZ,20040707,5.14,5.15,5.05,5.1,5.14,-0.04,-0.78,890.8,454.325
000673.SZ,20040706,5.08,5.15,5.04,5.14,5.06,0.08,1.58,1442.5,736.8598
000673.SZ,20040705,5.08,5.08,5.0,5.06,5.1,-0.04,-0.78,789.38,396.9727
000673.SZ,20040702,5.11,5.15,5.06,5.1,5.12,-0.02,-0.39,1043.26,531.811
000673.SZ,20040701,5.0,5.15,4.99,5.12,4.98,0.14,2.81,1536.61,779.5231
000673.SZ,20040630,5.03,5.14,4.98,4.98,5.1,-0.12,-2.35,826.4,415.904
000673.SZ,20040629,5.22,5.22,5.0,5.1,5.12,-0.02,-0.39,1079.22,543.5671
000673.SZ,20040628,5.11,5.19,5.05,5.12,5.17,-0.05,-0.97,717.9,366.367
000673.SZ,20040625,5.29,5.32,5.16,5.17,5.35,-0.18,-3.36,1217.0,634.43
000673.SZ,20040624,5.25,5.35,5.25,5.35,5.28,0.07,1.33,696.0,369.522
000673.SZ,20040623,5.35,5.35,5.23,5.28,5.36,-0.08,-1.49,401.6,211.6552
000673.SZ,20040622,5.27,5.37,5.22,5.36,5.27,0.09,1.71,1143.4,609.389
000673.SZ,20040621,5.15,5.29,5.15,5.27,5.26,0.01,0.19,673.0,353.648
000673.SZ,20040618,5.24,5.29,5.2,5.26,5.27,-0.01,-0.19,1197.5,625.2625
000673.SZ,20040617,5.37,5.45,5.25,5.27,5.45,-0.18,-3.3,1431.5,759.693
000673.SZ,20040616,5.35,5.54,5.32,5.45,5.47,-0.02,-0.37,1218.73,663.5543
000673.SZ,20040615,5.28,5.55,5.24,5.47,5.5,-0.03,-0.55,2104.0,1124.886
000673.SZ,20040611,5.58,5.6,5.49,5.5,5.47,0.03,0.55,821.0,453.973
000673.SZ,20040610,5.55,5.6,5.4,5.47,5.62,-0.15,-2.67,1115.67,612.406
000673.SZ,20040609,5.75,5.9,5.6,5.62,5.72,-0.1,-1.75,1378.08,790.2913
000673.SZ,20040608,5.71,5.73,5.6,5.72,5.72,0.0,0.0,1256.44,712.4168
000673.SZ,20040607,5.86,5.86,5.7,5.72,5.85,-0.13,-2.22,695.73,399.9776
000673.SZ,20040604,5.8,5.9,5.8,5.85,5.8,0.05,0.86,1211.0,706.547
000673.SZ,20040603,5.93,5.93,5.78,5.8,5.95,-0.15,-2.52,1700.0,990.962
000673.SZ,20040602,6.04,6.04,5.82,5.95,5.99,-0.04,-0.67,1399.39,826.7283
000673.SZ,20040601,5.9,6.0,5.9,5.99,5.88,0.11,1.87,1087.0,647.36
000673.SZ,20040531,5.94,5.94,5.85,5.88,5.94,-0.06,-1.01,593.0,348.113
000673.SZ,20040528,6.05,6.05,5.88,5.94,5.97,-0.03,-0.5,1230.0,733.086
000673.SZ,20040527,5.73,5.97,5.71,5.97,5.78,0.19,3.29,1204.5,708.2446
000673.SZ,20040526,5.78,5.88,5.68,5.78,5.81,-0.03,-0.52,1042.0,599.053
000673.SZ,20040525,6.0,6.07,5.74,5.81,6.03,-0.22,-3.65,1160.0,682.999
000673.SZ,20040524,6.05,6.13,6.03,6.03,6.15,-0.12,-1.95,868.0,526.983
000673.SZ,20040521,6.21,6.3,6.1,6.15,6.12,0.03,0.49,1499.5,927.256
000673.SZ,20040520,6.09,6.13,5.97,6.12,6.04,0.08,1.32,1701.27,1030.296
000673.SZ,20040519,5.87,6.14,5.87,6.04,6.06,-0.02,-0.33,2138.0,1288.523
000673.SZ,20040518,5.9,6.1,5.9,6.06,5.93,0.13,2.19,869.0,518.752
000673.SZ,20040517,5.94,5.99,5.87,5.93,5.92,0.01,0.17,899.3,533.339
000673.SZ,20040514,5.93,6.05,5.9,5.92,6.01,-0.09,-1.5,960.0,571.71
000673.SZ,20040513,6.11,6.11,6.0,6.01,6.12,-0.11,-1.8,1089.3,657.028
000673.SZ,20040512,5.88,6.13,5.88,6.12,5.97,0.15,2.51,1200.18,727.5513
000673.SZ,20040511,5.89,6.03,5.82,5.97,5.9,0.07,1.19,854.9,505.8678
000673.SZ,20040510,6.04,6.1,5.88,5.9,6.05,-0.15,-2.48,988.0,592.4356
000673.SZ,20040430,6.01,6.12,6.01,6.05,6.04,0.01,0.17,1251.82,758.3456
000673.SZ,20040429,6.15,6.15,6.03,6.04,6.15,-0.11,-1.79,1646.06,1000.734
000673.SZ,20040428,6.15,6.3,6.05,6.15,6.15,0.0,0.0,1736.0,1064.065
000673.SZ,20040427,6.25,6.32,6.15,6.15,6.32,-0.17,-2.69,2205.5,1374.0715
000673.SZ,20040426,6.3,6.45,6.3,6.32,6.3,0.02,0.32,855.02,541.2226
000673.SZ,20040423,6.52,6.52,6.29,6.3,6.38,-0.08,-1.25,1786.0,1138.1295
000673.SZ,20040422,6.25,6.39,6.25,6.38,6.36,0.02,0.31,2671.44,1686.8434
000673.SZ,20040421,6.38,6.49,6.15,6.36,6.49,-0.13,-2.0,2564.0,1626.928
000673.SZ,20040420,6.41,6.56,6.4,6.49,6.48,0.01,0.15,1652.79,1072.7149
000673.SZ,20040419,6.7,6.7,6.4,6.48,6.72,-0.24,-3.57,2786.0,1818.775
000673.SZ,20040416,6.66,6.75,6.48,6.72,6.67,0.05,0.75,4972.48,3300.6464
000673.SZ,20040415,7.14,7.14,6.6,6.67,7.0,-0.33,-4.71,4091.4,2821.5241
000673.SZ,20040414,7.2,7.27,6.91,7.0,7.26,-0.26,-3.58,7579.22,5338.9064
000673.SZ,20040413,7.18,7.34,7.11,7.26,7.2,0.06,0.83,11649.1,8423.2182
000673.SZ,20040412,7.3,7.33,7.0,7.2,7.32,-0.12,-1.64,35104.64,25235.7994
000673.SZ,20040408,7.43,7.43,7.15,7.32,7.33,-0.01,-0.14,9019.1,6558.9766
000673.SZ,20040407,7.48,7.48,7.24,7.33,7.3,0.03,0.41,8740.17,6411.4626
000673.SZ,20040406,7.3,7.35,7.21,7.3,7.33,-0.03,-0.41,6959.7,5064.377
000673.SZ,20040405,7.18,7.35,7.07,7.33,7.12,0.21,2.95,9879.73,7094.8279
000673.SZ,20040402,7.21,7.21,7.1,7.12,7.16,-0.04,-0.56,4250.2,3033.287
000673.SZ,20040401,7.13,7.2,7.09,7.16,7.08,0.08,1.13,5499.15,3938.8282
000673.SZ,20040331,7.09,7.15,7.03,7.08,7.09,-0.01,-0.14,5054.0,3584.873
000673.SZ,20040330,7.02,7.1,6.95,7.09,7.04,0.05,0.71,5903.41,4161.8545
000673.SZ,20040329,6.96,7.05,6.88,7.04,6.92,0.12,1.73,6031.92,4224.0305
000673.SZ,20040326,7.0,7.0,6.82,6.92,6.93,-0.01,-0.14,3245.1,2238.6629
000673.SZ,20040325,6.98,7.1,6.87,6.93,6.98,-0.05,-0.72,4807.4,3344.2816
000673.SZ,20040324,6.94,7.15,6.92,6.98,6.92,0.06,0.87,11694.71,8222.7883
000673.SZ,20040323,6.82,6.96,6.7,6.92,6.79,0.13,1.91,10294.04,7086.7004
000673.SZ,20040322,6.76,6.81,6.66,6.79,6.76,0.03,0.44,4249.2,2857.1118
000673.SZ,20040319,6.58,6.85,6.5,6.76,6.61,0.15,2.27,6012.49,3989.8721
000673.SZ,20040318,6.78,6.83,6.6,6.61,6.76,-0.15,-2.22,3906.76,2610.2833
000673.SZ,20040317,6.81,6.81,6.68,6.76,6.81,-0.05,-0.73,4921.96,3310.0803
000673.SZ,20040316,6.8,6.86,6.72,6.81,6.79,0.02,0.29,4384.95,2978.1173
000673.SZ,20040315,6.7,6.82,6.65,6.79,6.75,0.04,0.59,5830.43,3944.9094
000673.SZ,20040312,6.88,6.88,6.69,6.75,6.86,-0.11,-1.6,4643.07,3126.79
000673.SZ,20040311,6.46,6.99,6.45,6.86,6.42,0.44,6.85,15321.87,10426.9325
000673.SZ,20040310,6.3,6.46,6.28,6.42,6.28,0.14,2.23,3538.45,2261.9842
000673.SZ,20040309,6.45,6.47,6.28,6.28,6.47,-0.19,-2.94,3821.84,2451.1132
000673.SZ,20040308,6.65,6.65,6.45,6.47,6.64,-0.17,-2.56,3934.08,2565.6506
000673.SZ,20040305,6.82,6.83,6.6,6.64,6.85,-0.21,-3.07,5909.91,3955.7836
000673.SZ,20040304,6.72,6.92,6.5,6.85,6.77,0.08,1.18,13020.03,8685.5163
000673.SZ,20040303,7.0,7.0,6.7,6.77,7.03,-0.26,-3.7,10665.6,7220.945
000673.SZ,20040302,7.11,7.35,7.01,7.03,7.07,-0.04,-0.57,10784.0,7704.2715
000673.SZ,20040301,6.92,7.15,6.72,7.07,6.92,0.15,2.17,11179.12,7819.1755
000673.SZ,20040227,6.78,6.94,6.71,6.92,6.79,0.13,1.91,7365.41,5030.3291
000673.SZ,20040226,7.0,7.18,6.7,6.79,7.24,-0.45,-6.22,21405.99,14643.2192
000673.SZ,20040225,7.98,8.35,7.2,7.24,7.61,-0.37,-4.86,51713.04,40370.1447
000673.SZ,20040224,7.62,7.83,7.46,7.61,7.63,-0.02,-0.26,20552.89,15734.6705
000673.SZ,20040223,7.63,7.74,7.42,7.63,7.64,-0.01,-0.13,9912.58,7471.35
000673.SZ,20040220,7.26,7.87,7.17,7.64,7.27,0.37,5.09,15223.45,11280.1983
000673.SZ,20040219,6.98,7.27,6.98,7.27,6.98,0.29,4.15,8610.02,6134.357
000673.SZ,20040218,7.0,7.08,6.89,6.98,6.98,0.0,0.0,3611.2,2511.8064
000673.SZ,20040217,7.04,7.05,6.89,6.98,6.98,0.0,0.0,5049.0,3500.724
000673.SZ,20040216,6.68,7.04,6.59,6.98,6.61,0.37,5.6,11555.93,7890.5662
000673.SZ,20040213,6.62,6.68,6.56,6.61,6.63,-0.02,-0.3,8621.31,5694.1698
000673.SZ,20040212,6.44,6.64,6.37,6.63,6.39,0.24,3.76,10214.59,6667.9245
000673.SZ,20040211,6.42,6.46,6.28,6.39,6.43,-0.04,-0.62,4761.27,3021.7931
000673.SZ,20040210,6.38,6.49,6.36,6.43,6.36,0.07,1.1,5853.23,3761.3822
000673.SZ,20040209,6.25,6.39,6.25,6.36,6.3,0.06,0.95,4974.73,3151.7549
000673.SZ,20040206,6.4,6.66,6.3,6.3,6.48,-0.18,-2.78,8603.3,5585.1096
000673.SZ,20040205,6.36,6.5,6.31,6.48,6.37,0.11,1.73,7960.5,5071.0814
000673.SZ,20040204,6.43,6.43,6.25,6.37,6.37,0.0,0.0,8975.16,5674.1179
000673.SZ,20040203,6.36,6.37,6.2,6.37,6.26,0.11,1.76,7028.19,4420.6641
000673.SZ,20040202,6.08,6.4,6.08,6.26,6.03,0.23,3.81,8062.05,5017.868
000673.SZ,20040130,6.03,6.08,5.96,6.03,6.09,-0.06,-0.99,3511.73,2111.7151
000673.SZ,20040129,5.86,6.17,5.86,6.09,5.86,0.23,3.92,3638.13,2197.4559
000673.SZ,20040116,5.82,5.96,5.78,5.86,5.8,0.06,1.03,2782.17,1637.6176
000673.SZ,20040115,5.72,5.95,5.67,5.8,5.76,0.04,0.69,2245.1,1307.5853
000673.SZ,20040114,5.85,5.85,5.75,5.76,5.85,-0.09,-1.54,2250.0,1302.112
000673.SZ,20040113,5.9,6.05,5.8,5.85,5.9,-0.05,-0.85,3175.73,1857.4731
000673.SZ,20040112,5.93,5.93,5.78,5.9,5.89,0.01,0.17,3732.72,2181.6456
000673.SZ,20040109,6.0,6.27,5.88,5.89,5.99,-0.1,-1.67,9896.29,6031.3709
000673.SZ,20040108,6.0,6.02,5.92,5.99,5.96,0.03,0.5,3717.35,2214.7129
000673.SZ,20040107,5.9,6.15,5.8,5.96,5.91,0.05,0.85,6344.01,3807.3414
000673.SZ,20040106,5.95,6.01,5.81,5.91,5.96,-0.05,-0.84,4148.1,2444.8977
000673.SZ,20040105,5.82,6.0,5.66,5.96,5.81,0.15,2.58,5035.9,2919.0662
000673.SZ,20040102,5.77,5.89,5.71,5.81,5.82,-0.01,-0.17,1571.28,914.5884
000673.SZ,20031231,5.84,5.86,5.77,5.82,5.85,-0.03,-0.51,2071.87,1206.6121
000673.SZ,20031230,5.83,5.92,5.81,5.85,5.92,-0.07,-1.18,2526.04,1479.5481
000673.SZ,20031229,5.99,6.0,5.81,5.92,5.98,-0.06,-1.0,3865.69,2270.7447
000673.SZ,20031226,5.85,6.07,5.85,5.98,6.0,-0.02,-0.33,4382.52,2624.1449
000673.SZ,20031225,6.07,6.16,5.85,6.0,6.08,-0.08,-1.32,8435.46,5046.6143
000673.SZ,20031224,5.84,6.34,5.75,6.08,5.84,0.24,4.11,19423.48,11643.4954
000673.SZ,20031223,5.35,5.84,5.3,5.84,5.31,0.53,9.98,10778.92,6100.9014
000673.SZ,20031222,5.18,5.38,5.16,5.31,5.2,0.11,2.12,2184.01,1147.6432
000673.SZ,20031219,5.45,5.45,5.15,5.2,5.45,-0.25,-4.59,3336.16,1744.8053
000673.SZ,20031218,5.5,5.58,5.41,5.45,5.51,-0.06,-1.09,1607.45,876.3074
000673.SZ,20031217,5.54,5.63,5.51,5.51,5.61,-0.1,-1.78,1711.5,950.411
000673.SZ,20031216,5.7,5.7,5.5,5.61,5.7,-0.09,-1.58,1618.0,901.59
000673.SZ,20031215,5.7,5.74,5.66,5.7,5.7,0.0,0.0,990.44,565.0194
000673.SZ,20031212,5.75,5.75,5.67,5.7,5.75,-0.05,-0.87,1504.0,858.437
000673.SZ,20031211,5.79,5.79,5.71,5.75,5.77,-0.02,-0.35,1283.7,738.4624
000673.SZ,20031210,5.7,5.8,5.65,5.77,5.7,0.07,1.23,2681.1,1530.2724
000673.SZ,20031209,5.73,5.75,5.6,5.7,5.75,-0.05,-0.87,1118.0,632.589
000673.SZ,20031208,5.76,5.97,5.73,5.75,5.75,0.0,0.0,2229.84,1293.0913
000673.SZ,20031205,5.8,5.8,5.7,5.75,5.79,-0.04,-0.69,1199.0,686.757
000673.SZ,20031204,5.72,5.85,5.72,5.79,5.75,0.04,0.7,2123.8,1228.5778
000673.SZ,20031203,5.76,5.76,5.65,5.75,5.71,0.04,0.7,2157.39,1234.1995
000673.SZ,20031202,5.75,5.78,5.69,5.71,5.71,0.0,0.0,1880.23,1078.0267
000673.SZ,20031201,5.6,5.72,5.6,5.71,5.58,0.13,2.33,2036.14,1157.9636
000673.SZ,20031128,5.5,5.62,5.46,5.58,5.51,0.07,1.27,1841.05,1021.9294
000673.SZ,20031127,5.71,5.74,5.51,5.51,5.71,-0.2,-3.5,1630.0,916.826
000673.SZ,20031126,5.7,5.79,5.66,5.71,5.7,0.01,0.18,1540.4,878.9872
000673.SZ,20031125,5.7,5.83,5.62,5.7,5.74,-0.04,-0.7,3294.25,1882.9003
000673.SZ,20031124,5.64,5.8,5.48,5.74,5.65,0.09,1.59,3070.5,1723.7673
000673.SZ,20031121,5.5,5.98,5.49,5.65,5.49,0.16,2.91,8114.46,4635.5258
000673.SZ,20031120,5.29,5.49,5.29,5.49,5.29,0.2,3.78,2623.23,1418.2713
000673.SZ,20031119,5.23,5.29,5.18,5.29,5.17,0.12,2.32,800.7,420.5447
000673.SZ,20031118,5.15,5.26,5.14,5.17,5.2,-0.03,-0.58,712.0,370.346
000673.SZ,20031117,5.23,5.25,5.13,5.2,5.24,-0.04,-0.76,438.0,227.939
000673.SZ,20031114,5.15,5.25,5.15,5.24,5.19,0.05,0.96,571.5,298.1355
000673.SZ,20031113,5.16,5.2,5.1,5.19,5.15,0.04,0.78,831.62,427.8155
000673.SZ,20031112,5.2,5.32,5.15,5.15,5.22,-0.07,-1.34,799.0,417.198
000673.SZ,20031111,5.23,5.3,5.16,5.22,5.22,0.0,0.0,692.3,360.3938
000673.SZ,20031110,5.1,5.27,5.1,5.22,5.3,-0.08,-1.51,968.0,502.915
000673.SZ,20031107,5.43,5.43,5.2,5.3,5.43,-0.13,-2.39,1693.0,894.7003
000673.SZ,20031106,5.45,5.52,5.36,5.43,5.59,-0.16,-2.86,1686.54,914.5532
000673.SZ,20031105,5.69,5.72,5.53,5.59,5.7,-0.11,-1.93,2105.44,1184.3819
000673.SZ,20031104,5.65,5.79,5.58,5.7,5.68,0.02,0.35,2785.91,1586.0076
000673.SZ,20031103,5.36,5.78,5.36,5.68,5.36,0.32,5.97,3155.06,1764.9272
000673.SZ,20031031,5.29,5.45,5.24,5.36,5.24,0.12,2.29,1329.5,712.2865
000673.SZ,20031030,5.55,5.55,5.2,5.24,5.56,-0.32,-5.76,2250.18,1206.4829
000673.SZ,20031029,5.85,5.85,5.5,5.56,5.84,-0.28,-4.79,1873.58,1060.4985
000673.SZ,20031028,5.8,5.9,5.8,5.84,5.8,0.04,0.69,614.63,358.0695
000673.SZ,20031027,6.05,6.05,5.78,5.8,6.03,-0.23,-3.81,1792.19,1054.1692
000673.SZ,20031024,6.01,6.15,5.97,6.03,6.06,-0.03,-0.5,2039.5,1234.357
000673.SZ,20031023,6.15,6.16,6.06,6.06,6.17,-0.11,-1.78,2424.58,1476.6278
000673.SZ,20031022,6.06,6.18,6.0,6.17,6.11,0.06,0.98,3119.17,1907.9907
000673.SZ,20031021,6.15,6.15,6.02,6.11,6.12,-0.01,-0.16,883.01,536.0376
000673.SZ,20031020,6.05,6.12,5.98,6.12,6.05,0.07,1.16,1879.45,1140.0521
000673.SZ,20031017,5.93,6.17,5.91,6.05,5.93,0.12,2.02,924.5,559.0065
000673.SZ,20031016,5.91,6.09,5.91,5.93,5.97,-0.04,-0.67,1055.0,633.576
000673.SZ,20031015,6.0,6.05,5.95,5.97,5.96,0.01,0.17,398.7,238.8485
000673.SZ,20031014,6.1,6.1,5.95,5.96,5.9,0.06,1.02,464.0,278.67
000673.SZ,20031013,6.0,6.05,5.9,5.9,6.01,-0.11,-1.83,687.0,412.266
000673.SZ,20031010,5.84,6.03,5.76,6.01,5.84,0.17,2.91,1475.71,879.5866
000673.SZ,20031009,5.84,5.9,5.8,5.84,5.84,0.0,0.0,573.3,335.1178
000673.SZ,20031008,5.87,5.88,5.74,5.84,5.94,-0.1,-1.68,427.0,248.618
000673.SZ,20030930,5.84,5.95,5.81,5.94,5.84,0.1,1.71,530.0,311.661
000673.SZ,20030929,5.81,5.95,5.81,5.84,5.95,-0.11,-1.85,356.6,208.3774
000673.SZ,20030926,5.92,5.96,5.92,5.95,6.01,-0.06,-1.0,547.0,324.823
000673.SZ,20030925,6.07,6.07,6.0,6.01,6.07,-0.06,-0.99,283.99,170.846
000673.SZ,20030924,5.95,6.13,5.95,6.07,5.98,0.09,1.51,612.0,369.411
000673.SZ,20030923,5.9,5.99,5.9,5.98,5.94,0.04,0.67,417.0,248.231
000673.SZ,20030922,6.0,6.0,5.92,5.94,6.01,-0.07,-1.16,530.01,314.8049
000673.SZ,20030919,6.05,6.05,5.99,6.01,6.04,-0.03,-0.5,536.0,322.6003
000673.SZ,20030918,6.0,6.05,6.0,6.04,6.03,0.01,0.17,691.09,416.5771
000673.SZ,20030917,6.19,6.2,6.0,6.03,6.16,-0.13,-2.11,567.0,344.238
000673.SZ,20030916,6.1,6.16,6.0,6.16,6.14,0.02,0.33,895.0,544.822
000673.SZ,20030915,6.31,6.34,6.11,6.14,6.31,-0.17,-2.69,777.0,482.878
000673.SZ,20030912,6.32,6.35,6.3,6.31,6.4,-0.09,-1.41,573.0,361.935
000673.SZ,20030911,6.35,6.4,6.32,6.4,6.35,0.05,0.79,440.4,279.8988
000673.SZ,20030910,6.3,6.44,6.3,6.35,6.37,-0.02,-0.31,183.5,116.5532
000673.SZ,20030909,6.4,6.4,6.35,6.37,6.4,-0.03,-0.47,497.0,316.42
000673.SZ,20030908,6.44,6.44,6.38,6.4,6.4,0.0,0.0,304.0,194.4879
000673.SZ,20030905,6.55,6.55,6.38,6.4,6.5,-0.1,-1.54,591.48,379.8851
000673.SZ,20030904,6.47,6.52,6.47,6.5,6.48,0.02,0.31,660.58,429.423
000673.SZ,20030903,6.45,6.55,6.43,6.48,6.45,0.03,0.47,744.0,481.207
000673.SZ,20030902,6.52,6.52,6.45,6.45,6.5,-0.05,-0.77,861.47,557.6372
000673.SZ,20030901,6.58,6.58,6.39,6.5,6.37,0.13,2.04,784.2,506.1436
000673.SZ,20030829,6.3,6.4,6.3,6.37,6.41,-0.04,-0.62,730.0,463.83
000673.SZ,20030828,6.41,6.45,6.37,6.41,6.41,0.0,0.0,423.0,270.675
000673.SZ,20030827,6.35,6.41,6.34,6.41,6.4,0.01,0.16,819.95,521.972
000673.SZ,20030826,6.45,6.5,6.35,6.4,6.5,-0.1,-1.54,1152.0,739.317
000673.SZ,20030825,6.61,6.61,6.46,6.5,6.63,-0.13,-1.96,749.0,488.71
000673.SZ,20030822,6.6,6.65,6.6,6.63,6.62,0.01,0.15,540.0,357.552
000673.SZ,20030821,6.66,6.66,6.6,6.62,6.63,-0.01,-0.15,344.0,227.641
000673.SZ,20030820,6.65,6.68,6.6,6.63,6.68,-0.05,-0.75,282.0,186.726
000673.SZ,20030819,6.63,6.69,6.62,6.68,6.61,0.07,1.06,367.0,244.083
000673.SZ,20030818,6.6,6.62,6.56,6.61,6.64,-0.03,-0.45,371.0,244.588
000673.SZ,20030815,6.66,6.7,6.59,6.64,6.66,-0.02,-0.3,752.6,498.106
000673.SZ,20030814,6.69,6.75,6.61,6.66,6.69,-0.03,-0.45,533.19,355.4494
000673.SZ,20030813,6.76,6.76,6.67,6.69,6.73,-0.04,-0.59,242.0,162.332
000673.SZ,20030812,6.66,6.75,6.66,6.73,6.66,0.07,1.05,396.0,265.927
000673.SZ,20030811,6.63,6.69,6.55,6.66,6.66,0.0,0.0,960.8,635.684
000673.SZ,20030808,6.8,6.88,6.6,6.66,6.85,-0.19,-2.77,1099.15,739.0322
000673.SZ,20030807,6.78,6.92,6.78,6.85,6.84,0.01,0.15,498.0,341.373
000673.SZ,20030806,6.9,6.9,6.77,6.84,6.78,0.06,0.89,787.15,535.9446
000673.SZ,20030805,6.8,6.81,6.72,6.78,6.8,-0.02,-0.29,892.0,603.438
000673.SZ,20030804,6.7,6.86,6.66,6.8,6.74,0.06,0.89,1088.99,733.3772
000673.SZ,20030801,6.77,6.79,6.7,6.74,6.76,-0.02,-0.3,838.0,563.589
000673.SZ,20030731,6.8,6.8,6.7,6.76,6.8,-0.04,-0.59,674.6,454.991
000673.SZ,20030730,6.78,6.9,6.75,6.8,6.8,0.0,0.0,758.15,515.1919
000673.SZ,20030729,6.83,6.86,6.78,6.8,6.93,-0.13,-1.88,1895.86,1289.7928
000673.SZ,20030725,7.1,7.1,6.91,6.93,7.1,-0.17,-2.39,2042.0,1425.164
000673.SZ,20030724,7.22,7.28,7.1,7.1,7.23,-0.13,-1.8,1993.24,1429.8684
000673.SZ,20030723,7.24,7.29,7.17,7.23,7.3,-0.07,-0.96,3561.6,2575.1117
000673.SZ,20030722,7.06,7.33,7.06,7.3,7.03,0.27,3.84,17764.97,12771.2158
000673.SZ,20030721,6.95,7.06,6.7,7.03,6.93,0.1,1.44,2787.16,1913.4202
000673.SZ,20030718,6.95,7.01,6.9,6.93,6.92,0.01,0.14,3280.06,2283.4219
000673.SZ,20030717,6.95,6.98,6.89,6.92,6.91,0.01,0.14,1422.14,986.9822
000673.SZ,20030716,6.88,6.94,6.83,6.91,6.84,0.07,1.02,1126.44,775.8669
000673.SZ,20030715,6.86,6.89,6.8,6.84,6.82,0.02,0.29,1040.5,710.211
000673.SZ,20030714,6.86,6.86,6.77,6.82,6.81,0.01,0.15,783.49,533.4116
000673.SZ,20030711,6.86,6.89,6.79,6.81,6.85,-0.04,-0.58,1147.93,783.6543
000673.SZ,20030710,6.77,6.89,6.76,6.85,6.79,0.06,0.88,1101.41,751.208
000673.SZ,20030709,6.75,6.85,6.75,6.79,6.8,-0.01,-0.15,477.01,324.8263
000673.SZ,20030708,6.73,6.8,6.7,6.8,6.74,0.06,0.89,826.64,559.0029
000673.SZ,20030707,6.75,6.8,6.66,6.74,6.79,-0.05,-0.74,429.4,289.3097
000673.SZ,20030704,6.78,6.8,6.75,6.79,6.76,0.03,0.44,385.0,260.836
000673.SZ,20030703,6.76,6.78,6.71,6.76,6.76,0.0,0.0,770.5,519.3205
000673.SZ,20030702,6.72,6.77,6.68,6.76,6.77,-0.01,-0.15,920.1,619.118
000673.SZ,20030701,6.81,6.83,6.75,6.77,6.75,0.02,0.3,433.0,294.185
000673.SZ,20030630,6.8,6.84,6.75,6.75,6.82,-0.07,-1.03,663.0,450.065
000673.SZ,20030627,6.91,6.91,6.82,6.82,6.94,-0.12,-1.73,632.4,433.232
000673.SZ,20030626,6.9,6.95,6.8,6.94,6.94,0.0,0.0,771.02,530.0463
000673.SZ,20030625,6.9,6.95,6.9,6.94,6.9,0.04,0.58,582.57,402.3704
000673.SZ,20030624,6.8,6.9,6.8,6.9,6.88,0.02,0.29,732.0,503.1591
000673.SZ,20030623,6.96,6.96,6.86,6.88,7.07,-0.19,-2.69,1338.0,924.314
000673.SZ,20030620,6.98,7.08,6.98,7.07,7.08,-0.01,-0.14,893.4,628.7966
000673.SZ,20030619,7.11,7.13,7.02,7.08,7.13,-0.05,-0.7,1298.66,917.556
000673.SZ,20030618,7.15,7.18,7.12,7.13,7.15,-0.02,-0.28,801.0,572.275
000673.SZ,20030617,7.2,7.2,7.14,7.15,7.2,-0.05,-0.69,693.01,496.6242
000673.SZ,20030616,7.23,7.27,7.15,7.2,7.17,0.03,0.42,936.4,673.8674
000673.SZ,20030613,7.13,7.19,7.13,7.17,7.13,0.04,0.56,1067.7,763.1538
000673.SZ,20030612,7.2,7.2,7.11,7.13,7.19,-0.06,-0.83,665.0,474.3773
000673.SZ,20030611,7.03,7.2,7.03,7.19,7.04,0.15,2.13,1112.26,795.1981
000673.SZ,20030610,7.0,7.09,7.0,7.04,6.97,0.07,1.0,869.8,613.2862
000673.SZ,20030609,7.03,7.06,6.95,6.97,7.06,-0.09,-1.27,1260.41,882.3091
000673.SZ,20030606,7.13,7.13,7.06,7.06,7.13,-0.07,-0.98,1234.0,875.6323
000673.SZ,20030605,7.24,7.27,7.13,7.13,7.22,-0.09,-1.25,917.0,657.628
000673.SZ,20030604,7.18,7.24,7.09,7.22,7.2,0.02,0.28,1851.39,1324.5124
000673.SZ,20030603,7.3,7.34,7.2,7.2,7.34,-0.14,-1.91,1673.05,1214.148
000673.SZ,20030602,7.35,7.4,7.27,7.34,7.35,-0.01,-0.14,1289.49,941.7471
000673.SZ,20030530,7.28,7.45,7.23,7.35,7.26,0.09,1.24,2523.51,1850.906
000673.SZ,20030529,7.25,7.26,7.15,7.26,7.25,0.01,0.14,1794.89,1291.9013
000673.SZ,20030528,7.26,7.36,7.25,7.25,7.32,-0.07,-0.96,1346.0,981.099
000673.SZ,20030527,7.35,7.37,7.25,7.32,7.38,-0.06,-0.81,1560.58,1137.5639
000673.SZ,20030526,7.19,7.38,7.13,7.38,7.19,0.19,2.64,3086.51,2226.4268
000673.SZ,20030523,7.18,7.24,7.1,7.19,7.18,0.01,0.14,2587.34,1853.942
000673.SZ,20030522,7.12,7.25,7.1,7.18,7.12,0.06,0.84,871.0,624.802
000673.SZ,20030521,7.14,7.21,7.11,7.12,7.18,-0.06,-0.84,1167.0,836.322
000673.SZ,20030520,7.3,7.3,7.13,7.18,7.38,-0.2,-2.71,1685.47,1210.9911
000673.SZ,20030519,7.43,7.5,7.35,7.38,7.26,0.12,1.65,3006.62,2235.3488
000673.SZ,20030516,7.22,7.36,7.12,7.26,7.2,0.06,0.83,2681.16,1940.9967
000673.SZ,20030515,6.89,7.2,6.77,7.2,6.89,0.31,4.5,3499.03,2462.5531
000673.SZ,20030514,6.7,6.92,6.68,6.89,6.72,0.17,2.53,2328.05,1586.4871
000673.SZ,20030513,7.18,7.18,6.65,6.72,7.19,-0.47,-6.54,3451.34,2355.6298
000673.SZ,20030512,7.2,7.3,7.16,7.19,7.32,-0.13,-1.78,1729.0,1246.7427
000673.SZ,20030430,7.4,7.51,7.26,7.32,7.39,-0.07,-0.95,2147.5,1576.1084
000673.SZ,20030429,7.62,7.64,7.38,7.39,7.63,-0.24,-3.15,2428.69,1802.286
000673.SZ,20030428,7.5,7.65,7.36,7.63,7.55,0.08,1.06,3122.99,2321.613
000673.SZ,20030425,7.68,7.8,7.51,7.55,7.68,-0.13,-1.69,2132.86,1622.6656
000673.SZ,20030424,7.84,8.0,7.66,7.68,7.87,-0.19,-2.41,2930.0,2283.0395
000673.SZ,20030423,7.92,8.18,7.87,7.87,7.87,0.0,0.0,4976.85,4001.2026
000673.SZ,20030422,7.83,7.9,7.83,7.87,7.85,0.02,0.25,1368.19,1076.0522
000673.SZ,20030421,8.06,8.07,7.76,7.85,8.12,-0.27,-3.33,5964.93,4675.742
000673.SZ,20030418,7.94,8.2,7.74,8.12,7.98,0.14,1.75,10789.32,8568.6922
000673.SZ,20030417,8.2,8.2,7.5,7.98,8.31,-0.33,-3.97,8019.26,6333.3634
000673.SZ,20030415,8.45,8.49,8.27,8.31,8.37,-0.06,-0.72,8935.61,7446.4837
000673.SZ,20030414,8.36,8.5,8.26,8.37,8.31,0.06,0.72,12003.97,10014.5671
000673.SZ,20030411,8.26,8.38,8.14,8.31,8.29,0.02,0.24,13328.56,10992.2996
000673.SZ,20030410,7.88,8.38,7.88,8.29,7.79,0.5,6.42,33779.0,27736.2875
000673.SZ,20030409,7.59,7.85,7.55,7.79,7.62,0.17,2.23,3113.93,2399.2564
000673.SZ,20030408,7.64,7.65,7.59,7.62,7.63,-0.01,-0.13,1783.0,1357.0234
000673.SZ,20030407,7.78,7.81,7.61,7.63,7.79,-0.16,-2.05,989.0,760.6313
000673.SZ,20030404,7.73,7.81,7.71,7.79,7.75,0.04,0.52,1074.29,833.6988
000673.SZ,20030403,7.85,7.85,7.73,7.75,7.85,-0.1,-1.27,1139.0,885.933
000673.SZ,20030402,7.91,7.91,7.83,7.85,7.9,-0.05,-0.63,997.99,784.0892
000673.SZ,20030401,7.82,7.97,7.82,7.9,7.88,0.02,0.25,1716.98,1354.5221
000673.SZ,20030331,7.81,7.9,7.76,7.88,7.81,0.07,0.9,1326.4,1039.819
000673.SZ,20030328,7.81,7.84,7.77,7.81,7.81,0.0,0.0,1295.6,1012.2554
000673.SZ,20030327,7.6,7.89,7.52,7.81,7.6,0.21,2.76,1897.11,1452.3271
000673.SZ,20030326,7.62,7.66,7.6,7.6,7.68,-0.08,-1.04,1012.69,771.5974
000673.SZ,20030325,7.82,7.98,7.66,7.68,7.8,-0.12,-1.54,925.0,717.658
000673.SZ,20030324,7.7,7.82,7.66,7.8,7.71,0.09,1.17,1437.15,1109.4941
000673.SZ,20030321,7.6,7.73,7.6,7.71,7.62,0.09,1.18,640.42,492.9428
000673.SZ,20030320,7.68,7.7,7.58,7.62,7.68,-0.06,-0.78,892.6,681.0236
000673.SZ,20030319,7.7,7.75,7.6,7.68,7.72,-0.04,-0.52,1116.39,855.3132
000673.SZ,20030318,7.88,7.88,7.7,7.72,7.76,-0.04,-0.52,1083.0,841.438
000673.SZ,20030317,7.88,7.89,7.72,7.76,7.88,-0.12,-1.52,1674.4,1302.978
000673.SZ,20030314,7.88,7.97,7.84,7.88,7.88,0.0,0.0,953.0,753.7
000673.SZ,20030313,7.98,8.01,7.87,7.88,7.99,-0.11,-1.38,2118.98,1676.8312
000673.SZ,20030312,8.19,8.19,7.88,7.99,8.13,-0.14,-1.72,6540.27,5226.9716
000673.SZ,20030311,8.0,8.17,7.92,8.13,7.98,0.15,1.88,3402.74,2741.5195
000673.SZ,20030310,7.97,8.0,7.85,7.98,7.97,0.01,0.13,3780.58,2992.7604
000673.SZ,20030307,7.95,8.05,7.9,7.97,7.98,-0.01,-0.13,1997.11,1593.9305
000673.SZ,20030306,8.16,8.18,7.97,7.98,8.13,-0.15,-1.85,2322.0,1872.6171
000673.SZ,20030305,8.26,8.29,8.12,8.13,8.23,-0.1,-1.22,1889.55,1543.0392
000673.SZ,20030304,8.3,8.33,8.2,8.23,8.29,-0.06,-0.72,4915.24,4057.838
000673.SZ,20030303,8.11,8.3,8.11,8.29,8.17,0.12,1.47,4496.53,3693.6649
000673.SZ,20030228,8.22,8.25,8.07,8.17,8.2,-0.03,-0.37,3060.77,2493.2557
000673.SZ,20030227,8.12,8.21,8.05,8.2,8.14,0.06,0.74,3312.04,2694.9879
000673.SZ,20030226,8.14,8.16,8.06,8.14,8.13,0.01,0.12,2899.02,2357.954
000673.SZ,20030225,8.02,8.13,7.92,8.13,8.03,0.1,1.25,4555.96,3677.5513
000673.SZ,20030224,7.91,8.04,7.41,8.03,7.91,0.12,1.52,4790.61,3810.6077
000673.SZ,20030221,8.03,8.09,7.83,7.91,8.06,-0.15,-1.86,3538.72,2807.8868
000673.SZ,20030220,8.11,8.14,8.03,8.06,8.11,-0.05,-0.62,2741.05,2216.6712
000673.SZ,20030219,8.0,8.11,8.0,8.11,8.04,0.07,0.87,2170.29,1748.7636
000673.SZ,20030218,7.91,8.08,7.91,8.04,7.96,0.08,1.01,4313.04,3455.9318
000673.SZ,20030214,7.92,8.01,7.91,7.96,7.96,0.0,0.0,1984.74,1582.2767
000673.SZ,20030213,8.12,8.12,7.91,7.96,8.04,-0.08,-1.0,3345.0,2687.2731
000673.SZ,20030212,7.89,8.06,7.88,8.04,7.9,0.14,1.77,4915.61,3929.3291
000673.SZ,20030211,7.79,7.9,7.76,7.9,7.8,0.1,1.28,1486.08,1163.5175
000673.SZ,20030210,7.79,7.83,7.72,7.8,7.86,-0.06,-0.76,1351.21,1051.6382
000673.SZ,20030129,7.9,7.95,7.8,7.86,7.9,-0.04,-0.51,2931.49,2319.6507
000673.SZ,20030128,7.83,7.9,7.79,7.9,7.82,0.08,1.02,2969.99,2328.5422
000673.SZ,20030127,7.71,7.85,7.7,7.82,7.73,0.09,1.16,2163.4,1687.5564
000673.SZ,20030124,7.55,7.75,7.55,7.73,7.64,0.09,1.18,2183.34,1673.5313
000673.SZ,20030123,7.78,7.78,7.6,7.64,7.72,-0.08,-1.04,2490.26,1914.5707
000673.SZ,20030122,7.58,7.73,7.57,7.72,7.66,0.06,0.78,1918.23,1467.4806
000673.SZ,20030121,7.84,7.96,7.65,7.66,7.85,-0.19,-2.42,3254.0,2535.4452
000673.SZ,20030120,7.78,7.85,7.68,7.85,7.9,-0.05,-0.63,4926.95,3820.7908
000673.SZ,20030117,7.97,7.97,7.83,7.9,7.95,-0.05,-0.63,3627.28,2864.4233
000673.SZ,20030116,7.86,7.96,7.78,7.95,7.79,0.16,2.05,2967.64,2337.0449
000673.SZ,20030115,7.87,7.99,7.78,7.79,7.9,-0.11,-1.39,4393.74,3446.2375
000673.SZ,20030114,7.6,7.96,7.6,7.9,7.57,0.33,4.36,6414.16,5016.1669
000673.SZ,20030113,7.52,7.62,7.5,7.57,7.59,-0.02,-0.26,1373.9,1036.6335
000673.SZ,20030110,7.68,7.77,7.56,7.59,7.69,-0.1,-1.3,2566.55,1968.8954
000673.SZ,20030109,7.58,7.8,7.52,7.69,7.57,0.12,1.59,4823.48,3693.5549
000673.SZ,20030108,7.41,7.6,7.36,7.57,7.38,0.19,2.57,1943.11,1456.4203
000673.SZ,20030107,7.43,7.5,7.3,7.38,7.38,0.0,0.0,2026.5,1506.0523
000673.SZ,20030106,7.2,7.43,7.14,7.38,7.23,0.15,2.07,2149.0,1569.7933
000673.SZ,20030103,7.14,7.24,7.11,7.23,7.14,0.09,1.26,1339.0,962.208
000673.SZ,20030102,7.2,7.37,7.12,7.14,7.26,-0.12,-1.65,1507.71,1081.4672
000673.SZ,20021231,7.31,7.43,7.23,7.26,7.3,-0.04,-0.55,1683.09,1235.5824
000673.SZ,20021230,7.3,7.4,7.23,7.3,7.4,-0.1,-1.35,2356.8,1716.4342
000673.SZ,20021227,7.38,7.5,7.25,7.4,7.47,-0.07,-0.94,3378.58,2493.1929
000673.SZ,20021226,7.78,7.78,7.45,7.47,7.8,-0.33,-4.23,5125.64,3894.4271
000673.SZ,20021225,7.8,7.91,7.79,7.8,7.85,-0.05,-0.64,1808.87,1417.3378
000673.SZ,20021224,7.87,7.87,7.7,7.85,7.89,-0.04,-0.51,4492.31,3495.9128
000673.SZ,20021223,7.85,8.09,7.85,7.89,7.93,-0.04,-0.5,4490.3,3561.7761
000673.SZ,20021220,7.88,8.05,7.85,7.93,8.09,-0.16,-1.98,12986.78,10296.0739
000673.SZ,20021219,7.8,8.29,7.75,8.09,7.54,0.55,7.29,33922.39,27802.6174
000673.SZ,20021218,7.6,7.7,7.54,7.54,7.6,-0.06,-0.79,1768.69,1351.6249
000673.SZ,20021217,7.53,7.63,7.42,7.6,7.53,0.07,0.93,1490.62,1123.2751
000673.SZ,20021216,7.4,7.55,7.39,7.53,7.4,0.13,1.76,1367.35,1024.0939
000673.SZ,20021213,7.15,7.45,7.03,7.4,7.18,0.22,3.06,1028.01,750.5427
000673.SZ,20021212,7.2,7.32,7.16,7.18,7.13,0.05,0.7,404.3,293.4074
000673.SZ,20021211,7.23,7.23,7.12,7.13,7.23,-0.1,-1.38,519.0,371.712
000673.SZ,20021210,7.35,7.39,7.05,7.23,7.38,-0.15,-2.03,1045.0,762.16
000673.SZ,20021209,7.51,7.53,7.32,7.38,7.47,-0.09,-1.2,865.0,639.697
000673.SZ,20021206,7.5,7.58,7.4,7.47,7.51,-0.04,-0.53,455.96,342.5782
000673.SZ,20021205,7.48,7.53,7.39,7.51,7.47,0.04,0.54,1052.76,787.9088
000673.SZ,20021204,7.4,7.56,7.38,7.47,7.39,0.08,1.08,1099.91,823.1819
000673.SZ,20021203,7.32,7.44,7.23,7.39,7.22,0.17,2.35,1170.44,863.1623
000673.SZ,20021202,7.54,7.54,7.22,7.22,7.56,-0.34,-4.5,1356.0,996.101
000673.SZ,20021129,7.45,7.67,7.34,7.56,7.45,0.11,1.48,2481.65,1870.9109
000673.SZ,20021128,7.13,7.45,7.07,7.45,7.25,0.2,2.76,1073.22,780.5836
000673.SZ,20021127,7.01,7.25,7.01,7.25,7.15,0.1,1.4,1416.8,1006.5466
000673.SZ,20021126,7.45,7.45,7.11,7.15,7.35,-0.2,-2.72,518.09,376.2703
000673.SZ,20021125,7.04,7.38,7.04,7.35,7.37,-0.02,-0.27,601.74,441.4668
000673.SZ,20021122,7.3,7.5,7.19,7.37,7.33,0.04,0.55,872.1,640.3448
000673.SZ,20021121,7.5,7.5,7.3,7.33,7.53,-0.2,-2.66,899.07,664.448
000673.SZ,20021120,7.82,7.82,7.52,7.53,7.84,-0.31,-3.95,767.0,584.152
000673.SZ,20021119,7.63,7.86,7.6,7.84,7.7,0.14,1.82,755.05,583.3018
000673.SZ,20021118,7.7,7.75,7.64,7.7,7.71,-0.01,-0.13,349.0,268.175
000673.SZ,20021115,7.64,7.79,7.6,7.71,7.7,0.01,0.13,713.0,551.4019
000673.SZ,20021114,7.8,7.85,7.7,7.7,7.86,-0.16,-2.04,890.84,692.0646
000673.SZ,20021113,7.82,7.95,7.7,7.86,7.95,-0.09,-1.13,911.0,711.192
000673.SZ,20021112,8.2,8.2,7.9,7.95,8.2,-0.25,-3.05,1702.5,1369.8612
000673.SZ,20021108,8.58,8.61,8.17,8.2,8.48,-0.28,-3.3,1470.3,1232.3065
000673.SZ,20021107,8.57,8.57,8.46,8.48,8.53,-0.05,-0.59,687.0,583.6666
000673.SZ,20021106,8.6,8.62,8.53,8.53,8.62,-0.09,-1.04,621.0,532.431
000673.SZ,20021105,8.5,8.63,8.42,8.62,8.48,0.14,1.65,1375.68,1180.5946
000673.SZ,20021104,8.49,8.49,8.32,8.48,8.36,0.12,1.44,322.8,271.6446
000673.SZ,20021101,8.39,8.39,8.25,8.36,8.32,0.04,0.48,363.9,303.0735
000673.SZ,20021031,8.3,8.43,8.3,8.32,8.3,0.02,0.24,264.1,220.6956
000673.SZ,20021030,8.3,8.36,8.26,8.3,8.35,-0.05,-0.6,295.3,245.7682
000673.SZ,20021029,8.21,8.36,8.2,8.35,8.23,0.12,1.46,442.0,364.6295
000673.SZ,20021028,8.24,8.33,8.21,8.23,8.33,-0.1,-1.2,907.5,750.1755
000673.SZ,20021025,8.45,8.53,8.31,8.33,8.49,-0.16,-1.88,602.8,505.1934
000673.SZ,20021024,8.55,8.63,8.45,8.49,8.59,-0.1,-1.16,348.0,296.592
000673.SZ,20021023,8.45,8.59,8.45,8.59,8.59,0.0,0.0,453.8,386.6508
000673.SZ,20021022,8.4,8.6,8.4,8.59,8.42,0.17,2.02,1486.0,1267.594
000673.SZ,20021021,8.69,8.69,8.27,8.42,8.38,0.04,0.48,495.0,416.019
000673.SZ,20021018,8.42,8.48,7.7,8.38,8.45,-0.07,-0.83,977.75,812.22
000673.SZ,20021017,8.73,8.73,8.45,8.45,8.65,-0.2,-2.31,424.0,362.399
000673.SZ,20021016,8.6,8.72,8.57,8.65,8.57,0.08,0.93,518.85,449.8275
000673.SZ,20021015,8.65,8.65,8.52,8.57,8.56,0.01,0.12,263.0,225.3933
000673.SZ,20021014,8.56,8.6,8.46,8.56,8.56,0.0,0.0,851.4,724.3626
000673.SZ,20021011,8.57,8.69,8.53,8.56,8.55,0.01,0.12,873.0,748.3616
000673.SZ,20021010,8.73,8.8,8.53,8.55,8.73,-0.18,-2.06,540.7,466.1341
000673.SZ,20021009,8.77,8.84,8.68,8.73,8.87,-0.14,-1.58,511.4,447.881
000673.SZ,20021008,8.98,8.98,8.8,8.87,8.98,-0.11,-1.22,363.8,321.7534
000673.SZ,20020927,9.05,9.16,8.9,8.98,9.04,-0.06,-0.66,505.8,454.1258
000673.SZ,20020926,9.55,9.55,8.95,9.04,9.03,0.01,0.11,1297.5,1185.4088
000673.SZ,20020925,8.88,9.09,8.88,9.03,8.9,0.13,1.46,743.1,667.6922
000673.SZ,20020924,8.91,8.95,8.88,8.9,8.95,-0.05,-0.56,622.9,554.4221
000673.SZ,20020923,8.95,9.0,8.93,8.95,9.01,-0.06,-0.67,429.0,384.487
000673.SZ,20020920,9.13,9.13,9.0,9.01,9.1,-0.09,-0.99,391.0,354.132
000673.SZ,20020919,8.95,9.13,8.88,9.1,8.95,0.15,1.68,1112.31,1000.337
000673.SZ,20020918,9.01,9.04,8.94,8.95,9.01,-0.06,-0.67,615.0,553.221
000673.SZ,20020917,9.03,9.13,8.95,9.01,9.03,-0.02,-0.22,831.0,750.237
000673.SZ,20020916,9.12,9.12,9.01,9.03,9.18,-0.15,-1.63,662.92,599.7231
000673.SZ,20020913,9.11,9.25,9.11,9.18,9.21,-0.03,-0.33,177.3,162.7105
000673.SZ,20020912,9.12,9.24,9.12,9.21,9.1,0.11,1.21,420.0,385.9786
000673.SZ,20020911,9.17,9.17,9.02,9.1,9.2,-0.1,-1.09,753.0,685.7284
000673.SZ,20020910,9.23,9.24,9.17,9.2,9.18,0.02,0.22,657.85,604.9415
000673.SZ,20020909,9.25,9.29,9.17,9.18,9.25,-0.07,-0.76,997.31,917.8185
000673.SZ,20020906,9.26,9.35,9.25,9.25,9.31,-0.06,-0.64,1003.0,931.3727
000673.SZ,20020905,9.41,9.41,9.3,9.31,9.41,-0.1,-1.06,956.78,892.8493
000673.SZ,20020904,9.5,9.54,9.4,9.41,9.5,-0.09,-0.95,933.45,881.344
000673.SZ,20020903,9.52,9.6,9.48,9.5,9.5,0.0,0.0,655.87,624.4765
000673.SZ,20020902,9.46,9.56,9.45,9.5,9.51,-0.01,-0.11,468.79,444.4164
000673.SZ,20020830,9.5,9.53,9.48,9.51,9.51,0.0,0.0,456.0,433.1669
000673.SZ,20020829,9.56,9.58,9.49,9.51,9.56,-0.05,-0.52,528.0,503.3758
000673.SZ,20020828,9.6,9.68,9.52,9.56,9.66,-0.1,-1.04,792.55,762.587
000673.SZ,20020827,9.5,9.68,9.45,9.66,9.48,0.18,1.9,1545.13,1486.2583
000673.SZ,20020826,9.6,9.6,9.46,9.48,9.6,-0.12,-1.25,500.0,474.593
000673.SZ,20020823,9.6,9.6,9.51,9.6,9.59,0.01,0.1,484.0,461.884
000673.SZ,20020822,9.54,9.64,9.51,9.59,9.51,0.08,0.84,1808.26,1731.7357
000673.SZ,20020821,9.45,9.52,9.4,9.51,9.46,0.05,0.53,911.6,860.926
000673.SZ,20020820,9.34,9.49,9.34,9.46,9.34,0.12,1.28,958.38,904.7671
000673.SZ,20020819,9.32,9.44,9.32,9.34,9.43,-0.09,-0.95,427.6,400.6782
000673.SZ,20020816,9.35,9.45,9.25,9.43,9.35,0.08,0.86,494.0,463.621
000673.SZ,20020815,9.35,9.43,9.33,9.35,9.44,-0.09,-0.95,200.0,187.277
000673.SZ,20020814,9.3,9.44,9.3,9.44,9.35,0.09,0.96,234.5,220.3375
000673.SZ,20020813,9.55,9.55,9.3,9.35,9.28,0.07,0.75,255.3,238.872
000673.SZ,20020812,9.38,9.38,9.27,9.28,9.41,-0.13,-1.38,732.0,681.756
000673.SZ,20020809,9.57,9.57,9.4,9.41,9.53,-0.12,-1.26,393.8,371.3088
000673.SZ,20020808,9.6,9.65,9.5,9.53,9.5,0.03,0.32,581.0,555.0812
000673.SZ,20020807,9.58,9.58,9.47,9.5,9.53,-0.03,-0.31,563.6,535.5778
000673.SZ,20020806,9.45,9.6,9.4,9.53,9.48,0.05,0.53,844.88,803.8857
000673.SZ,20020805,9.62,9.62,9.45,9.48,9.49,-0.01,-0.11,447.9,424.3155
000673.SZ,20020802,9.46,9.51,9.43,9.49,9.46,0.03,0.32,414.23,391.9108
000673.SZ,20020801,9.5,9.53,9.37,9.46,9.5,-0.04,-0.42,885.05,833.7167
000673.SZ,20020731,9.58,9.61,9.5,9.5,9.58,-0.08,-0.84,656.63,628.0256
000673.SZ,20020730,9.6,9.66,9.53,9.58,9.6,-0.02,-0.21,565.31,541.4557
000673.SZ,20020729,9.6,9.6,9.46,9.6,9.61,-0.01,-0.1,646.87,615.9107
000673.SZ,20020726,9.7,9.7,9.6,9.61,9.61,0.0,0.0,777.7,748.112
000673.SZ,20020725,9.7,9.72,9.6,9.61,9.62,-0.01,-0.1,1508.07,1455.9213
000673.SZ,20020724,9.7,9.7,9.61,9.62,9.65,-0.03,-0.31,515.0,496.348
000673.SZ,20020723,9.71,9.71,9.61,9.65,9.71,-0.06,-0.62,2200.0,2123.847
000673.SZ,20020722,9.91,9.91,9.66,9.71,9.91,-0.2,-2.02,1381.94,1345.5989
000673.SZ,20020719,9.95,9.95,9.85,9.91,9.9,0.01,0.1,1234.8,1219.7895
000673.SZ,20020718,9.82,10.03,9.82,9.9,9.82,0.08,0.81,4781.37,4750.8257
000673.SZ,20020717,9.72,9.82,9.65,9.82,9.74,0.08,0.82,1222.29,1191.2392
000673.SZ,20020716,9.69,9.8,9.66,9.74,9.69,0.05,0.52,1008.37,979.0193
000673.SZ,20020715,9.74,9.74,9.6,9.69,9.67,0.02,0.21,1270.28,1225.5725
000673.SZ,20020712,9.76,9.76,9.65,9.67,9.7,-0.03,-0.31,1377.0,1335.1392
000673.SZ,20020711,9.68,9.8,9.66,9.7,9.7,0.0,0.0,1411.78,1372.8577
000673.SZ,20020710,9.88,9.88,9.7,9.7,9.88,-0.18,-1.82,1748.95,1704.0458
000673.SZ,20020709,9.92,9.98,9.85,9.88,9.98,-0.1,-1.0,1511.56,1498.2449
000673.SZ,20020708,9.82,9.99,9.82,9.98,9.82,0.16,1.63,2368.97,2350.9741
000673.SZ,20020705,9.76,9.83,9.7,9.82,9.77,0.05,0.51,741.0,723.2442
000673.SZ,20020704,9.9,9.91,9.73,9.77,9.92,-0.15,-1.51,1883.0,1849.151
000673.SZ,20020703,9.72,9.96,9.72,9.92,9.89,0.03,0.3,1776.01,1757.2348
000673.SZ,20020702,9.75,9.9,9.71,9.89,9.75,0.14,1.44,1712.0,1674.968
000673.SZ,20020701,9.92,9.92,9.7,9.75,9.92,-0.17,-1.71,2474.19,2419.9571
000673.SZ,20020628,10.03,10.25,9.8,9.92,10.0,-0.08,-0.8,6277.2,6315.0419
000673.SZ,20020627,9.98,10.1,9.89,10.0,10.01,-0.01,-0.1,4205.0,4203.709
000673.SZ,20020626,9.9,10.09,9.81,10.01,10.06,-0.05,-0.5,5687.64,5666.4444
000673.SZ,20020625,10.12,10.3,9.88,10.06,10.14,-0.08,-0.79,12488.42,12658.8898
000673.SZ,20020624,10.14,10.14,9.72,10.14,9.22,0.92,9.98,20680.01,20709.5197
000673.SZ,20020621,8.98,9.28,8.9,9.22,8.87,0.35,3.95,4000.21,3672.9715
000673.SZ,20020620,8.72,8.97,8.72,8.87,8.81,0.06,0.68,847.9,754.1185
000673.SZ,20020619,9.0,9.0,8.81,8.81,8.95,-0.14,-1.56,404.9,359.5117
000673.SZ,20020618,8.78,8.99,8.78,8.95,8.7,0.25,2.87,1455.06,1297.4692
000673.SZ,20020617,8.7,8.7,8.6,8.7,8.69,0.01,0.12,903.83,781.609
000673.SZ,20020614,8.87,8.9,8.63,8.69,8.87,-0.18,-2.03,1179.0,1037.3256
000673.SZ,20020613,9.05,9.05,8.87,8.87,9.0,-0.13,-1.44,710.0,634.9406
000673.SZ,20020612,8.83,9.06,8.83,9.0,9.02,-0.02,-0.22,596.0,532.9245
000673.SZ,20020611,8.94,9.03,8.82,9.02,8.89,0.13,1.46,1559.35,1398.6419
000673.SZ,20020610,8.86,9.03,8.78,8.89,9.04,-0.15,-1.66,1564.36,1387.6935
000673.SZ,20020607,8.95,9.09,8.7,9.04,8.93,0.11,1.23,6130.69,5527.0671
000673.SZ,20020606,8.23,9.08,8.22,8.93,8.41,0.52,6.18,2588.38,2241.6697
000673.SZ,20020605,8.8,8.8,8.38,8.41,8.82,-0.41,-4.65,2025.95,1731.4047
000673.SZ,20020604,8.9,9.05,8.66,8.82,8.85,-0.03,-0.34,1502.2,1328.984
000673.SZ,20020603,9.05,9.05,8.75,8.85,9.2,-0.35,-3.8,2070.0,1844.1434
000673.SZ,20020531,9.17,9.31,9.0,9.2,9.16,0.04,0.44,6994.9,6375.8208
000673.SZ,20020530,9.13,9.2,8.96,9.16,9.22,-0.06,-0.65,1909.46,1735.4776
000673.SZ,20020529,9.42,9.49,9.04,9.22,9.41,-0.19,-2.02,3804.23,3481.5377
000673.SZ,20020528,9.49,9.55,9.38,9.41,9.49,-0.08,-0.84,3411.13,3222.3263
000673.SZ,20020527,9.33,9.7,9.3,9.49,8.98,0.51,5.68,8849.45,8403.3902
000673.SZ,20020524,9.27,9.27,8.9,8.98,9.18,-0.2,-2.18,2527.01,2280.2037
000673.SZ,20020522,9.36,9.36,9.1,9.18,9.36,-0.18,-1.92,2231.35,2053.4042
000673.SZ,20020521,9.05,9.45,9.05,9.36,8.92,0.44,4.93,3004.35,2794.1104
000673.SZ,20020520,9.0,9.18,8.85,8.92,9.15,-0.23,-2.51,1655.7,1481.2184
000673.SZ,20020517,9.08,9.25,8.96,9.15,9.09,0.06,0.66,2384.19,2169.3604
000673.SZ,20020516,9.41,9.41,9.05,9.09,9.48,-0.39,-4.11,2867.0,2635.353
000673.SZ,20020515,9.5,9.65,9.45,9.48,9.57,-0.09,-0.94,971.5,924.989
000673.SZ,20020514,9.53,9.67,9.5,9.57,9.52,0.05,0.53,920.0,879.7556
000673.SZ,20020513,9.63,9.63,9.46,9.52,9.63,-0.11,-1.14,1326.2,1263.4098
000673.SZ,20020510,9.78,9.8,9.62,9.63,9.8,-0.17,-1.73,1044.0,1009.074
000673.SZ,20020509,9.75,9.85,9.69,9.8,9.75,0.05,0.51,1418.98,1387.1862
000673.SZ,20020508,9.99,9.99,9.74,9.75,9.89,-0.14,-1.42,1861.0,1824.2792
000673.SZ,20020430,9.99,10.05,9.88,9.89,9.99,-0.1,-1.0,4650.99,4628.1343
000673.SZ,20020429,9.65,10.19,9.65,9.99,9.65,0.34,3.52,8126.46,8073.857
000673.SZ,20020426,9.33,9.65,9.31,9.65,9.36,0.29,3.1,1788.63,1713.6916
000673.SZ,20020425,9.33,9.45,9.31,9.36,9.34,0.02,0.21,450.3,422.4108
000673.SZ,20020424,9.53,9.54,9.3,9.34,9.5,-0.16,-1.68,522.5,490.348
000673.SZ,20020423,9.6,9.68,9.48,9.5,9.42,0.08,0.85,1655.59,1589.4278
000673.SZ,20020422,9.23,9.51,9.2,9.42,9.46,-0.04,-0.42,732.1,687.1548
000673.SZ,20020419,9.4,9.46,9.07,9.46,9.47,-0.01,-0.11,1364.73,1263.2554
000673.SZ,20020418,9.58,9.6,9.46,9.47,9.56,-0.09,-0.94,921.01,877.1745
000673.SZ,20020417,9.63,9.63,9.45,9.56,9.58,-0.02,-0.21,885.03,841.528
000673.SZ,20020416,9.6,9.66,9.44,9.58,9.6,-0.02,-0.21,1155.0,1099.994
000673.SZ,20020415,9.48,9.68,9.48,9.6,9.55,0.05,0.52,870.4,832.848
000673.SZ,20020412,9.71,9.71,9.48,9.55,9.55,0.0,0.0,2498.95,2389.8076
000673.SZ,20020411,9.8,9.85,9.53,9.55,9.84,-0.29,-2.95,1714.27,1662.674
000673.SZ,20020410,9.77,9.9,9.72,9.84,9.77,0.07,0.72,3628.68,3569.4575
000673.SZ,20020409,9.6,9.82,9.6,9.77,9.61,0.16,1.66,4163.2,4063.5694
000673.SZ,20020408,9.61,9.7,9.55,9.61,9.61,0.0,0.0,1119.53,1077.6037
000673.SZ,20020405,9.53,9.75,9.45,9.61,9.44,0.17,1.8,4511.92,4334.5377
000673.SZ,20020404,9.15,9.5,9.08,9.44,9.15,0.29,3.17,1439.5,1338.0505
000673.SZ,20020403,9.08,9.18,9.05,9.15,9.06,0.09,0.99,1861.51,1696.3328
000673.SZ,20020402,9.3,9.3,9.02,9.06,9.29,-0.23,-2.48,2158.16,1966.4036
000673.SZ,20020401,9.18,9.3,9.1,9.29,9.23,0.06,0.65,1327.98,1224.6601
000673.SZ,20020329,9.52,9.6,9.2,9.23,9.6,-0.37,-3.85,3709.0,3476.1158
000673.SZ,20020328,9.48,9.72,9.43,9.6,9.42,0.18,1.91,2337.09,2246.794
000673.SZ,20020327,9.38,9.5,9.28,9.42,9.42,0.0,0.0,2096.19,1965.2786
000673.SZ,20020326,9.6,9.63,9.39,9.42,9.6,-0.18,-1.88,1520.12,1436.3049
000673.SZ,20020325,9.57,9.62,9.5,9.6,9.58,0.02,0.21,2103.45,2008.4145
000673.SZ,20020322,9.75,9.75,9.54,9.58,9.76,-0.18,-1.84,1965.26,1889.4475
000673.SZ,20020321,9.7,9.8,9.65,9.76,9.71,0.05,0.51,3286.16,3195.7088
000673.SZ,20020320,9.75,9.79,9.6,9.71,9.67,0.04,0.41,2757.56,2670.4696
000673.SZ,20020319,9.45,9.69,9.36,9.67,9.43,0.24,2.55,2977.6,2855.8409
000673.SZ,20020318,9.45,9.7,9.28,9.43,9.4,0.03,0.32,3284.0,3101.35
000673.SZ,20020315,9.8,10.0,9.39,9.4,9.8,-0.4,-4.08,5779.0,5541.573
000673.SZ,20020314,9.36,9.83,9.36,9.8,9.42,0.38,4.03,4166.65,3973.2591
000673.SZ,20020313,9.85,9.94,9.39,9.42,9.88,-0.46,-4.66,5707.28,5515.5511
000673.SZ,20020312,9.88,10.29,9.7,9.88,9.9,-0.02,-0.2,11819.51,11809.9932
000673.SZ,20020311,9.75,9.92,9.5,9.9,9.75,0.15,1.54,8458.46,8205.4064
000673.SZ,20020308,9.9,10.08,9.52,9.75,9.75,0.0,0.0,18073.9,17815.7118
000673.SZ,20020307,8.8,9.75,8.75,9.75,8.86,0.89,10.05,14247.31,13412.8263
000673.SZ,20020306,8.95,9.15,8.85,8.86,8.7,0.16,1.84,13412.87,12143.3374
000673.SZ,20020305,8.49,8.7,8.31,8.7,8.49,0.21,2.47,5224.33,4495.579
000673.SZ,20020304,8.14,8.5,7.94,8.49,8.18,0.31,3.79,1846.3,1514.1835
000673.SZ,20020301,8.31,8.31,8.18,8.18,8.38,-0.2,-2.39,1892.6,1559.3862
000673.SZ,20020228,8.48,8.54,8.38,8.38,8.5,-0.12,-1.41,1902.3,1604.4226
000673.SZ,20020227,8.41,8.6,8.41,8.5,8.37,0.13,1.55,2336.59,1989.4784
000673.SZ,20020226,8.41,8.41,8.2,8.37,8.41,-0.04,-0.48,1600.08,1328.4559
000673.SZ,20020225,8.45,8.49,8.25,8.41,8.13,0.28,3.44,3595.15,3010.773
000673.SZ,20020208,8.22,8.27,8.12,8.13,8.16,-0.03,-0.37,1904.47,1560.0251
000673.SZ,20020207,7.9,8.22,7.86,8.16,7.9,0.26,3.29,2166.04,1757.8202
000673.SZ,20020206,8.17,8.2,7.9,7.9,8.2,-0.3,-3.66,2920.84,2347.0237
000673.SZ,20020205,8.36,8.36,8.05,8.2,8.24,-0.04,-0.49,2936.28,2411.9758
000673.SZ,20020204,8.2,8.3,7.95,8.24,8.07,0.17,2.11,2354.86,1918.4549
000673.SZ,20020201,8.24,8.32,8.06,8.07,8.21,-0.14,-1.71,4157.0,3391.9134
000673.SZ,20020131,7.69,8.3,7.69,8.21,7.64,0.57,7.46,6551.11,5297.4988
000673.SZ,20020130,7.6,7.79,7.43,7.64,7.69,-0.05,-0.65,4536.9,3463.8945
000673.SZ,20020129,7.05,7.7,7.02,7.69,7.02,0.67,9.54,5488.09,4029.8136
000673.SZ,20020128,7.3,7.43,6.81,7.02,7.39,-0.37,-5.01,3536.5,2490.7364
000673.SZ,20020125,7.28,7.52,7.2,7.39,7.32,0.07,0.96,1950.02,1443.1975
000673.SZ,20020124,7.15,7.55,6.86,7.32,7.15,0.17,2.38,4710.86,3452.7015
000673.SZ,20020123,6.65,7.16,6.42,7.15,6.52,0.63,9.66,2879.91,1952.2517
000673.SZ,20020122,6.71,6.96,6.46,6.52,6.77,-0.25,-3.69,3006.37,2012.5444
000673.SZ,20020121,7.49,7.49,6.77,6.77,7.52,-0.75,-9.97,3401.0,2372.13
000673.SZ,20020118,7.9,7.98,7.2,7.52,7.91,-0.39,-4.93,2669.55,2014.884
000673.SZ,20020117,8.38,8.5,7.87,7.91,8.5,-0.59,-6.94,1853.0,1512.553
000673.SZ,20020116,8.41,8.55,8.21,8.5,8.43,0.07,0.83,1176.3,986.38
000673.SZ,20020115,8.59,8.68,8.4,8.43,8.64,-0.21,-2.43,1025.0,877.813
000673.SZ,20020114,8.5,8.88,8.5,8.64,8.79,-0.15,-1.71,1341.15,1158.7851
000673.SZ,20020111,9.09,9.09,8.75,8.79,9.05,-0.26,-2.87,1088.0,965.116
000673.SZ,20020110,8.72,9.15,8.7,9.05,8.86,0.19,2.14,1623.4,1426.9428
000673.SZ,20020109,9.09,9.09,8.83,8.86,9.09,-0.23,-2.53,1499.9,1335.6593
000673.SZ,20020108,9.2,9.27,9.08,9.09,9.22,-0.13,-1.41,749.0,689.066
000673.SZ,20020107,9.35,9.35,9.15,9.22,9.4,-0.18,-1.91,917.1,845.9295
000673.SZ,20020104,9.65,9.65,9.39,9.4,9.65,-0.25,-2.59,499.41,473.2245
000673.SZ,20011231,9.7,9.79,9.63,9.65,9.65,0.0,0.0,594.0,577.3194
000673.SZ,20011228,9.56,9.65,9.5,9.65,9.56,0.09,0.94,591.0,566.2314
000673.SZ,20011227,9.6,9.7,9.55,9.56,9.6,-0.04,-0.42,709.0,680.4877
000673.SZ,20011226,9.38,9.6,9.38,9.6,9.43,0.17,1.8,855.04,812.3041
000673.SZ,20011225,9.34,9.46,9.3,9.43,9.38,0.05,0.53,637.91,599.3255
000673.SZ,20011224,9.5,9.54,9.36,9.38,9.5,-0.12,-1.26,898.8,848.2042
000673.SZ,20011221,9.43,9.5,9.3,9.5,9.43,0.07,0.74,625.69,590.7531
000673.SZ,20011220,9.67,9.67,9.35,9.43,9.67,-0.24,-2.48,1574.1,1487.5904
000673.SZ,20011219,9.91,9.93,9.5,9.67,9.93,-0.26,-2.62,1757.55,1721.1224
000673.SZ,20011218,9.78,9.96,9.72,9.93,9.75,0.18,1.85,908.73,894.2994
000673.SZ,20011217,9.79,9.86,9.71,9.75,9.78,-0.03,-0.31,1190.12,1162.5641
000673.SZ,20011214,9.98,10.0,9.61,9.78,10.07,-0.29,-2.88,2573.79,2516.9037
000673.SZ,20011213,10.24,10.3,10.07,10.07,10.26,-0.19,-1.85,1332.0,1357.211
000673.SZ,20011212,10.36,10.42,10.21,10.26,10.35,-0.09,-0.87,1205.61,1247.0648
000673.SZ,20011211,10.43,10.47,10.35,10.35,10.48,-0.13,-1.24,964.59,1002.1157
000673.SZ,20011210,10.56,10.56,10.38,10.48,10.57,-0.09,-0.85,968.31,1009.4773
000673.SZ,20011207,10.56,10.6,10.45,10.57,10.55,0.02,0.19,1588.32,1671.8415
000673.SZ,20011206,10.4,10.59,10.4,10.55,10.5,0.05,0.48,1840.13,1931.5875
000673.SZ,20011205,10.76,10.8,10.5,10.5,10.83,-0.33,-3.05,2931.0,3115.755
000673.SZ,20011204,10.7,10.85,10.7,10.83,10.8,0.03,0.28,1622.04,1743.3211
000673.SZ,20011203,10.88,10.96,10.79,10.8,10.78,0.02,0.19,2642.26,2870.1641
000673.SZ,20011130,10.69,10.8,10.66,10.78,10.69,0.09,0.84,1583.75,1703.2018
000673.SZ,20011129,10.78,10.81,10.62,10.69,10.7,-0.01,-0.09,1428.8,1532.1504
000673.SZ,20011128,10.68,10.85,10.58,10.7,10.62,0.08,0.75,3317.57,3565.8803
000673.SZ,20011127,10.5,10.64,10.46,10.62,10.5,0.12,1.14,1591.17,1676.8991
000673.SZ,20011126,10.4,10.6,10.34,10.5,10.39,0.11,1.06,1573.69,1644.4738
000673.SZ,20011123,10.44,10.44,10.32,10.39,10.44,-0.05,-0.48,1312.32,1360.912
000673.SZ,20011122,10.32,10.53,10.32,10.44,10.42,0.02,0.19,1717.19,1791.1936
000673.SZ,20011121,10.48,10.55,10.31,10.42,10.47,-0.05,-0.48,1713.26,1790.79
000673.SZ,20011120,10.37,10.5,10.37,10.47,10.37,0.1,0.96,3094.08,3234.7022
000673.SZ,20011119,10.1,10.38,10.1,10.37,10.2,0.17,1.67,1512.63,1558.3998
000673.SZ,20011116,10.8,10.95,10.2,10.2,10.06,0.14,1.39,4852.0,5080.0195
000673.SZ,20011115,10.05,10.2,9.91,10.06,10.03,0.03,0.3,681.0,681.731
000673.SZ,20011114,10.0,10.1,9.93,10.03,9.88,0.15,1.52,1112.8,1116.2342
000673.SZ,20011113,9.9,10.01,9.75,9.88,10.09,-0.21,-2.08,1215.0,1204.388
000673.SZ,20011112,10.0,10.28,9.9,10.09,9.82,0.27,2.75,4175.64,4239.6531
000673.SZ,20011109,9.43,9.89,9.4,9.82,9.42,0.4,4.25,2087.06,2026.9626
000673.SZ,20011108,9.2,9.47,9.05,9.42,9.39,0.03,0.32,1275.43,1182.9418
000673.SZ,20011107,10.04,10.04,9.38,9.39,9.95,-0.56,-5.63,1721.03,1644.375
000673.SZ,20011106,9.95,10.09,9.95,9.95,10.0,-0.05,-0.5,477.28,476.6416
000673.SZ,20011105,10.02,10.1,9.93,10.0,10.12,-0.12,-1.19,794.0,794.852
000673.SZ,20011102,10.1,10.7,10.02,10.12,10.13,-0.01,-0.1,2903.0,3008.759
000673.SZ,20011101,9.97,10.3,9.87,10.13,9.88,0.25,2.53,2563.65,2597.1895
000673.SZ,20011031,9.8,9.88,9.7,9.88,9.9,-0.02,-0.2,519.5,506.343
000673.SZ,20011030,9.98,10.0,9.86,9.9,9.92,-0.02,-0.2,976.0,967.7915
000673.SZ,20011029,9.95,9.99,9.8,9.92,9.7,0.22,2.27,748.31,740.6878
000673.SZ,20011026,9.66,9.82,9.5,9.7,9.78,-0.08,-0.82,1374.05,1328.9564
000673.SZ,20011025,9.99,10.0,9.76,9.78,10.09,-0.31,-3.07,2385.47,2351.234
000673.SZ,20011024,10.0,10.32,9.75,10.09,9.48,0.61,6.43,6993.37,7015.9806
000673.SZ,20011023,9.48,9.48,9.15,9.48,8.62,0.86,9.98,3568.16,3371.6684
000673.SZ,20011022,9.0,9.0,8.5,8.62,9.1,-0.48,-5.27,1698.0,1501.556
000673.SZ,20011019,9.48,9.49,9.0,9.1,9.51,-0.41,-4.31,2179.53,1996.7001
000673.SZ,20011018,9.61,9.7,9.51,9.51,9.65,-0.14,-1.45,601.61,576.6946
000673.SZ,20011017,9.56,9.82,9.54,9.65,9.6,0.05,0.52,431.0,416.364
000673.SZ,20011016,9.82,9.94,9.58,9.6,9.82,-0.22,-2.24,908.0,880.727
000673.SZ,20011015,9.9,10.0,9.51,9.82,9.89,-0.07,-0.71,1582.0,1558.629
000673.SZ,20011012,9.55,9.9,9.23,9.89,9.52,0.37,3.89,2730.89,2642.2712
000673.SZ,20011011,9.72,9.8,9.5,9.52,9.71,-0.19,-1.96,1817.99,1754.5413
000673.SZ,20011010,10.4,10.4,9.7,9.71,10.39,-0.68,-6.54,2411.0,2383.135
000673.SZ,20011009,10.02,10.5,10.02,10.39,10.12,0.27,2.67,782.19,802.0122
000673.SZ,20011008,10.58,10.6,10.1,10.12,10.77,-0.65,-6.04,1228.0,1281.615
000673.SZ,20010928,11.07,11.07,10.7,10.77,10.83,-0.06,-0.55,582.28,628.2441
000673.SZ,20010927,10.95,10.98,10.8,10.83,10.85,-0.02,-0.18,691.73,750.7365
000673.SZ,20010926,11.02,11.12,10.84,10.85,11.06,-0.21,-1.9,1072.7,1170.7286
000673.SZ,20010925,11.18,11.18,11.03,11.06,11.05,0.01,0.09,462.0,511.689
000673.SZ,20010924,11.1,11.25,11.01,11.05,11.1,-0.05,-0.45,712.5,789.959
000673.SZ,20010921,11.1,11.22,11.08,11.1,11.19,-0.09,-0.8,734.2,816.9126
000673.SZ,20010920,11.16,11.35,11.16,11.19,11.16,0.03,0.27,707.0,798.099
000673.SZ,20010919,11.09,11.25,10.98,11.16,11.06,0.1,0.9,802.44,888.9736
000673.SZ,20010918,10.95,11.46,10.95,11.06,10.98,0.08,0.73,1201.2,1331.3726
000673.SZ,20010917,11.41,11.41,10.98,10.98,11.41,-0.43,-3.77,3524.85,3906.847
000673.SZ,20010914,11.61,11.7,11.38,11.41,11.51,-0.1,-0.87,1283.56,1467.3206
000673.SZ,20010913,11.6,11.8,11.5,11.51,11.63,-0.12,-1.03,900.79,1044.4247
000673.SZ,20010912,11.5,11.7,11.24,11.63,11.8,-0.17,-1.44,1914.09,2207.3976
000673.SZ,20010911,11.67,11.85,11.61,11.8,11.67,0.13,1.11,1181.74,1392.4769
000673.SZ,20010910,11.27,11.76,11.17,11.67,11.32,0.35,3.09,1096.46,1262.7111
000673.SZ,20010907,11.64,11.68,11.3,11.32,11.75,-0.43,-3.66,1339.98,1537.1207
000673.SZ,20010906,11.79,11.8,11.61,11.75,11.75,0.0,0.0,826.74,969.2364
000673.SZ,20010905,11.85,11.96,11.7,11.75,11.76,-0.01,-0.09,1793.0,2121.2279
000673.SZ,20010904,11.28,11.78,11.26,11.76,11.33,0.43,3.8,1134.94,1317.4587
000673.SZ,20010903,11.55,11.55,11.28,11.33,11.55,-0.22,-1.9,1388.0,1582.091
000673.SZ,20010831,11.69,11.72,11.5,11.55,11.63,-0.08,-0.69,883.3,1024.399
000673.SZ,20010830,11.7,11.8,11.6,11.63,11.72,-0.09,-0.77,768.0,897.7792
000673.SZ,20010829,11.7,12.03,11.7,11.72,11.85,-0.13,-1.1,1709.06,2027.341
000673.SZ,20010828,11.7,11.85,11.45,11.85,11.71,0.14,1.2,2498.39,2905.2965
000673.SZ,20010827,12.23,12.23,11.7,11.71,12.24,-0.53,-4.33,2923.0,3469.21
000673.SZ,20010824,12.31,12.38,12.16,12.24,12.27,-0.03,-0.24,1241.97,1523.4534
000673.SZ,20010823,12.17,12.35,12.08,12.27,12.27,0.0,0.0,966.5,1180.395
000673.SZ,20010822,12.45,12.5,12.25,12.27,12.56,-0.29,-2.31,1728.59,2132.2328
000673.SZ,20010821,12.46,12.61,12.46,12.56,12.46,0.1,0.8,1028.78,1290.2956
000673.SZ,20010820,12.45,12.55,12.38,12.46,12.45,0.01,0.08,1169.3,1454.6501
000673.SZ,20010817,12.39,12.54,12.39,12.45,12.45,0.0,0.0,880.13,1095.6467
000673.SZ,20010816,12.65,12.68,12.45,12.45,12.6,-0.15,-1.19,1430.0,1788.3369
000673.SZ,20010815,12.5,12.66,12.46,12.6,12.54,0.06,0.48,1436.57,1804.9662
000673.SZ,20010814,12.7,12.84,12.45,12.54,12.7,-0.16,-1.26,2167.4,2739.459
000673.SZ,20010813,12.7,12.86,12.58,12.7,12.72,-0.02,-0.16,1697.52,2161.563
000673.SZ,20010810,12.58,12.85,12.58,12.72,12.57,0.15,1.19,2645.47,3369.9531
000673.SZ,20010809,12.31,12.65,12.31,12.57,12.31,0.26,2.11,1815.08,2279.5634
000673.SZ,20010808,12.4,12.45,12.21,12.31,12.38,-0.07,-0.57,1763.87,2169.7736
000673.SZ,20010807,12.04,12.5,11.98,12.38,12.22,0.16,1.31,2336.6,2840.3082
000673.SZ,20010806,12.81,12.82,12.1,12.22,12.8,-0.58,-4.53,5127.75,6345.7198
000673.SZ,20010803,12.93,12.95,12.6,12.8,12.92,-0.12,-0.93,2632.5,3369.5815
000673.SZ,20010802,13.13,13.14,12.45,12.92,13.03,-0.11,-0.84,4179.11,5340.4615
000673.SZ,20010801,12.45,13.07,12.42,13.03,12.49,0.54,4.32,4955.43,6335.2625
000673.SZ,20010731,13.0,13.3,12.42,12.49,13.8,-1.31,-9.49,11269.6,14428.9444
000673.SZ,20010727,14.0,14.18,13.8,13.8,14.06,-0.26,-1.85,7516.17,10461.9892
000673.SZ,20010726,13.99,14.38,13.8,14.06,13.92,0.14,1.01,20255.18,28727.9195
000673.SZ,20010725,13.8,14.04,13.66,13.92,13.81,0.11,0.8,4632.74,6431.1995
000673.SZ,20010724,14.06,14.08,13.71,13.81,14.16,-0.35,-2.47,8920.5,12409.0803
000673.SZ,20010723,14.08,14.39,14.02,14.16,14.02,0.14,1.0,21125.7,30151.1426
000673.SZ,20010720,13.71,14.18,13.68,14.02,13.7,0.32,2.34,13174.2,18458.254
000673.SZ,20010719,13.58,13.72,13.38,13.7,13.6,0.1,0.74,1994.74,2721.4794
000673.SZ,20010718,13.51,13.6,13.4,13.6,13.5,0.1,0.74,1411.54,1905.6837
000673.SZ,20010717,13.43,13.5,13.21,13.5,13.43,0.07,0.52,2242.22,2985.2124
000673.SZ,20010716,13.68,13.8,13.42,13.43,13.47,-0.04,-0.3,2526.0,3419.864
000673.SZ,20010713,13.5,13.74,13.42,13.47,13.5,-0.03,-0.22,1597.49,2168.0836
000673.SZ,20010712,13.42,13.53,13.39,13.5,13.42,0.08,0.6,4036.56,5424.4645
000673.SZ,20010711,13.91,13.91,13.32,13.42,13.84,-0.42,-3.03,5846.39,7929.1559
000673.SZ,20010710,13.88,13.88,13.66,13.84,13.67,0.17,1.24,2947.35,4067.1404
000673.SZ,20010709,13.55,13.7,13.55,13.67,13.6,0.07,0.51,2338.47,3190.2104
000673.SZ,20010706,13.62,13.72,13.45,13.6,13.62,-0.02,-0.15,4327.48,5892.8579
000673.SZ,20010705,13.82,13.82,13.59,13.62,13.85,-0.23,-1.66,5372.68,7327.1639
000673.SZ,20010704,13.99,14.12,13.85,13.85,13.99,-0.14,-1.0,4090.0,5686.3007
000673.SZ,20010703,14.13,14.13,13.81,13.99,14.13,-0.14,-0.99,6361.71,8846.7167
000673.SZ,20010702,14.34,14.37,14.08,14.13,14.16,-0.03,-0.21,13393.06,19068.9204
000673.SZ,20010629,14.0,14.28,13.95,14.16,13.87,0.29,2.09,19539.27,27728.5345
000673.SZ,20010628,13.98,14.1,13.82,13.87,13.98,-0.11,-0.79,7073.69,9857.0246
000673.SZ,20010627,13.77,14.05,13.7,13.98,13.8,0.18,1.3,10872.48,15115.119
000673.SZ,20010626,13.77,13.8,13.67,13.8,13.75,0.05,0.36,6038.99,8314.5995
000673.SZ,20010625,13.47,13.8,13.42,13.75,13.47,0.28,2.08,6010.9,8237.5453
000673.SZ,20010622,13.56,13.56,13.45,13.47,13.5,-0.03,-0.22,3323.88,4485.5292
000673.SZ,20010621,13.26,13.52,13.26,13.5,13.3,0.2,1.5,2699.5,3628.285
000673.SZ,20010620,13.45,13.45,13.26,13.3,13.4,-0.1,-0.75,2560.1,3425.1081
000673.SZ,20010619,13.23,13.49,13.23,13.4,13.28,0.12,0.9,3294.0,4397.5253
000673.SZ,20010618,13.75,13.75,13.18,13.28,13.6,-0.32,-2.35,6363.37,8532.8977
000673.SZ,20010615,13.4,13.65,13.4,13.6,13.46,0.14,1.04,6253.58,8483.8222
000673.SZ,20010614,13.89,13.92,13.4,13.46,13.91,-0.45,-3.24,8171.57,11208.8652
000673.SZ,20010613,13.89,13.95,13.82,13.91,13.83,0.08,0.58,8375.88,11635.5047
000673.SZ,20010612,13.5,13.84,13.5,13.83,13.5,0.33,2.44,9123.72,12556.6683
000673.SZ,20010611,13.49,13.6,13.4,13.5,13.5,0.0,0.0,5988.3,8093.9111
000673.SZ,20010608,13.73,13.76,13.45,13.5,13.71,-0.21,-1.53,6886.89,9331.9875
000673.SZ,20010607,13.65,13.85,13.6,13.71,13.65,0.06,0.44,11763.4,16181.5243
000673.SZ,20010606,13.61,13.68,13.46,13.65,13.61,0.04,0.29,9599.04,13029.648
000673.SZ,20010605,13.63,13.65,13.53,13.61,13.58,0.03,0.22,11734.78,15950.9866
000673.SZ,20010604,13.5,13.69,13.43,13.58,13.37,0.21,1.57,21602.98,29370.111
000673.SZ,20010601,13.25,13.39,13.15,13.37,13.22,0.15,1.13,9802.34,13038.3444
000673.SZ,20010531,13.18,13.3,13.15,13.22,13.1,0.12,0.92,9056.48,12001.0061
000673.SZ,20010530,12.8,13.14,12.8,13.1,12.78,0.32,2.5,5177.58,6749.3052
000673.SZ,20010529,12.75,12.87,12.7,12.78,12.75,0.03,0.24,2052.8,2626.4983
000673.SZ,20010528,12.9,12.9,12.61,12.75,12.9,-0.15,-1.16,2976.46,3807.2273
000673.SZ,20010525,12.89,13.0,12.88,12.9,12.89,0.01,0.08,2390.3,3088.7593
000673.SZ,20010524,12.86,13.0,12.86,12.89,12.86,0.03,0.23,3232.76,4176.9414
000673.SZ,20010523,13.1,13.1,12.75,12.86,13.1,-0.24,-1.83,3262.4,4209.1487
000673.SZ,20010522,13.2,13.24,13.08,13.1,13.15,-0.05,-0.38,3005.2,3943.5944
000673.SZ,20010521,13.0,13.18,13.0,13.15,12.97,0.18,1.39,4090.31,5365.2066
000673.SZ,20010518,13.0,13.0,12.9,12.97,13.03,-0.06,-0.46,3256.02,4211.5564
000673.SZ,20010517,13.13,13.2,13.01,13.03,13.12,-0.09,-0.69,2582.0,3374.6342
000673.SZ,20010516,12.95,13.29,12.88,13.12,12.86,0.26,2.02,5081.1,6654.4176
000673.SZ,20010515,12.99,12.99,12.85,12.86,12.97,-0.11,-0.85,2160.88,2785.0354
000673.SZ,20010514,12.85,13.0,12.81,12.97,12.85,0.12,0.93,2985.94,3866.6134
000673.SZ,20010511,12.81,12.88,12.71,12.85,12.85,0.0,0.0,1440.71,1844.3938
000673.SZ,20010510,12.74,12.85,12.7,12.85,12.75,0.1,0.78,1591.0,2032.0
000673.SZ,20010509,12.9,12.9,12.72,12.75,12.89,-0.14,-1.09,1449.0,1858.0695
000673.SZ,20010508,12.75,12.9,12.71,12.89,12.7,0.19,1.5,1230.85,1573.8046
000673.SZ,20010430,12.6,12.71,12.51,12.7,12.6,0.1,0.79,1140.0,1441.0
000673.SZ,20010427,12.5,12.68,12.5,12.6,12.5,0.1,0.8,1795.09,2261.4638
000673.SZ,20010426,12.68,12.76,12.6,12.6,12.72,-0.12,-0.94,3002.5,3800.515
000673.SZ,20010425,12.81,12.99,12.7,12.72,12.81,-0.09,-0.7,3405.0,4382.2403
000673.SZ,20010424,12.76,12.85,12.71,12.81,12.76,0.05,0.39,2284.0,2924.0
000673.SZ,20010423,12.85,12.9,12.68,12.76,12.88,-0.12,-0.93,3933.72,5011.132
000673.SZ,20010420,13.0,13.02,12.87,12.88,12.94,-0.06,-0.46,4143.0,5356.6488
000673.SZ,20010419,13.07,13.1,12.85,12.94,13.08,-0.14,-1.07,4427.8,5742.2643
000673.SZ,20010418,13.18,13.2,13.06,13.08,13.14,-0.06,-0.46,3610.77,4731.5333
000673.SZ,20010417,13.15,13.25,12.96,13.14,13.1,0.04,0.31,5257.96,6896.1546
000673.SZ,20010416,13.1,13.19,13.03,13.1,13.09,0.01,0.08,5960.98,7807.5757
000673.SZ,20010413,13.2,13.2,13.04,13.09,13.16,-0.07,-0.53,3228.8,4226.579
000673.SZ,20010412,13.17,13.28,13.1,13.16,13.15,0.01,0.08,3518.5,4643.0788
000673.SZ,20010411,13.2,13.22,13.11,13.15,13.19,-0.04,-0.3,3255.67,4282.4891
000673.SZ,20010410,13.24,13.25,13.15,13.19,13.25,-0.06,-0.45,3151.58,4158.6142
000673.SZ,20010409,13.17,13.28,13.0,13.25,13.28,-0.03,-0.23,3955.03,5206.0898
000673.SZ,20010406,13.31,13.38,13.21,13.28,13.2,0.08,0.61,5253.26,6969.9323
000673.SZ,20010405,13.0,13.21,12.9,13.2,13.01,0.19,1.46,5507.62,7177.8664
000673.SZ,20010404,13.39,13.42,12.96,13.01,13.39,-0.38,-2.84,9129.0,12046.4249
000673.SZ,20010403,13.5,13.5,13.21,13.39,13.47,-0.08,-0.59,9655.0,12871.1319
000673.SZ,20010402,13.5,13.58,13.4,13.47,13.25,0.22,1.66,24913.33,33568.9288
000673.SZ,20010330,13.2,13.33,13.18,13.25,13.15,0.1,0.76,10533.41,13950.2554
000673.SZ,20010329,13.1,13.22,13.09,13.15,13.04,0.11,0.84,12873.15,16944.7518
000673.SZ,20010328,12.95,13.05,12.77,13.04,12.86,0.18,1.4,8229.51,10609.9651
000673.SZ,20010327,12.98,13.03,12.8,12.86,12.94,-0.08,-0.62,5726.06,7368.7381
000673.SZ,20010326,12.8,12.95,12.7,12.94,12.8,0.14,1.09,5106.1,6549.2761
000673.SZ,20010323,12.8,13.08,12.8,12.8,12.58,0.22,1.75,24314.79,31392.0361
000673.SZ,20010322,12.71,12.8,12.58,12.58,12.66,-0.08,-0.63,11453.68,14546.5089
000673.SZ,20010321,12.4,12.68,12.37,12.66,12.35,0.31,2.51,6815.48,8541.052
000673.SZ,20010320,12.58,12.58,12.33,12.35,12.34,0.01,0.08,4981.59,6174.8768
000673.SZ,20010319,12.25,12.45,12.25,12.34,12.3,0.04,0.33,3273.47,4024.6965
000673.SZ,20010316,12.37,12.38,12.16,12.3,12.37,-0.07,-0.57,4056.78,4963.4691
000673.SZ,20010315,12.27,12.5,12.22,12.37,12.28,0.09,0.73,6535.61,8056.4122
000673.SZ,20010314,12.3,12.37,12.22,12.28,12.29,-0.01,-0.08,2319.98,2847.6089
000673.SZ,20010313,12.66,12.66,12.24,12.29,12.56,-0.27,-2.15,2372.64,2924.9171
000673.SZ,20010312,12.48,12.6,12.48,12.56,12.37,0.19,1.54,3446.22,4321.6802
000673.SZ,20010308,12.23,12.39,12.2,12.37,12.19,0.18,1.48,2288.75,2817.3054
000673.SZ,20010307,12.14,12.3,12.09,12.19,12.19,0.0,0.0,1808.53,2192.836
000673.SZ,20010306,12.13,12.2,12.06,12.19,12.16,0.03,0.25,1153.26,1395.8405
000673.SZ,20010305,12.3,12.3,12.12,12.16,12.28,-0.12,-0.98,1386.62,1687.9011
000673.SZ,20010302,12.3,12.3,12.25,12.28,12.26,0.02,0.16,1530.71,1879.0289
000673.SZ,20010301,12.22,12.45,12.06,12.26,12.21,0.05,0.41,914.05,1116.978
000673.SZ,20010228,12.32,12.45,12.19,12.21,12.34,-0.13,-1.05,1261.8,1548.129
000673.SZ,20010227,12.48,12.5,12.29,12.34,12.45,-0.11,-0.88,1067.7,1317.4602
000673.SZ,20010226,12.24,12.45,12.18,12.45,12.24,0.21,1.72,1743.28,2145.3066
000673.SZ,20010223,12.05,12.25,12.05,12.24,12.08,0.16,1.32,1595.82,1940.9568
000673.SZ,20010222,11.99,12.09,11.98,12.08,12.05,0.03,0.25,1956.1,2357.3253
000673.SZ,20010221,12.02,12.06,11.73,12.05,12.01,0.04,0.33,2487.31,2943.6304
000673.SZ,20010220,12.05,12.15,12.0,12.01,12.04,-0.03,-0.25,865.3,1045.6383
000673.SZ,20010219,12.04,12.1,11.91,12.04,11.99,0.05,0.42,1183.3,1419.1761
000673.SZ,20010216,12.0,12.0,11.86,11.99,12.06,-0.07,-0.58,1244.25,1484.118
000673.SZ,20010215,12.07,12.13,12.05,12.06,12.04,0.02,0.17,604.67,730.1212
000673.SZ,20010214,12.0,12.1,11.99,12.04,12.01,0.03,0.25,667.01,804.3749
000673.SZ,20010213,11.91,12.1,11.91,12.01,12.01,0.0,0.0,1004.09,1208.8022
000673.SZ,20010212,12.12,12.2,11.91,12.01,12.12,-0.11,-0.91,1168.75,1401.7616
000673.SZ,20010209,12.0,12.29,12.0,12.12,11.99,0.13,1.08,1255.35,1520.8128
000673.SZ,20010208,12.28,12.54,11.91,11.99,12.44,-0.45,-3.62,1201.4,1472.9917
000673.SZ,20010207,12.31,12.47,12.27,12.44,12.27,0.17,1.39,1143.98,1417.8227
000673.SZ,20010206,12.35,12.4,12.11,12.27,12.41,-0.14,-1.13,1462.4,1785.2394
000673.SZ,20010205,12.68,12.68,12.4,12.41,12.59,-0.18,-1.43,1157.47,1442.0098
000673.SZ,20010119,12.45,12.6,12.4,12.59,12.45,0.14,1.12,1339.86,1682.5846
000673.SZ,20010118,12.36,12.5,12.36,12.45,12.44,0.01,0.08,1316.0,1637.3705
000673.SZ,20010117,12.45,12.52,12.44,12.44,12.51,-0.07,-0.56,1260.0,1570.981
000673.SZ,20010116,12.46,12.59,12.33,12.51,12.46,0.05,0.4,2115.58,2624.961
000673.SZ,20010115,12.8,12.8,12.45,12.46,12.81,-0.35,-2.73,2884.7,3623.6385
000673.SZ,20010112,12.98,12.98,12.8,12.81,12.98,-0.17,-1.31,1847.91,2372.1133
000673.SZ,20010111,13.11,13.18,12.96,12.98,13.07,-0.09,-0.69,4047.0,5294.4538
000673.SZ,20010110,12.9,13.1,12.9,13.07,12.9,0.17,1.32,4178.71,5428.2084
000673.SZ,20010109,12.89,12.9,12.8,12.9,12.87,0.03,0.23,2445.8,3144.4527
000673.SZ,20010108,12.98,13.0,12.78,12.87,12.99,-0.12,-0.92,3353.69,4303.1014
000673.SZ,20010105,12.8,12.99,12.68,12.99,12.78,0.21,1.64,3712.02,4734.3625
000673.SZ,20010104,13.0,13.02,12.78,12.78,12.99,-0.21,-1.62,3318.7,4268.3098
000673.SZ,20010103,12.96,13.01,12.89,12.99,12.96,0.03,0.23,5285.48,6838.4422
000673.SZ,20010102,12.8,12.98,12.8,12.96,12.76,0.2,1.57,3800.62,4907.4417
000673.SZ,20001229,12.66,12.82,12.66,12.76,12.66,0.1,0.79,1783.32,2274.0956
000673.SZ,20001228,12.56,12.67,12.56,12.66,12.56,0.1,0.8,2480.1,3125.5054
000673.SZ,20001227,12.6,12.73,12.55,12.56,12.62,-0.06,-0.48,1872.0,2365.7592
000673.SZ,20001226,12.46,12.82,12.46,12.62,12.55,0.07,0.56,1886.52,2380.5462
000673.SZ,20001225,12.45,12.66,12.34,12.55,12.41,0.14,1.13,2478.07,3084.5017
000673.SZ,20001222,12.52,12.52,12.35,12.41,12.53,-0.12,-0.96,2268.17,2811.9914
000673.SZ,20001221,12.59,12.64,12.5,12.53,12.59,-0.06,-0.48,2064.3,2596.566
000673.SZ,20001220,12.46,12.6,12.31,12.59,12.45,0.14,1.12,1849.8,2302.5141
000673.SZ,20001219,12.36,12.57,12.36,12.45,12.36,0.09,0.73,1389.65,1729.5238
000673.SZ,20001218,12.38,12.39,12.15,12.36,12.41,-0.05,-0.4,2492.28,3052.9067
000673.SZ,20001215,12.6,12.6,12.4,12.41,12.46,-0.05,-0.4,1745.5,2170.8526
000673.SZ,20001214,12.6,12.65,12.45,12.46,12.64,-0.18,-1.42,1865.0,2346.592
000673.SZ,20001213,12.68,12.68,12.5,12.64,12.61,0.03,0.24,1616.0,2035.029
000673.SZ,20001212,12.4,12.65,12.4,12.61,12.53,0.08,0.64,2312.11,2885.4922
000673.SZ,20001211,12.8,12.8,12.5,12.53,12.86,-0.33,-2.57,3212.57,4061.842
000673.SZ,20001208,12.73,12.95,12.65,12.86,12.74,0.12,0.94,2997.35,3839.2652
000673.SZ,20001207,12.8,12.87,12.61,12.74,12.87,-0.13,-1.01,4327.7,5505.3182
000673.SZ,20001206,13.16,13.23,12.81,12.87,13.16,-0.29,-2.2,6934.0,9019.4146
000673.SZ,20001205,13.29,13.34,13.12,13.16,13.29,-0.13,-0.98,7577.54,10004.7782
000673.SZ,20001204,13.5,13.58,13.18,13.29,13.38,-0.09,-0.67,13886.06,18514.634
000673.SZ,20001201,12.86,13.4,12.86,13.38,12.82,0.56,4.37,49180.19,64388.9637
000673.SZ,20001130,12.8,12.85,12.61,12.82,12.8,0.02,0.16,4322.4,5500.0793
000673.SZ,20001129,12.83,12.85,12.65,12.8,12.83,-0.03,-0.23,4876.99,6207.0068
000673.SZ,20001128,12.4,12.83,12.4,12.83,12.37,0.46,3.72,7642.47,9632.8016
000673.SZ,20001127,12.01,12.6,12.01,12.37,12.52,-0.15,-1.2,5722.15,7121.8153
000673.SZ,20001124,12.88,12.94,12.4,12.52,12.88,-0.36,-2.8,9130.04,11643.7684
000673.SZ,20001123,12.73,12.95,12.73,12.88,12.73,0.15,1.18,9123.08,11706.3167
000673.SZ,20001122,12.63,12.75,12.52,12.73,12.62,0.11,0.87,6403.0,8124.031
000673.SZ,20001121,12.71,12.79,12.61,12.62,12.71,-0.09,-0.71,6468.4,8208.1186
000673.SZ,20001120,12.8,12.81,12.59,12.71,12.71,0.0,0.0,6656.15,8435.7626
000673.SZ,20001117,12.78,12.88,12.7,12.71,12.71,0.0,0.0,11660.0,14882.9473
000673.SZ,20001116,12.39,12.76,12.38,12.71,12.37,0.34,2.75,10590.0,13371.813
000673.SZ,20001115,12.35,12.45,12.23,12.37,12.33,0.04,0.32,8019.0,9880.5442
000673.SZ,20001114,12.46,12.46,12.1,12.33,12.4,-0.07,-0.56,8149.0,9948.947
000673.SZ,20001113,12.36,12.49,12.3,12.4,12.37,0.03,0.24,5991.0,7427.0075
000673.SZ,20001110,12.16,12.45,12.05,12.37,12.16,0.21,1.73,7427.0,9107.3067
000673.SZ,20001109,12.15,12.24,11.98,12.16,12.08,0.08,0.66,4596.0,5541.0274
000673.SZ,20001108,12.2,12.2,11.98,12.08,12.16,-0.08,-0.66,5970.0,7182.4612
000673.SZ,20001107,12.16,12.27,11.95,12.16,12.15,0.01,0.08,4552.0,5480.0034
000673.SZ,20001106,12.1,12.38,11.91,12.15,12.04,0.11,0.91,4252.0,5147.3956
000673.SZ,20001103,12.19,12.2,11.97,12.04,12.2,-0.16,-1.31,2111.0,2539.806
000673.SZ,20001102,12.23,12.47,12.1,12.2,12.2,0.0,0.0,4560.0,5618.0646
000673.SZ,20001101,12.21,12.24,12.1,12.2,12.15,0.05,0.41,1200.0,1460.7446
000673.SZ,20001031,12.0,12.28,11.91,12.15,12.02,0.13,1.08,2606.0,3133.5214
000673.SZ,20001030,12.16,12.16,11.9,12.02,12.16,-0.14,-1.15,3528.0,4232.4729
000673.SZ,20001027,12.4,12.4,12.02,12.16,12.41,-0.25,-2.01,3313.0,4041.21
000673.SZ,20001026,12.45,12.58,12.4,12.41,12.45,-0.04,-0.32,3376.0,4212.1779
000673.SZ,20001025,12.36,12.48,12.3,12.45,12.36,0.09,0.73,3890.0,4818.7464
000673.SZ,20001024,12.51,12.52,12.28,12.36,12.51,-0.15,-1.2,2590.0,3205.75
000673.SZ,20001023,12.5,12.63,12.21,12.51,12.45,0.06,0.48,3881.0,4832.3977
000673.SZ,20001020,12.55,12.55,12.3,12.45,12.65,-0.2,-1.58,4267.0,5292.6812
000673.SZ,20001019,12.8,12.85,12.45,12.65,12.56,0.09,0.72,11365.0,14348.1392
000673.SZ,20001018,12.58,12.6,12.31,12.56,12.61,-0.05,-0.4,5064.0,6297.352
000673.SZ,20001017,12.67,12.7,12.18,12.61,12.69,-0.08,-0.63,11614.0,14475.6211
000673.SZ,20001016,12.5,12.9,12.45,12.69,12.2,0.49,4.02,25003.0,31666.1162
000673.SZ,20001013,11.55,12.45,11.55,12.2,11.47,0.73,6.36,16380.0,19774.2732
000673.SZ,20001012,11.3,11.56,11.3,11.47,11.39,0.08,0.7,3078.0,3529.1967
000673.SZ,20001011,11.25,11.56,11.2,11.39,11.28,0.11,0.98,3786.0,4325.1684
000673.SZ,20001010,11.27,11.3,10.71,11.28,11.14,0.14,1.26,2271.0,2532.9019
000673.SZ,20001009,11.14,11.58,11.03,11.14,11.14,0.0,0.0,1843.0,2062.4265
000673.SZ,20000929,11.0,11.2,10.71,11.14,10.92,0.22,2.01,2863.0,3157.4949
000673.SZ,20000928,11.29,11.29,10.88,10.92,11.22,-0.3,-2.67,2650.0,2930.4078
000673.SZ,20000927,11.2,11.3,11.1,11.22,11.2,0.02,0.18,4100.0,4576.3952
000673.SZ,20000926,11.05,11.3,11.05,11.2,11.16,0.04,0.36,2170.0,2420.8252
000673.SZ,20000925,11.09,11.4,11.0,11.16,11.09,0.07,0.63,8134.0,9011.8472
000673.SZ,20000922,11.41,11.41,11.03,11.09,11.39,-0.3,-2.63,1934.0,2157.6628
000673.SZ,20000921,11.63,11.89,11.35,11.39,11.67,-0.28,-2.4,2372.0,2752.5955
000673.SZ,20000920,11.42,11.99,11.42,11.67,11.61,0.06,0.52,3820.0,4451.576
000673.SZ,20000919,11.72,11.81,11.48,11.61,11.91,-0.3,-2.52,2060.0,2399.5959
000673.SZ,20000918,11.9,12.3,11.75,11.91,11.9,0.01,0.08,1897.0,2279.1605
000673.SZ,20000915,12.0,12.06,11.63,11.9,12.07,-0.17,-1.41,3307.0,3906.57
000673.SZ,20000914,12.15,12.16,12.0,12.07,12.03,0.04,0.33,3151.0,3799.4754
000673.SZ,20000913,12.01,12.39,11.95,12.03,12.18,-0.15,-1.23,3578.0,4343.2515
000673.SZ,20000912,11.72,12.25,11.62,12.18,11.69,0.49,4.19,7738.0,9168.7256
000673.SZ,20000911,11.74,11.8,11.62,11.69,11.74,-0.05,-0.43,2168.0,2530.0254
000673.SZ,20000908,11.8,11.98,11.61,11.74,11.8,-0.06,-0.51,2147.0,2519.7347
000673.SZ,20000907,11.68,11.98,11.6,11.8,11.7,0.1,0.85,2657.0,3128.0
000673.SZ,20000906,12.06,12.18,11.66,11.7,12.18,-0.48,-3.94,3851.0,4565.591
000673.SZ,20000905,12.45,12.57,12.12,12.18,12.57,-0.39,-3.1,2127.0,2620.8144
000673.SZ,20000904,12.62,12.64,12.15,12.57,12.65,-0.08,-0.63,4232.0,5244.8682
000673.SZ,20000901,12.65,12.8,12.63,12.65,12.65,0.0,0.0,3003.0,3809.2151
000673.SZ,20000831,12.96,12.96,12.63,12.65,13.0,-0.35,-2.69,5447.0,6976.2113
000673.SZ,20000830,13.33,13.33,13.0,13.0,13.19,-0.19,-1.44,4070.0,5363.291
000673.SZ,20000829,13.02,13.19,12.88,13.19,13.0,0.19,1.46,7732.0,10025.4497
000673.SZ,20000828,13.1,13.15,12.96,13.0,13.14,-0.14,-1.07,3313.0,4309.6409
000673.SZ,20000825,12.95,13.14,12.9,13.14,12.95,0.19,1.47,3249.0,4219.2332
000673.SZ,20000824,12.98,13.04,12.85,12.95,13.0,-0.05,-0.38,4395.0,5688.1567
000673.SZ,20000823,13.27,13.27,12.62,13.0,13.35,-0.35,-2.62,6126.0,7934.3731
000673.SZ,20000822,13.35,13.45,13.22,13.35,13.28,0.07,0.53,7236.0,9676.4851
000673.SZ,20000821,13.3,13.35,13.1,13.28,13.27,0.01,0.08,7899.0,10409.5298
000673.SZ,20000818,13.19,13.31,13.1,13.27,13.25,0.02,0.15,3389.0,4464.9476
000673.SZ,20000817,13.4,13.47,13.0,13.25,13.4,-0.15,-1.12,4053.0,5377.5648
000673.SZ,20000816,13.48,13.56,13.38,13.4,13.47,-0.07,-0.52,3296.0,4435.3351
000673.SZ,20000815,13.45,13.5,13.28,13.47,13.47,0.0,0.0,3742.0,5022.1542
000673.SZ,20000814,13.45,13.55,13.45,13.47,13.42,0.05,0.37,6636.0,8956.4319
000673.SZ,20000811,13.55,13.68,13.33,13.42,13.53,-0.11,-0.81,9724.0,13141.5649
000673.SZ,20000810,13.15,13.67,13.11,13.53,13.1,0.43,3.28,20137.0,27165.0272
000673.SZ,20000809,13.0,13.19,12.98,13.1,13.05,0.05,0.38,3333.0,4350.0617
000673.SZ,20000808,12.91,13.17,12.91,13.05,12.99,0.06,0.46,4016.0,5231.6464
000673.SZ,20000807,13.21,13.21,12.93,12.99,13.21,-0.22,-1.67,3466.0,4502.1321
000673.SZ,20000804,13.3,13.54,13.1,13.21,13.4,-0.19,-1.42,4936.0,6553.8238
000673.SZ,20000803,13.41,13.51,13.3,13.4,13.4,0.0,0.0,9626.0,12900.5488
000673.SZ,20000802,13.19,13.53,13.15,13.4,13.18,0.22,1.67,13069.0,17449.5452
000673.SZ,20000801,13.05,13.22,13.0,13.18,13.04,0.14,1.07,4472.0,5871.8863
000673.SZ,20000731,12.99,13.2,12.8,13.04,13.29,-0.25,-1.88,5916.0,7736.7362
000673.SZ,20000728,12.95,13.3,12.95,13.29,12.97,0.32,2.47,8127.0,10681.6518
000673.SZ,20000727,13.1,13.1,12.85,12.97,13.0,-0.03,-0.23,4610.0,5963.4329
000673.SZ,20000726,12.86,13.05,12.8,13.0,12.86,0.14,1.09,6160.0,7950.9292
000673.SZ,20000725,12.98,13.0,12.7,12.86,12.99,-0.13,-1.0,5087.0,6528.2385
000673.SZ,20000724,13.05,13.08,12.82,12.99,13.05,-0.06,-0.46,3761.0,4851.2026
000673.SZ,20000721,13.1,13.15,12.98,13.05,13.17,-0.12,-0.91,5687.0,7413.8063
000673.SZ,20000720,13.08,13.24,12.98,13.17,13.08,0.09,0.69,4945.0,6466.2426
000673.SZ,20000719,13.11,13.15,13.05,13.08,13.1,-0.02,-0.15,3393.0,4441.5559
000673.SZ,20000718,13.05,13.18,13.03,13.1,13.05,0.05,0.38,2369.0,3100.2745
000673.SZ,20000717,13.17,13.21,12.98,13.05,13.16,-0.11,-0.84,4646.0,6057.6785
000673.SZ,20000714,13.38,13.38,13.15,13.16,13.36,-0.2,-1.5,4969.0,6559.7098
000673.SZ,20000713,13.17,13.41,13.15,13.36,13.15,0.21,1.6,8713.0,11567.1999
000673.SZ,20000712,13.39,13.45,13.09,13.15,13.38,-0.23,-1.72,5224.0,6899.2455
000673.SZ,20000711,13.0,13.4,12.77,13.38,13.02,0.36,2.77,10584.0,13670.1839
000673.SZ,20000710,13.28,13.3,12.99,13.02,13.28,-0.26,-1.96,7893.0,10290.5842
000673.SZ,20000707,13.18,13.41,13.17,13.28,13.14,0.14,1.07,4077.0,5408.7572
000673.SZ,20000706,13.14,13.25,13.05,13.14,13.14,0.0,0.0,2451.0,3213.1386
000673.SZ,20000705,13.1,13.3,13.1,13.14,13.09,0.05,0.38,3005.0,3959.454
000673.SZ,20000704,13.02,13.34,13.0,13.09,13.05,0.04,0.31,4266.0,5593.28
000673.SZ,20000703,13.5,13.5,13.0,13.05,13.55,-0.5,-3.69,7167.0,9389.1498
000673.SZ,20000630,13.69,13.8,13.5,13.55,13.69,-0.14,-1.02,6314.0,8539.8634
000673.SZ,20000629,13.81,13.95,13.58,13.69,13.8,-0.11,-0.8,4696.0,6465.7138
000673.SZ,20000628,13.83,13.88,13.5,13.8,13.8,0.0,0.0,11527.0,15716.3143
000673.SZ,20000627,13.98,14.0,13.8,13.8,13.98,-0.18,-1.29,7047.0,9746.4688
000673.SZ,20000626,13.99,14.09,13.89,13.98,13.99,-0.01,-0.07,5888.0,8204.816
000673.SZ,20000623,13.98,14.05,13.85,13.99,13.98,0.01,0.07,4595.0,6402.5592
000673.SZ,20000622,14.05,14.25,13.95,13.98,14.01,-0.03,-0.21,3404.0,4770.8788
000673.SZ,20000621,13.96,14.13,13.96,14.01,13.96,0.05,0.36,2598.0,3642.51
000673.SZ,20000620,13.95,14.29,13.9,13.96,13.95,0.01,0.07,4493.0,6299.5764
000673.SZ,20000619,14.05,14.08,13.85,13.95,14.1,-0.15,-1.06,4348.0,6061.0908
000673.SZ,20000616,14.29,14.37,14.05,14.1,14.27,-0.17,-1.19,5478.0,7747.3825
000673.SZ,20000615,14.13,14.8,14.13,14.27,14.13,0.14,0.99,12932.0,18702.8182
000673.SZ,20000614,14.25,14.33,14.0,14.13,14.33,-0.2,-1.4,10763.0,15197.7636
000673.SZ,20000613,14.28,14.35,14.1,14.33,14.28,0.05,0.35,7944.0,11268.561
000673.SZ,20000612,14.25,14.3,14.0,14.28,14.28,0.0,0.0,5096.0,7179.2399
000673.SZ,20000609,14.51,14.55,14.19,14.28,14.53,-0.25,-1.72,7484.0,10673.9548
000673.SZ,20000608,14.75,14.86,14.37,14.53,14.75,-0.22,-1.49,8803.0,12733.2019
000673.SZ,20000607,14.81,14.95,14.51,14.75,14.79,-0.04,-0.27,8650.0,12691.0747
000673.SZ,20000606,14.95,15.2,14.66,14.79,15.0,-0.21,-1.4,9124.0,13494.7227
000673.SZ,20000605,15.15,15.99,14.81,15.0,15.11,-0.11,-0.73,19157.0,29551.2005
000673.SZ,20000602,14.86,15.35,14.65,15.11,14.86,0.25,1.68,18486.0,27867.3585
000673.SZ,20000601,15.35,15.49,14.75,14.86,15.29,-0.43,-2.81,8852.0,13298.6769
000673.SZ,20000531,14.7,15.46,14.7,15.29,14.78,0.51,3.45,34585.0,52803.3508
000673.SZ,20000530,14.8,15.0,14.72,14.78,14.8,-0.02,-0.14,6122.0,9090.4824
000673.SZ,20000529,15.08,15.16,14.78,14.8,15.05,-0.25,-1.66,8702.0,12971.4923
000673.SZ,20000526,15.35,15.52,15.03,15.05,15.26,-0.21,-1.38,18552.0,28287.3557
000673.SZ,20000525,14.95,15.78,14.8,15.26,14.93,0.33,2.21,31092.0,47369.3129
000673.SZ,20000524,14.5,15.11,14.5,14.93,14.59,0.34,2.33,27323.0,40615.0734
000673.SZ,20000523,14.92,14.95,14.43,14.59,14.88,-0.29,-1.95,8303.0,12126.3946
000673.SZ,20000522,14.36,14.89,14.33,14.88,14.36,0.52,3.62,16494.0,24058.4317
000673.SZ,20000519,14.29,14.5,14.16,14.36,14.26,0.1,0.7,5805.0,8331.1502
000673.SZ,20000518,14.04,14.28,13.88,14.26,14.04,0.22,1.57,4220.0,5919.3944
000673.SZ,20000517,14.05,14.31,13.96,14.04,13.96,0.08,0.57,2840.0,4006.7399
000673.SZ,20000516,13.79,14.13,13.79,13.96,13.76,0.2,1.45,1940.0,2713.0564
000673.SZ,20000515,14.09,14.2,13.6,13.76,14.17,-0.41,-2.89,6871.0,9489.2083
000673.SZ,20000512,14.25,14.45,13.9,14.17,14.15,0.02,0.14,2659.0,3780.0423
000673.SZ,20000511,14.0,14.29,14.0,14.15,14.09,0.06,0.43,2904.0,4107.6057
000673.SZ,20000510,14.7,14.77,14.01,14.09,14.71,-0.62,-4.21,4214.0,6003.6539
000673.SZ,20000509,15.03,15.26,14.52,14.71,15.11,-0.4,-2.65,6170.0,9194.9802
000673.SZ,20000508,15.46,15.65,14.9,15.11,15.43,-0.32,-2.07,11706.0,17862.0093
000673.SZ,20000428,14.02,15.5,14.01,15.43,14.09,1.34,9.51,44426.0,66925.2631
000673.SZ,20000427,14.25,14.25,13.98,14.09,14.26,-0.17,-1.19,6090.0,8554.6807
000673.SZ,20000426,14.15,14.3,13.99,14.26,14.13,0.13,0.92,4671.0,6593.1077
000673.SZ,20000425,14.3,14.3,14.0,14.13,14.33,-0.2,-1.4,3223.0,4543.663
000673.SZ,20000424,14.21,14.55,14.11,14.33,14.38,-0.05,-0.35,4420.0,6347.445
000673.SZ,20000421,14.53,14.53,14.11,14.38,14.54,-0.16,-1.1,4503.0,6412.7543
000673.SZ,20000420,14.66,14.8,14.44,14.54,14.67,-0.13,-0.89,3361.0,4913.8099
000673.SZ,20000419,14.58,14.78,14.5,14.67,14.59,0.08,0.55,7083.0,10380.1328
000673.SZ,20000418,14.14,14.63,13.98,14.59,14.27,0.32,2.24,8086.0,11592.0
000673.SZ,20000417,14.2,14.31,13.95,14.27,14.37,-0.1,-0.7,4654.0,6547.9357
000673.SZ,20000414,14.37,14.44,14.17,14.37,14.47,-0.1,-0.69,3740.0,5326.5482
000673.SZ,20000413,14.4,14.5,14.15,14.47,14.59,-0.12,-0.82,7270.0,10399.5978
000673.SZ,20000412,14.75,14.75,14.25,14.59,14.75,-0.16,-1.08,4514.0,6499.961
000673.SZ,20000411,14.35,14.75,14.1,14.75,14.29,0.46,3.22,9854.0,14189.4878
000673.SZ,20000410,14.5,14.5,14.2,14.29,14.52,-0.23,-1.58,4989.0,7111.5142
000673.SZ,20000407,14.67,14.72,14.2,14.52,14.59,-0.07,-0.48,5781.0,8323.0773
000673.SZ,20000406,14.3,14.69,14.2,14.59,14.3,0.29,2.03,5192.0,7502.3234
000673.SZ,20000405,14.34,14.55,14.01,14.3,14.36,-0.06,-0.42,8368.0,11921.7491
000673.SZ,20000404,14.79,14.79,14.2,14.36,14.83,-0.47,-3.17,5240.0,7504.0282
000673.SZ,20000403,14.81,14.91,14.5,14.83,14.91,-0.08,-0.54,8546.0,12552.1673
000673.SZ,20000331,15.05,15.29,14.68,14.91,15.07,-0.16,-1.06,11173.0,16572.949
000673.SZ,20000330,15.1,15.1,14.8,15.07,15.07,0.0,0.0,6348.0,9486.5618
000673.SZ,20000329,15.08,15.32,14.8,15.07,15.09,-0.02,-0.13,13227.0,19998.7089
000673.SZ,20000328,15.0,15.35,14.77,15.09,15.1,-0.01,-0.07,13237.0,19750.2092
000673.SZ,20000327,15.31,15.31,14.7,15.1,15.31,-0.21,-1.37,10846.0,16210.6062
000673.SZ,20000324,15.7,15.72,14.8,15.31,14.91,0.4,2.68,17866.0,27557.9423
000673.SZ,20000322,14.4,15.05,14.3,14.91,14.4,0.51,3.54,14947.0,22172.7701
000673.SZ,20000321,14.2,14.71,14.2,14.4,14.42,-0.02,-0.14,10000.0,14495.5249
000673.SZ,20000320,14.0,14.43,13.5,14.42,14.07,0.35,2.49,12316.0,17252.0175
000673.SZ,20000317,13.2,14.08,13.2,14.07,13.48,0.59,4.38,12468.0,17135.1329
000673.SZ,20000316,14.63,14.63,13.2,13.48,14.62,-1.14,-7.8,15291.0,21057.2386
000673.SZ,20000315,15.0,15.1,14.0,14.62,15.0,-0.38,-2.53,5555.0,8183.2935
000673.SZ,20000314,14.99,15.0,14.4,15.0,15.16,-0.16,-1.06,8560.0,12516.7776
000673.SZ,20000313,15.35,15.35,14.6,15.16,15.34,-0.18,-1.17,10965.0,16380.6571
000673.SZ,20000310,15.5,15.9,15.01,15.34,15.36,-0.02,-0.13,9255.0,14332.5855
000673.SZ,20000309,15.7,15.8,15.1,15.36,15.65,-0.29,-1.85,9567.0,14767.274
000673.SZ,20000308,14.85,15.66,14.85,15.65,14.85,0.8,5.39,9492.0,14509.0912
000673.SZ,20000307,14.71,15.08,14.45,14.85,15.02,-0.17,-1.13,9571.0,14135.6015
000673.SZ,20000306,16.2,16.25,15.0,15.02,16.18,-1.16,-7.17,11762.0,18272.5621
000673.SZ,20000303,16.05,16.5,15.9,16.18,16.06,0.12,0.75,13784.0,22216.5123
000673.SZ,20000302,15.88,16.27,15.5,16.06,15.9,0.16,1.01,16167.0,25633.9206
000673.SZ,20000301,16.58,16.58,15.66,15.9,16.58,-0.68,-4.1,18872.0,30102.0
000673.SZ,20000229,16.99,17.13,15.87,16.58,16.93,-0.35,-2.07,27292.0,45197.3084
000673.SZ,20000228,15.68,16.96,15.2,16.93,15.69,1.24,7.9,36369.0,59391.5017
000673.SZ,20000225,16.3,16.6,15.5,15.69,16.23,-0.54,-3.33,40307.0,64722.799
000673.SZ,20000224,15.15,16.4,15.0,16.23,15.53,0.7,4.51,34053.0,52726.5194
000673.SZ,20000223,16.5,16.5,15.53,15.53,17.26,-1.73,-10.02,44683.0,70488.2145
000673.SZ,20000222,17.26,18.86,17.26,17.26,19.18,-1.92,-10.01,34223.0,61466.6219
000673.SZ,20000221,19.9,19.92,18.5,19.18,18.11,1.07,5.91,90711.0,175477.6294
000673.SZ,20000218,16.0,18.11,15.4,18.11,16.46,1.65,10.02,66727.0,114701.0586
000673.SZ,20000217,15.62,18.4,15.62,16.46,17.38,-0.92,-5.29,57499.0,98004.9733
000673.SZ,20000215,17.88,17.88,17.0,17.38,16.25,1.13,6.95,48360.0,86163.2915
000673.SZ,20000214,15.6,16.25,15.6,16.25,14.8,1.45,9.8,17742.0,28672.4022
000673.SZ,20000128,14.12,15.12,14.12,14.8,13.91,0.89,6.4,53914.0,79162.8073
000673.SZ,20000127,13.5,14.0,13.1,13.91,13.47,0.44,3.27,40460.0,55657.7877
000673.SZ,20000126,13.1,13.48,12.7,13.47,13.1,0.37,2.82,24283.0,31551.0
000673.SZ,20000125,13.9,14.15,12.9,13.1,13.86,-0.76,-5.48,39265.0,52527.8479
000673.SZ,20000124,13.1,14.09,13.01,13.86,13.08,0.78,5.96,50762.0,69287.0849
000673.SZ,20000121,13.15,14.0,12.8,13.08,12.98,0.1,0.77,74138.0,99639.9006
000673.SZ,20000120,11.8,12.98,11.72,12.98,11.8,1.18,10.0,58636.0,73807.4013
000673.SZ,20000119,11.5,12.0,11.5,11.8,11.7,0.1,0.85,18331.0,21606.0779
000673.SZ,20000118,11.99,12.19,11.43,11.7,11.81,-0.11,-0.93,25350.0,30066.5911
000673.SZ,20000117,10.8,11.81,10.74,11.81,10.74,1.07,9.96,34011.0,39388.5093
000673.SZ,20000114,11.0,11.0,10.6,10.74,10.74,0.0,0.0,9509.0,10186.1733
000673.SZ,20000113,11.18,11.28,10.61,10.74,11.21,-0.47,-4.19,15963.0,17349.9066
000673.SZ,20000112,11.48,11.81,11.1,11.21,11.55,-0.34,-2.94,26027.0,29746.5343
000673.SZ,20000111,12.18,12.2,11.41,11.55,12.0,-0.45,-3.75,38505.0,45043.6325
000673.SZ,20000110,11.79,12.09,11.2,12.0,11.02,0.98,8.89,89398.0,104779.9668
000673.SZ,20000107,10.48,11.02,10.42,11.02,10.02,1.0,9.98,61832.0,67781.0923
000673.SZ,20000106,9.3,10.02,9.11,10.02,9.11,0.91,9.99,17127.0,16563.9977
000673.SZ,20000105,8.66,9.24,8.55,9.11,8.65,0.46,5.32,7681.0,6889.454
000673.SZ,20000104,8.26,8.68,8.2,8.65,8.36,0.29,3.47,3595.0,3052.5887
