ts_code,trade_date,open,high,low,close,pre_close,change,pct_chg,vol,amount
000999.SZ,20200601,27.14,27.73,27.13,27.71,27.07,0.64,2.3642,51473.87,141341.002
000999.SZ,20200529,26.89,27.1,26.8,27.07,26.85,0.22,0.8194,29346.96,79100.044
000999.SZ,20200528,27.18,27.18,26.69,26.85,27.2,-0.35,-1.2868,45454.93,122402.892
000999.SZ,20200527,27.63,27.64,27.13,27.2,27.54,-0.34,-1.2346,40214.95,109519.077
000999.SZ,20200526,27.31,27.73,27.23,27.54,27.27,0.27,0.9901,31295.89,86196.743
000999.SZ,20200525,27.34,27.48,27.18,27.27,27.44,-0.17,-0.6195,28101.36,76696.671
000999.SZ,20200522,28.1,28.11,27.19,27.44,28.18,-0.74,-2.626,55737.48,153671.235
000999.SZ,20200521,28.48,28.54,28.07,28.18,28.45,-0.27,-0.949,35469.79,100264.274
000999.SZ,20200520,28.39,28.7,28.25,28.45,28.29,0.16,0.5656,37047.94,105338.409
000999.SZ,20200519,28.26,28.46,28.17,28.29,28.14,0.15,0.533,30285.81,85681.373
000999.SZ,20200518,28.34,28.46,28.03,28.14,28.36,-0.22,-0.7757,40031.67,113044.377
000999.SZ,20200515,28.6,28.73,28.29,28.36,28.56,-0.2,-0.7003,31224.55,88899.806
000999.SZ,20200514,28.7,28.79,28.52,28.56,28.9,-0.34,-1.1765,27943.72,79984.349
000999.SZ,20200513,28.71,28.97,28.31,28.9,28.78,0.12,0.417,46248.69,132231.708
000999.SZ,20200512,28.9,29.14,28.68,28.78,28.99,-0.21,-0.7244,34275.8,98917.271
000999.SZ,20200511,29.1,29.23,28.85,28.99,29.08,-0.09,-0.3095,36177.63,104892.674
000999.SZ,20200508,28.95,29.18,28.78,29.08,28.85,0.23,0.7972,41972.45,121648.208
000999.SZ,20200507,29.16,29.16,28.65,28.85,29.15,-0.3,-1.0292,55201.66,159101.205
000999.SZ,20200506,29.06,29.21,28.66,29.15,29.05,0.1,0.3442,62996.71,182643.583
000999.SZ,20200430,28.99,29.15,28.75,29.05,28.87,0.18,0.6235,35004.96,101582.923
000999.SZ,20200429,28.44,29.27,28.44,28.87,28.79,0.08,0.2779,43521.11,126197.18
000999.SZ,20200428,29.11,29.28,28.12,28.79,29.28,-0.49,-1.6735,75094.16,215680.032
000999.SZ,20200427,29.33,29.61,28.96,29.28,29.39,-0.11,-0.3743,49696.84,145571.941
000999.SZ,20200424,30.13,30.13,29.21,29.39,29.85,-0.46,-1.541,59095.6,174091.612
000999.SZ,20200423,29.89,30.5,29.74,29.85,29.86,-0.01,-0.0335,63986.66,192449.277
000999.SZ,20200422,30.19,30.19,29.5,29.86,30.12,-0.26,-0.8632,74743.6,222242.366
000999.SZ,20200421,30.92,31.4,30.12,30.12,31.3,-1.18,-3.77,138126.92,422513.592
000999.SZ,20200420,30.64,31.76,30.0,31.3,29.02,2.28,7.8567,206879.6,640881.546
000999.SZ,20200417,29.88,30.2,28.93,29.02,29.83,-0.81,-2.7154,98551.01,289488.417
000999.SZ,20200416,30.15,30.47,29.7,29.83,30.14,-0.31,-1.0285,86666.62,259857.922
000999.SZ,20200415,29.26,30.55,29.26,30.14,29.19,0.95,3.2545,95763.68,288191.124
000999.SZ,20200414,29.23,29.54,28.61,29.19,29.09,0.1,0.3438,50796.01,147357.4
000999.SZ,20200413,28.71,29.23,28.46,29.09,28.87,0.22,0.762,37448.71,108270.228
000999.SZ,20200410,29.0,29.6,28.82,28.87,29.05,-0.18,-0.6196,51631.47,150739.766
000999.SZ,20200409,28.86,29.11,28.86,29.05,28.83,0.22,0.7631,36411.97,105687.161
000999.SZ,20200408,29.0,29.08,28.64,28.83,29.11,-0.28,-0.9619,47304.62,136594.077
000999.SZ,20200407,28.49,29.19,28.49,29.11,28.33,0.78,2.7533,61379.11,177907.738
000999.SZ,20200403,27.94,28.6,27.94,28.33,27.9,0.43,1.5412,56794.41,161028.532
000999.SZ,20200402,27.5,27.92,27.06,27.9,27.62,0.28,1.0138,58989.93,162203.089
000999.SZ,20200401,27.86,28.05,27.52,27.62,27.85,-0.23,-0.8259,45015.67,125034.841
000999.SZ,20200331,28.15,28.26,27.65,27.85,27.85,0.0,0.0,61262.95,170953.55
000999.SZ,20200330,28.11,28.68,27.66,27.85,28.5,-0.65,-2.2807,63811.35,179127.51
000999.SZ,20200327,29.21,29.45,28.5,28.5,28.95,-0.45,-1.5544,76904.69,222669.349
000999.SZ,20200326,28.62,29.46,28.52,28.95,28.79,0.16,0.5557,74757.8,216971.005
000999.SZ,20200325,28.69,28.92,28.32,28.79,28.19,0.6,2.1284,65714.31,188073.168
000999.SZ,20200324,27.97,28.28,27.5,28.19,27.57,0.62,2.2488,81499.31,228190.09
000999.SZ,20200323,28.1,28.55,27.3,27.57,28.6,-1.03,-3.6014,69800.57,194840.83
000999.SZ,20200320,28.3,28.65,28.0,28.6,28.29,0.31,1.0958,65659.79,186123.103
000999.SZ,20200319,28.42,29.17,27.86,28.29,28.74,-0.45,-1.5658,87682.0,248525.408
000999.SZ,20200318,29.5,29.88,28.74,28.74,29.06,-0.32,-1.1012,73425.91,215365.295
000999.SZ,20200317,30.3,30.66,28.26,29.06,29.88,-0.82,-2.7443,75967.5,221605.249
000999.SZ,20200316,30.2,31.18,29.76,29.88,29.65,0.23,0.7757,91107.82,278522.314
000999.SZ,20200313,29.03,30.0,28.89,29.65,30.76,-1.11,-3.6086,76328.23,224393.133
000999.SZ,20200312,31.69,31.88,30.57,30.76,32.01,-1.25,-3.905,79562.7,247358.021
000999.SZ,20200311,32.54,32.68,32.0,32.01,32.78,-0.77,-2.349,71555.09,230659.811
000999.SZ,20200310,32.82,33.85,31.68,32.78,33.89,-1.11,-3.2753,123842.0,402922.993
000999.SZ,20200309,33.8,34.15,33.23,33.89,33.75,0.14,0.4148,108549.42,366419.218
000999.SZ,20200306,33.19,34.1,33.1,33.75,33.33,0.42,1.2601,97494.73,329787.893
000999.SZ,20200305,32.88,33.39,32.81,33.33,32.87,0.46,1.3995,78798.86,261310.29
000999.SZ,20200304,33.13,33.14,32.45,32.87,33.24,-0.37,-1.1131,62820.28,206047.996
000999.SZ,20200303,33.29,33.8,33.01,33.24,33.16,0.08,0.2413,95099.04,317473.2
000999.SZ,20200302,32.92,33.23,32.51,33.16,32.8,0.36,1.0976,91128.86,300863.542
000999.SZ,20200228,32.38,33.37,32.2,32.8,32.87,-0.07,-0.213,94239.28,308831.469
000999.SZ,20200227,32.7,33.34,32.7,32.87,32.7,0.17,0.5199,61021.88,200992.676
000999.SZ,20200226,33.4,33.55,32.65,32.7,33.97,-1.27,-3.7386,123980.25,408838.456
000999.SZ,20200225,33.69,34.69,33.4,33.97,34.19,-0.22,-0.6435,135811.74,462326.925
000999.SZ,20200224,34.09,34.82,34.09,34.19,33.92,0.27,0.796,117356.08,402639.004
000999.SZ,20200221,33.85,34.32,33.61,33.92,33.97,-0.05,-0.1472,88305.43,300249.774
000999.SZ,20200220,33.02,34.14,33.02,33.97,33.4,0.57,1.7066,116596.13,394231.492
000999.SZ,20200219,34.1,34.1,33.33,33.4,34.14,-0.74,-2.1675,110196.38,370387.527
000999.SZ,20200218,33.82,34.38,33.54,34.14,33.35,0.79,2.3688,146436.21,497950.278
000999.SZ,20200217,32.95,33.39,32.8,33.35,32.71,0.64,1.9566,99838.97,331021.839
000999.SZ,20200214,33.0,33.23,32.62,32.71,32.89,-0.18,-0.5473,98667.14,323980.196
000999.SZ,20200213,34.0,34.1,32.63,32.89,34.17,-1.28,-3.746,186855.28,619552.605
000999.SZ,20200212,34.09,34.75,33.7,34.17,34.16,0.01,0.0293,124007.32,423665.354
000999.SZ,20200211,33.93,34.4,33.21,34.16,34.05,0.11,0.3231,144926.52,490148.011
000999.SZ,20200210,35.19,35.19,33.02,34.05,35.69,-1.64,-4.5951,231260.84,785385.878
000999.SZ,20200207,37.69,38.2,35.65,35.69,37.8,-2.11,-5.582,303133.46,1108113.756
000999.SZ,20200206,37.27,39.45,36.41,37.8,37.72,0.08,0.2121,368933.99,1401747.174
000999.SZ,20200205,36.61,38.38,35.6,37.72,37.67,0.05,0.1327,373812.26,1377168.193
000999.SZ,20200204,38.5,38.98,35.38,37.67,39.31,-1.64,-4.172,308245.4,1157424.404
000999.SZ,20200203,39.34,39.34,35.79,39.31,35.76,3.55,9.9273,381003.83,1463057.25
000999.SZ,20200123,35.03,36.98,34.37,35.76,34.19,1.57,4.592,203704.75,720637.774
000999.SZ,20200122,37.0,37.0,33.71,34.19,36.05,-1.86,-5.1595,185674.57,642546.454
000999.SZ,20200121,33.15,36.05,33.15,36.05,32.77,3.28,10.0092,210785.96,735021.722
000999.SZ,20200120,31.62,33.3,31.62,32.77,31.18,1.59,5.0994,104564.06,340462.695
000999.SZ,20200117,31.28,31.52,31.05,31.18,31.28,-0.1,-0.3197,32138.18,100451.427
000999.SZ,20200116,31.53,31.53,31.17,31.28,31.53,-0.25,-0.7929,21504.49,67255.953
000999.SZ,20200115,31.38,31.77,31.1,31.53,31.49,0.04,0.127,23014.55,72503.929
000999.SZ,20200114,31.95,32.1,31.46,31.49,31.92,-0.43,-1.3471,31316.9,99098.895
000999.SZ,20200113,31.8,31.92,31.41,31.92,31.71,0.21,0.6623,29179.64,92403.884
000999.SZ,20200110,31.75,31.91,31.5,31.71,31.75,-0.04,-0.126,25910.71,82149.322
000999.SZ,20200109,30.97,31.87,30.97,31.75,30.94,0.81,2.618,41690.51,131736.257
000999.SZ,20200108,31.37,31.37,30.91,30.94,31.41,-0.47,-1.4963,30803.59,95895.835
000999.SZ,20200107,31.41,31.52,31.19,31.41,31.32,0.09,0.2874,28539.65,89465.937
000999.SZ,20200106,31.08,31.57,31.01,31.32,31.34,-0.02,-0.0638,38989.61,122116.506
000999.SZ,20200103,31.46,31.6,31.0,31.34,31.47,-0.13,-0.4131,36835.75,115403.951
000999.SZ,20200102,31.7,31.73,31.2,31.47,31.68,-0.21,-0.6629,52387.6,164469.509
000999.SZ,20191231,30.65,31.99,30.45,31.68,30.53,1.15,3.7668,65460.69,205857.256
000999.SZ,20191230,29.84,30.66,29.53,30.53,29.88,0.65,2.1754,37933.05,114923.891
000999.SZ,20191227,30.31,30.39,29.83,29.88,30.26,-0.38,-1.2558,31535.7,95024.249
000999.SZ,20191226,30.17,30.37,30.06,30.26,30.22,0.04,0.1324,15767.05,47596.624
000999.SZ,20191225,30.39,30.39,30.1,30.22,30.29,-0.07,-0.2311,19169.85,57917.7
000999.SZ,20191224,30.15,30.42,29.85,30.29,30.07,0.22,0.7316,21359.52,64456.582
000999.SZ,20191223,30.65,30.73,30.04,30.07,30.74,-0.67,-2.1796,37698.59,114440.03
000999.SZ,20191220,30.79,31.07,30.49,30.74,30.74,0.0,0.0,38755.88,119283.609
000999.SZ,20191219,30.38,30.89,30.21,30.74,30.31,0.43,1.4187,46417.42,142472.084
000999.SZ,20191218,30.14,30.49,29.91,30.31,30.12,0.19,0.6308,47004.17,142120.181
000999.SZ,20191217,29.88,30.16,29.56,30.12,29.91,0.21,0.7021,57818.54,172927.253
000999.SZ,20191216,29.9,29.92,29.33,29.91,29.78,0.13,0.4365,37414.64,110807.784
000999.SZ,20191213,29.65,29.8,29.49,29.78,29.52,0.26,0.8808,46716.72,138491.928
000999.SZ,20191212,29.38,29.69,29.33,29.52,29.42,0.1,0.3399,20026.23,59184.106
000999.SZ,20191211,29.75,29.75,29.35,29.42,29.7,-0.28,-0.9428,24936.19,73462.783
000999.SZ,20191210,28.83,29.8,28.82,29.7,29.13,0.57,1.9567,45689.18,135018.579
000999.SZ,20191209,28.72,29.23,28.53,29.13,28.72,0.41,1.4276,42528.42,122787.781
000999.SZ,20191206,29.0,29.1,28.45,28.72,29.03,-0.31,-1.0679,57070.56,163552.766
000999.SZ,20191205,28.9,29.28,28.86,29.03,28.84,0.19,0.6588,33798.38,98320.587
000999.SZ,20191204,28.97,28.97,28.6,28.84,28.98,-0.14,-0.4831,23672.76,68130.31
000999.SZ,20191203,29.15,29.16,28.75,28.98,29.18,-0.2,-0.6854,27858.87,80430.064
000999.SZ,20191202,29.46,29.46,28.92,29.18,29.39,-0.21,-0.7145,33661.15,98124.691
000999.SZ,20191129,29.94,29.94,29.09,29.39,29.92,-0.53,-1.7714,41944.69,123179.052
000999.SZ,20191128,29.59,30.16,29.51,29.92,29.38,0.54,1.838,47513.7,142335.975
000999.SZ,20191127,29.7,29.7,29.2,29.38,29.95,-0.57,-1.9032,32260.06,94781.949
000999.SZ,20191126,28.75,29.95,28.75,29.95,28.7,1.25,4.3554,62460.13,183903.652
000999.SZ,20191125,29.12,29.12,28.37,28.7,29.14,-0.44,-1.51,27006.05,77210.827
000999.SZ,20191122,29.55,29.78,28.75,29.14,29.62,-0.48,-1.6205,40963.87,119556.926
000999.SZ,20191121,29.0,29.66,28.88,29.62,29.07,0.55,1.892,38918.41,114452.417
000999.SZ,20191120,28.97,29.3,28.72,29.07,29.12,-0.05,-0.1717,29238.66,85069.394
000999.SZ,20191119,28.59,29.12,28.31,29.12,28.47,0.65,2.2831,35720.83,103045.887
000999.SZ,20191118,28.3,28.63,28.11,28.47,28.34,0.13,0.4587,29181.53,82926.448
000999.SZ,20191115,29.15,29.26,28.3,28.34,29.2,-0.86,-2.9452,50970.95,145938.239
000999.SZ,20191114,29.69,29.73,28.89,29.2,29.66,-0.46,-1.5509,70438.46,205981.138
000999.SZ,20191113,29.3,29.71,29.11,29.66,29.3,0.36,1.2287,40163.47,118203.473
000999.SZ,20191112,29.58,29.59,28.91,29.3,29.5,-0.2,-0.678,35050.64,102345.872
000999.SZ,20191111,29.91,30.19,29.4,29.5,30.07,-0.57,-1.8956,36811.33,109464.805
000999.SZ,20191108,30.26,30.39,29.83,30.07,30.21,-0.14,-0.4634,43230.81,130368.883
000999.SZ,20191107,30.09,30.24,29.72,30.21,30.19,0.02,0.0662,38985.75,116943.119
000999.SZ,20191106,30.6,30.63,30.04,30.19,30.65,-0.46,-1.5008,46056.62,139441.685
000999.SZ,20191105,29.9,30.7,29.53,30.65,29.88,0.77,2.577,72779.3,219402.013
000999.SZ,20191104,29.55,30.14,29.55,29.88,29.55,0.33,1.1168,69433.51,207374.168
000999.SZ,20191101,29.48,29.73,29.03,29.55,29.48,0.07,0.2374,67686.83,198908.425
000999.SZ,20191031,30.09,30.35,29.31,29.48,30.2,-0.72,-2.3841,65043.35,193274.606
000999.SZ,20191030,30.9,32.0,30.11,30.2,33.45,-3.25,-9.716,131827.09,401676.509
000999.SZ,20191029,31.68,33.6,31.55,33.45,32.0,1.45,4.5313,75464.38,249498.004
000999.SZ,20191028,32.5,32.83,31.77,32.0,32.3,-0.3,-0.9288,40112.21,128846.557
000999.SZ,20191025,32.1,32.55,31.63,32.3,31.97,0.33,1.0322,38640.53,124265.739
000999.SZ,20191024,32.28,32.52,31.82,31.97,32.19,-0.22,-0.6834,29906.51,95954.674
000999.SZ,20191023,32.87,32.9,32.05,32.19,32.87,-0.68,-2.0688,49584.7,160309.782
000999.SZ,20191022,31.98,33.28,31.75,32.87,31.74,1.13,3.5602,62272.34,203945.477
000999.SZ,20191021,31.59,32.27,31.4,31.74,31.91,-0.17,-0.5327,49520.75,157604.797
000999.SZ,20191018,32.08,32.37,31.55,31.91,32.08,-0.17,-0.5299,44201.46,141205.846
000999.SZ,20191017,32.07,32.44,31.63,32.08,32.11,-0.03,-0.0934,45623.42,146103.195
000999.SZ,20191016,31.77,32.5,31.41,32.11,31.63,0.48,1.5175,59404.76,190994.709
000999.SZ,20191015,31.09,31.89,31.09,31.63,31.24,0.39,1.2484,55720.61,176094.916
000999.SZ,20191014,31.2,31.67,30.98,31.24,31.13,0.11,0.3534,50035.25,156624.145
000999.SZ,20191011,30.65,31.3,30.65,31.13,30.65,0.48,1.5661,40035.5,124197.561
000999.SZ,20191010,30.3,30.8,30.11,30.65,30.3,0.35,1.1551,33399.67,102040.284
000999.SZ,20191009,29.7,30.35,29.39,30.3,29.75,0.55,1.8487,37277.24,111424.221
000999.SZ,20191008,28.9,29.8,28.9,29.75,29.13,0.62,2.1284,32473.83,96004.156
000999.SZ,20190930,29.32,29.4,28.89,29.13,29.19,-0.06,-0.2055,23425.51,68160.451
000999.SZ,20190927,29.92,30.03,29.11,29.19,29.99,-0.8,-2.6676,42962.59,126277.119
000999.SZ,20190926,29.78,30.61,29.78,29.99,29.73,0.26,0.8745,61617.74,186066.616
000999.SZ,20190925,30.26,30.33,29.71,29.73,30.35,-0.62,-2.0428,42089.27,126291.675
000999.SZ,20190924,29.96,30.86,29.96,30.35,29.91,0.44,1.4711,62001.11,188936.46
000999.SZ,20190923,30.08,30.08,29.61,29.91,30.13,-0.22,-0.7302,33753.47,100522.601
000999.SZ,20190920,30.19,30.24,29.92,30.13,30.2,-0.07,-0.2318,45792.66,137599.145
000999.SZ,20190919,30.32,30.33,29.93,30.2,30.36,-0.16,-0.527,37984.68,114277.302
000999.SZ,20190918,30.28,30.46,30.02,30.36,30.29,0.07,0.2311,33565.91,101554.84
000999.SZ,20190917,30.98,31.05,29.88,30.29,30.96,-0.67,-2.1641,50406.12,153406.274
000999.SZ,20190916,31.14,31.28,30.76,30.96,31.02,-0.06,-0.1934,37547.34,116356.854
000999.SZ,20190912,30.82,31.2,30.6,31.02,30.98,0.04,0.1291,48920.93,151344.173
000999.SZ,20190911,31.91,32.0,30.68,30.98,31.81,-0.83,-2.6092,84891.25,264410.694
000999.SZ,20190910,31.28,31.96,30.93,31.81,31.31,0.5,1.5969,86984.51,274626.987
000999.SZ,20190909,31.29,31.35,30.8,31.31,31.29,0.02,0.0639,77235.16,240018.062
000999.SZ,20190906,30.18,31.42,29.8,31.29,30.07,1.22,4.0572,99436.45,305564.667
000999.SZ,20190905,30.14,30.56,29.98,30.07,29.96,0.11,0.3672,80030.69,242337.813
000999.SZ,20190904,29.97,30.04,29.57,29.96,29.96,0.0,0.0,44382.01,132142.999
000999.SZ,20190903,30.2,30.27,29.78,29.96,30.3,-0.34,-1.1221,42791.92,128229.915
000999.SZ,20190902,29.53,30.45,29.31,30.3,29.53,0.77,2.6075,71321.06,214437.6
000999.SZ,20190830,30.0,30.15,29.34,29.53,29.9,-0.37,-1.2375,49702.03,147613.593
000999.SZ,20190829,30.46,30.46,29.57,29.9,30.45,-0.55,-1.8062,59970.15,178937.043
000999.SZ,20190828,30.5,31.2,30.22,30.45,30.39,0.06,0.1974,73853.14,225959.046
000999.SZ,20190827,30.8,31.08,30.39,30.39,30.78,-0.39,-1.2671,99720.9,306470.942
000999.SZ,20190826,29.2,30.95,29.06,30.78,29.57,1.21,4.092,118805.88,360333.423
000999.SZ,20190823,30.49,30.66,28.88,29.57,29.93,-0.36,-1.2028,87713.5,259370.738
000999.SZ,20190822,29.57,29.97,29.51,29.93,29.54,0.39,1.3202,43936.84,130846.819
000999.SZ,20190821,29.67,29.81,29.16,29.54,29.77,-0.23,-0.7726,36221.91,106723.387
000999.SZ,20190820,29.7,29.93,29.56,29.77,29.77,0.0,0.0,41765.87,124238.5
000999.SZ,20190819,29.21,29.92,29.11,29.77,28.84,0.93,3.2247,58086.63,171909.764
000999.SZ,20190816,28.9,29.27,28.58,28.84,28.97,-0.13,-0.4487,50930.06,147490.21
000999.SZ,20190815,27.77,29.03,27.73,28.97,28.45,0.52,1.8278,58282.89,166423.232
000999.SZ,20190814,28.1,28.77,28.09,28.45,27.73,0.72,2.5965,50326.6,143428.372
000999.SZ,20190813,28.17,28.21,27.3,27.73,28.31,-0.58,-2.0487,28328.46,78652.308
000999.SZ,20190812,27.65,28.34,27.65,28.31,27.83,0.48,1.7248,27230.94,76522.039
000999.SZ,20190809,28.1,28.33,27.66,27.83,28.03,-0.2,-0.7135,25201.63,70476.063
000999.SZ,20190808,27.6,28.21,27.59,28.03,27.59,0.44,1.5948,26631.13,74381.54
000999.SZ,20190807,28.27,28.45,27.8,27.98,27.94,0.04,0.1432,32571.75,91591.145
000999.SZ,20190806,27.98,28.56,27.56,27.94,28.5,-0.56,-1.9649,41162.45,115194.306
000999.SZ,20190805,28.66,29.19,28.5,28.5,28.87,-0.37,-1.2816,25652.15,74068.149
000999.SZ,20190802,28.76,29.1,28.48,28.87,29.23,-0.36,-1.2316,28059.31,81107.619
000999.SZ,20190801,29.05,29.4,28.86,29.23,29.3,-0.07,-0.2389,26465.61,76996.889
000999.SZ,20190731,29.07,29.45,28.7,29.3,29.27,0.03,0.1025,30090.97,87554.006
000999.SZ,20190730,29.58,29.64,29.23,29.27,29.44,-0.17,-0.5774,26559.06,78105.61
000999.SZ,20190729,28.85,29.65,28.74,29.44,28.93,0.51,1.7629,49670.42,145395.449
000999.SZ,20190726,28.86,28.99,28.45,28.93,28.93,0.0,0.0,39772.05,114086.438
000999.SZ,20190725,29.43,29.43,28.66,28.93,29.45,-0.52,-1.7657,61381.3,176964.517
000999.SZ,20190724,29.48,29.87,29.25,29.45,29.45,0.0,0.0,45371.76,134260.88
000999.SZ,20190723,29.16,29.45,29.06,29.45,29.23,0.22,0.7527,29508.58,86424.96
000999.SZ,20190722,29.46,29.77,29.1,29.23,29.28,-0.05,-0.1708,34485.8,101180.172
000999.SZ,20190719,29.5,29.84,29.11,29.28,29.2,0.08,0.274,48630.13,143138.345
000999.SZ,20190718,29.72,29.99,29.1,29.2,30.05,-0.85,-2.8286,52384.02,154167.236
000999.SZ,20190717,30.4,30.45,29.88,30.05,30.66,-0.61,-1.9896,61400.05,184677.101
000999.SZ,20190716,31.15,31.85,30.49,30.66,31.4,-0.74,-2.3567,70806.03,220202.053
000999.SZ,20190715,30.7,31.4,30.31,31.4,31.0,0.4,1.2903,73171.1,225074.55
000999.SZ,20190712,30.79,31.2,30.5,31.0,30.85,0.15,0.4862,76904.94,237315.147
000999.SZ,20190711,29.39,31.19,29.22,30.85,29.27,1.58,5.398,89416.54,271827.56
000999.SZ,20190710,30.26,30.34,29.21,29.27,30.24,-0.97,-3.2077,72241.62,212734.99
000999.SZ,20190709,29.09,30.9,29.05,30.24,29.0,1.24,4.2759,84069.56,252545.472
000999.SZ,20190708,30.09,30.09,28.86,29.0,30.0,-1.0,-3.3333,45349.25,132604.202
000999.SZ,20190705,29.81,30.11,29.15,30.0,29.68,0.32,1.0782,41941.19,124489.073
000999.SZ,20190704,29.65,29.92,29.27,29.68,29.62,0.06,0.2026,31925.43,94558.467
000999.SZ,20190703,30.06,30.18,29.53,29.62,29.76,-0.14,-0.4704,41009.39,122546.123
000999.SZ,20190702,29.94,30.28,29.61,29.76,29.84,-0.08,-0.2681,51171.0,152907.939
000999.SZ,20190701,29.79,30.28,29.63,29.84,29.34,0.5,1.7042,49154.81,147020.534
000999.SZ,20190628,29.49,29.96,29.21,29.34,29.5,-0.16,-0.5424,28456.61,84060.789
000999.SZ,20190627,29.59,30.11,29.22,29.5,29.33,0.17,0.5796,47895.75,141658.276
000999.SZ,20190626,29.06,29.46,28.91,29.33,29.29,0.04,0.1366,28376.36,83053.183
000999.SZ,20190625,29.31,29.53,28.68,29.29,29.4,-0.11,-0.3741,48194.24,140699.737
000999.SZ,20190624,28.85,29.76,28.4,29.4,28.53,0.87,3.0494,57687.33,168715.145
000999.SZ,20190621,28.51,29.17,28.45,28.53,28.36,0.17,0.5994,48519.91,139429.374
000999.SZ,20190620,27.35,28.85,27.3,28.36,27.5,0.86,3.1273,64043.85,181399.846
000999.SZ,20190619,27.13,27.75,27.1,27.5,26.74,0.76,2.8422,39798.37,109436.719
000999.SZ,20190618,26.58,26.85,26.41,26.74,26.57,0.17,0.6398,21042.13,56137.889
000999.SZ,20190617,26.4,26.88,26.4,26.57,26.54,0.03,0.113,24127.63,64260.749
000999.SZ,20190614,26.49,26.75,26.33,26.54,26.53,0.01,0.0377,31319.35,83221.876
000999.SZ,20190613,26.99,27.02,26.23,26.53,26.73,-0.2,-0.7482,33069.24,87725.792
000999.SZ,20190612,26.7,27.15,26.34,26.73,26.52,0.21,0.7919,43648.55,116426.978
000999.SZ,20190611,25.68,26.75,25.68,26.52,25.63,0.89,3.4725,53001.24,140216.45
000999.SZ,20190610,25.17,26.13,24.85,25.63,25.07,0.56,2.2337,53214.31,136200.106
000999.SZ,20190606,25.86,25.99,25.0,25.07,26.11,-1.04,-3.9831,62806.26,158471.666
000999.SZ,20190605,26.73,26.9,26.08,26.11,26.61,-0.5,-1.879,40481.71,106907.469
000999.SZ,20190604,27.1,27.4,26.41,26.61,27.2,-0.59,-2.1691,38616.09,103659.66
000999.SZ,20190603,27.55,27.79,26.94,27.2,27.55,-0.35,-1.2704,27693.53,75617.426
000999.SZ,20190531,27.48,27.77,27.2,27.55,27.42,0.13,0.4741,23716.0,65306.539
000999.SZ,20190530,27.83,27.83,27.12,27.42,27.8,-0.38,-1.3669,34509.88,94510.507
000999.SZ,20190529,27.8,27.98,27.65,27.8,28.14,-0.34,-1.2082,30471.78,84634.514
000999.SZ,20190528,28.2,28.31,27.72,28.14,28.32,-0.18,-0.6356,45570.95,127962.287
000999.SZ,20190527,27.58,28.38,27.03,28.32,27.36,0.96,3.5088,45073.98,125237.573
000999.SZ,20190524,27.57,27.9,27.2,27.36,27.47,-0.11,-0.4004,28028.93,76995.273
000999.SZ,20190523,27.82,28.13,27.12,27.47,27.99,-0.52,-1.8578,39419.37,108823.779
000999.SZ,20190522,28.5,28.5,27.73,27.99,28.54,-0.55,-1.9271,41167.95,115342.905
000999.SZ,20190521,28.09,28.95,27.81,28.54,28.12,0.42,1.4936,54684.37,155432.317
000999.SZ,20190520,28.76,29.18,27.57,28.12,28.74,-0.62,-2.1573,59131.02,166540.545
000999.SZ,20190517,28.9,29.38,28.7,28.74,28.9,-0.16,-0.5536,76988.26,222984.838
000999.SZ,20190516,27.78,29.55,27.6,28.9,27.94,0.96,3.4359,88844.38,253672.603
000999.SZ,20190515,26.92,28.1,26.73,27.94,26.65,1.29,4.8405,82574.34,227575.272
000999.SZ,20190514,26.5,27.18,26.35,26.65,26.84,-0.19,-0.7079,41122.08,110053.921
000999.SZ,20190513,27.25,27.26,26.07,26.84,27.76,-0.92,-3.3141,55161.77,148428.804
000999.SZ,20190510,27.56,28.19,25.8,27.76,27.53,0.23,0.8355,80618.32,220826.221
000999.SZ,20190509,27.01,27.9,26.28,27.53,27.37,0.16,0.5846,103721.61,281949.835
000999.SZ,20190508,29.6,29.67,27.33,27.37,30.3,-2.93,-9.67,136013.91,392847.278
000999.SZ,20190507,29.71,30.47,29.23,30.3,30.18,0.12,0.3976,151439.11,452265.924
000999.SZ,20190506,28.9,30.78,28.82,30.18,29.5,0.68,2.3051,157720.99,470092.159
000999.SZ,20190430,29.4,30.35,28.96,29.5,29.85,-0.35,-1.1725,101531.36,298906.294
000999.SZ,20190429,27.11,29.85,27.1,29.85,27.14,2.71,9.9853,137524.67,399690.474
000999.SZ,20190426,27.09,27.5,26.86,27.14,27.14,0.0,0.0,35454.11,96430.702
000999.SZ,20190425,27.45,27.93,27.0,27.14,27.66,-0.52,-1.88,30659.45,84335.104
000999.SZ,20190424,27.73,27.96,26.81,27.66,27.73,-0.07,-0.2524,35146.54,96292.193
000999.SZ,20190423,28.11,28.39,27.7,27.73,28.04,-0.31,-1.1056,28385.56,79594.613
000999.SZ,20190422,28.19,28.34,27.79,28.04,28.07,-0.03,-0.1069,20977.15,58824.391
000999.SZ,20190419,27.99,28.26,27.71,28.07,27.86,0.21,0.7538,22608.02,63300.52
000999.SZ,20190418,28.13,28.19,27.72,27.86,28.13,-0.27,-0.9598,18222.18,50871.576
000999.SZ,20190417,28.33,28.65,28.02,28.13,28.18,-0.05,-0.1774,26664.83,75334.452
000999.SZ,20190416,27.85,28.33,27.61,28.18,27.86,0.32,1.1486,48722.78,136604.024
000999.SZ,20190415,28.12,28.78,27.81,27.86,28.05,-0.19,-0.6774,30623.55,86519.425
000999.SZ,20190412,28.56,28.74,27.91,28.05,28.54,-0.49,-1.7169,29433.3,82802.593
000999.SZ,20190411,29.6,29.85,28.3,28.54,29.43,-0.89,-3.0241,44802.51,128966.321
000999.SZ,20190410,29.5,29.9,29.15,29.43,29.71,-0.28,-0.9424,59204.38,174596.649
000999.SZ,20190409,28.37,29.76,28.11,29.71,28.38,1.33,4.6864,83791.91,244924.889
000999.SZ,20190408,28.8,29.23,28.03,28.38,28.77,-0.39,-1.3556,52606.12,150319.76
000999.SZ,20190404,28.72,28.98,28.55,28.77,28.73,0.04,0.1392,35946.88,103282.49
000999.SZ,20190403,28.7,28.99,28.58,28.73,28.77,-0.04,-0.139,36034.22,103742.518
000999.SZ,20190402,29.1,29.4,28.4,28.77,29.17,-0.4,-1.3713,49408.29,142607.555
000999.SZ,20190401,29.0,29.5,28.7,29.17,28.84,0.33,1.1442,72257.76,210355.331
000999.SZ,20190329,28.35,28.9,27.83,28.84,28.0,0.84,3.0,60265.22,172266.812
000999.SZ,20190328,27.88,28.5,27.61,28.0,27.94,0.06,0.2147,41225.59,115910.885
000999.SZ,20190327,27.87,28.32,27.39,27.94,27.53,0.41,1.4893,47745.72,133027.908
000999.SZ,20190326,28.09,28.45,27.36,27.53,28.13,-0.6,-2.133,57060.1,158744.168
000999.SZ,20190325,28.31,28.63,28.04,28.13,28.69,-0.56,-1.9519,33451.05,94815.151
000999.SZ,20190322,28.66,28.85,28.0,28.69,28.72,-0.03,-0.1045,46380.37,131843.739
000999.SZ,20190321,28.82,28.94,28.51,28.72,28.7,0.02,0.0697,40808.72,117366.738
000999.SZ,20190320,28.8,28.95,28.21,28.7,28.95,-0.25,-0.8636,53701.67,153662.037
000999.SZ,20190319,28.05,28.99,27.98,28.95,27.86,1.09,3.9124,83137.46,236513.925
000999.SZ,20190318,27.0,27.96,26.99,27.86,26.96,0.9,3.3383,53906.65,148896.538
000999.SZ,20190315,26.81,27.31,26.72,26.96,26.94,0.02,0.0742,46424.62,125444.165
000999.SZ,20190314,26.54,27.48,26.47,26.94,26.71,0.23,0.8611,49138.9,131860.879
000999.SZ,20190313,27.35,27.57,26.34,26.71,27.38,-0.67,-2.447,59423.99,159025.787
000999.SZ,20190312,26.25,27.58,26.15,27.38,26.1,1.28,4.9042,73267.59,197943.113
000999.SZ,20190311,25.64,26.23,25.28,26.1,25.49,0.61,2.3931,41181.56,106391.22
000999.SZ,20190308,26.2,26.2,25.47,25.49,26.32,-0.83,-3.1535,42412.23,109196.196
000999.SZ,20190307,26.83,26.83,25.97,26.32,26.8,-0.48,-1.791,42180.32,110942.105
000999.SZ,20190306,26.8,27.08,26.42,26.8,26.86,-0.06,-0.2234,38821.09,103406.767
000999.SZ,20190305,26.09,26.94,25.89,26.86,26.1,0.76,2.9119,59918.92,158794.677
000999.SZ,20190304,25.49,26.28,25.24,26.1,25.17,0.93,3.6949,69122.99,179177.74
000999.SZ,20190301,25.18,25.24,24.68,25.17,25.14,0.03,0.1193,38464.63,96054.764
000999.SZ,20190228,25.2,25.38,24.91,25.14,25.05,0.09,0.3593,33977.21,85367.329
000999.SZ,20190227,25.23,25.79,24.88,25.05,25.19,-0.14,-0.5558,35464.18,89574.809
000999.SZ,20190226,25.21,25.98,24.82,25.19,25.21,-0.02,-0.0793,63506.23,161620.9
000999.SZ,20190225,24.09,25.29,24.09,25.21,23.9,1.31,5.4812,69802.46,172621.589
000999.SZ,20190222,23.59,24.01,23.35,23.9,23.7,0.2,0.8439,42252.46,100189.496
000999.SZ,20190221,23.99,24.21,23.63,23.7,24.05,-0.35,-1.4553,31886.04,76126.579
000999.SZ,20190220,24.17,24.44,23.92,24.05,24.31,-0.26,-1.0695,24677.67,59502.856
000999.SZ,20190219,24.18,24.75,24.0,24.31,24.18,0.13,0.5376,42012.66,102850.578
000999.SZ,20190218,23.5,24.2,23.49,24.18,23.39,0.79,3.3775,39683.56,95292.316
000999.SZ,20190215,23.68,23.93,23.35,23.39,23.78,-0.39,-1.64,27094.36,64129.899
000999.SZ,20190214,23.49,23.81,23.45,23.78,23.55,0.23,0.9766,32918.53,77783.292
000999.SZ,20190213,23.15,23.79,22.99,23.55,23.07,0.48,2.0806,54728.26,127743.0
000999.SZ,20190212,23.08,23.39,22.91,23.07,23.03,0.04,0.1737,50614.43,117199.403
000999.SZ,20190211,22.43,23.08,22.4,23.03,22.44,0.59,2.6292,35792.83,81703.342
000999.SZ,20190201,22.15,22.45,22.1,22.44,22.08,0.36,1.6304,34408.94,76931.452
000999.SZ,20190131,22.3,22.43,22.0,22.08,22.27,-0.19,-0.8532,26962.58,59636.546
000999.SZ,20190130,22.01,22.36,21.99,22.27,22.13,0.14,0.6326,22491.93,50013.642
000999.SZ,20190129,22.43,22.51,21.93,22.13,22.45,-0.32,-1.4254,37309.92,82761.651
000999.SZ,20190128,22.4,22.57,22.28,22.45,22.36,0.09,0.4025,39514.84,88719.573
000999.SZ,20190125,22.4,22.45,22.21,22.36,22.38,-0.02,-0.0894,39705.91,88674.746
000999.SZ,20190124,22.41,22.47,22.24,22.38,22.36,0.02,0.0894,44577.87,99551.478
000999.SZ,20190123,22.41,22.59,22.23,22.36,22.51,-0.15,-0.6664,29710.65,66416.977
000999.SZ,20190122,22.95,22.95,22.3,22.51,22.95,-0.44,-1.9172,42704.23,96253.412
000999.SZ,20190121,23.2,23.51,22.86,22.95,23.27,-0.32,-1.3752,41147.67,95135.76
000999.SZ,20190118,22.7,23.27,22.7,23.27,22.71,0.56,2.4659,47007.91,108393.877
000999.SZ,20190117,23.14,23.14,22.61,22.71,23.15,-0.44,-1.9006,37803.41,86307.263
000999.SZ,20190116,22.82,23.2,22.74,23.15,22.85,0.3,1.3129,29799.96,68521.826
000999.SZ,20190115,22.61,22.86,22.35,22.85,22.56,0.29,1.2855,31009.74,70115.915
000999.SZ,20190114,23.23,23.24,22.44,22.56,23.15,-0.59,-2.5486,23348.63,52955.712
000999.SZ,20190111,22.86,23.19,22.83,23.15,22.87,0.28,1.2243,19600.09,45106.951
000999.SZ,20190110,23.49,23.5,22.85,22.87,23.49,-0.62,-2.6394,22215.46,51173.016
000999.SZ,20190109,23.23,23.74,23.05,23.49,23.23,0.26,1.1192,29749.68,70043.609
000999.SZ,20190108,23.66,23.69,23.03,23.23,23.84,-0.61,-2.5587,25220.41,58703.692
000999.SZ,20190107,24.18,24.2,23.36,23.84,24.17,-0.33,-1.3653,28034.94,66622.959
000999.SZ,20190104,24.4,24.48,23.79,24.17,24.4,-0.23,-0.9426,29692.41,71441.244
000999.SZ,20190103,24.55,24.96,24.16,24.4,24.48,-0.08,-0.3268,23778.86,58096.682
000999.SZ,20190102,25.01,25.07,24.15,24.48,24.86,-0.38,-1.5286,17569.55,43126.205
000999.SZ,20181228,24.57,25.0,24.4,24.86,24.58,0.28,1.1391,28501.26,70637.116
000999.SZ,20181227,24.75,24.97,24.42,24.58,24.57,0.01,0.0407,18449.25,45635.901
000999.SZ,20181226,24.18,24.63,24.03,24.57,24.1,0.47,1.9502,25502.67,62284.164
000999.SZ,20181225,23.8,24.43,23.62,24.1,23.99,0.11,0.4585,26243.45,62927.135
000999.SZ,20181224,22.98,24.06,22.75,23.99,22.86,1.13,4.9431,23740.42,55998.718
000999.SZ,20181221,22.23,23.02,22.2,22.86,22.33,0.53,2.3735,22354.53,50794.383
000999.SZ,20181220,23.04,23.19,22.03,22.33,23.23,-0.9,-3.8743,28828.41,64730.739
000999.SZ,20181219,23.75,23.75,23.01,23.23,23.64,-0.41,-1.7343,17913.07,41728.013
000999.SZ,20181218,23.9,23.95,23.4,23.64,23.93,-0.29,-1.2119,23210.54,54895.129
000999.SZ,20181217,24.41,24.9,23.57,23.93,24.61,-0.68,-2.7631,33518.98,80574.0
000999.SZ,20181214,24.36,24.97,24.25,24.61,24.25,0.36,1.4845,27836.68,68572.661
000999.SZ,20181213,24.14,24.68,24.06,24.25,24.25,0.0,0.0,23739.16,57798.17
000999.SZ,20181212,23.99,24.3,23.9,24.25,23.85,0.4,1.6771,14206.48,34362.259
000999.SZ,20181211,23.56,24.01,23.56,23.85,23.55,0.3,1.2739,13566.27,32397.759
000999.SZ,20181210,23.4,23.85,23.25,23.55,23.55,0.0,0.0,23503.85,55511.967
000999.SZ,20181207,23.63,24.05,23.33,23.55,23.9,-0.35,-1.4644,29831.39,70577.837
000999.SZ,20181206,25.1,25.13,23.73,23.9,25.15,-1.25,-4.9702,30164.67,72948.693
000999.SZ,20181205,24.98,25.27,24.79,25.15,25.13,0.02,0.0796,16487.64,41278.886
000999.SZ,20181204,24.83,25.22,24.69,25.13,24.95,0.18,0.7214,20402.85,51032.022
000999.SZ,20181203,25.1,25.18,24.61,24.95,24.53,0.42,1.7122,24829.37,61974.486
000999.SZ,20181130,23.98,24.53,23.86,24.53,23.95,0.58,2.4217,14236.57,34521.67
000999.SZ,20181129,24.39,24.79,23.86,23.95,24.28,-0.33,-1.3591,23492.95,56989.068
000999.SZ,20181128,24.24,24.48,24.04,24.28,24.24,0.04,0.165,12308.73,29871.953
000999.SZ,20181127,24.37,24.59,24.08,24.24,24.36,-0.12,-0.4926,14392.81,35073.887
000999.SZ,20181126,24.15,24.5,23.92,24.36,24.15,0.21,0.8696,12600.79,30654.171
000999.SZ,20181123,24.79,24.96,24.06,24.15,24.72,-0.57,-2.3058,24809.16,60519.944
000999.SZ,20181122,24.68,25.04,24.33,24.72,24.5,0.22,0.898,14434.87,35663.124
000999.SZ,20181121,23.99,24.79,23.91,24.5,24.06,0.44,1.8288,20970.06,51157.973
000999.SZ,20181120,24.98,25.08,24.05,24.06,25.03,-0.97,-3.8753,24179.02,59029.488
000999.SZ,20181119,24.9,25.17,24.45,25.03,24.87,0.16,0.6433,20968.66,52157.81
000999.SZ,20181116,24.99,25.2,24.8,24.87,24.91,-0.04,-0.1606,14649.64,36631.589
000999.SZ,20181115,24.88,25.28,24.74,24.91,24.74,0.17,0.6871,16042.4,40083.116
000999.SZ,20181114,24.85,25.05,24.7,24.74,24.92,-0.18,-0.7223,16157.1,40141.405
000999.SZ,20181113,24.32,24.96,24.2,24.92,24.41,0.51,2.0893,23814.5,59000.894
000999.SZ,20181112,23.87,24.58,23.75,24.41,23.95,0.46,1.9207,17872.68,43488.853
000999.SZ,20181109,23.73,24.11,23.62,23.95,23.8,0.15,0.6303,11245.0,26894.198
000999.SZ,20181108,24.12,24.19,23.7,23.8,24.14,-0.34,-1.4085,13224.28,31667.045
000999.SZ,20181107,23.81,24.47,23.68,24.14,23.85,0.29,1.2159,23684.21,57030.769
000999.SZ,20181106,23.8,23.98,23.57,23.85,24.08,-0.23,-0.9551,12018.84,28561.35
000999.SZ,20181105,23.81,24.12,23.53,24.08,24.2,-0.12,-0.4959,30063.91,71708.747
000999.SZ,20181102,23.81,24.33,23.67,24.2,23.59,0.61,2.5858,39343.1,94460.961
000999.SZ,20181101,24.02,24.06,23.5,23.59,24.01,-0.42,-1.7493,43069.1,102641.405
000999.SZ,20181031,22.57,24.1,22.55,24.01,22.42,1.59,7.0919,64344.38,151112.829
000999.SZ,20181030,21.76,22.95,21.76,22.42,21.76,0.66,3.0331,36526.81,81794.274
000999.SZ,20181029,21.95,22.2,21.5,21.76,22.06,-0.3,-1.3599,22859.23,49881.23
000999.SZ,20181026,22.08,22.47,21.9,22.06,22.06,0.0,0.0,25809.24,57288.831
000999.SZ,20181025,21.78,22.19,21.4,22.06,22.17,-0.11,-0.4962,21807.68,47423.914
000999.SZ,20181024,21.86,22.39,21.68,22.17,21.93,0.24,1.0944,37008.11,81806.002
000999.SZ,20181023,22.88,22.88,21.71,21.93,22.88,-0.95,-4.1521,36273.66,80824.769
000999.SZ,20181022,22.02,23.13,22.02,22.88,21.92,0.96,4.3796,32546.09,73744.513
000999.SZ,20181019,21.37,22.06,21.14,21.92,21.73,0.19,0.8744,37618.66,81191.131
000999.SZ,20181018,21.75,21.94,21.01,21.73,22.0,-0.27,-1.2273,35422.45,76163.425
000999.SZ,20181017,22.15,22.29,21.21,22.0,21.99,0.01,0.0455,27776.81,60181.151
000999.SZ,20181016,21.96,22.3,21.88,21.99,21.95,0.04,0.1822,18990.89,41980.348
000999.SZ,20181015,22.39,22.65,21.89,21.95,22.48,-0.53,-2.3577,25088.41,56008.102
000999.SZ,20181012,22.39,22.52,21.78,22.48,22.37,0.11,0.4917,35836.06,79763.184
000999.SZ,20181011,24.05,24.05,22.18,22.37,24.56,-2.19,-8.9169,41145.73,94895.37
000999.SZ,20181010,24.56,24.73,24.38,24.56,24.59,-0.03,-0.122,18782.37,46148.811
000999.SZ,20181009,24.4,24.78,24.4,24.59,24.4,0.19,0.7787,15735.45,38655.563
000999.SZ,20181008,25.08,25.08,24.28,24.4,25.47,-1.07,-4.201,27147.34,66953.742
000999.SZ,20180928,25.27,25.52,25.16,25.47,25.28,0.19,0.7516,15725.83,39980.364
000999.SZ,20180927,25.31,25.54,25.18,25.28,25.29,-0.01,-0.0395,16005.51,40518.856
000999.SZ,20180926,25.28,25.56,25.01,25.29,25.29,0.0,0.0,28610.73,72481.489
000999.SZ,20180925,25.1,25.32,24.93,25.29,25.34,-0.05,-0.1973,17079.64,43024.919
000999.SZ,20180921,24.91,25.35,24.78,25.34,24.95,0.39,1.5631,28418.98,71442.711
000999.SZ,20180920,24.94,24.98,24.75,24.95,24.9,0.05,0.2008,11410.31,28388.34
000999.SZ,20180919,24.84,25.14,24.72,24.9,24.84,0.06,0.2415,19684.91,49047.713
000999.SZ,20180918,24.3,24.9,24.22,24.84,24.25,0.59,2.433,20101.22,49438.373
000999.SZ,20180917,24.5,24.65,24.16,24.25,24.55,-0.3,-1.222,17406.09,42438.177
000999.SZ,20180914,24.91,25.06,24.55,24.55,25.01,-0.46,-1.8393,29232.3,72579.997
000999.SZ,20180913,25.3,25.55,24.62,25.01,25.12,-0.11,-0.4379,30783.61,76871.067
000999.SZ,20180912,25.55,25.67,25.12,25.12,25.55,-0.43,-1.683,19906.65,50678.131
000999.SZ,20180911,25.89,26.19,25.25,25.55,25.91,-0.36,-1.3894,19291.78,49511.186
000999.SZ,20180910,26.15,26.54,25.8,25.91,26.15,-0.24,-0.9178,19027.56,49907.211
000999.SZ,20180907,26.21,27.0,25.98,26.15,26.35,-0.2,-0.759,34082.43,90320.639
000999.SZ,20180906,26.18,26.4,26.0,26.35,26.23,0.12,0.4575,15098.14,39605.419
000999.SZ,20180905,26.63,26.7,25.93,26.23,26.72,-0.49,-1.8338,19372.74,51018.943
000999.SZ,20180904,26.34,26.9,26.2,26.72,26.32,0.4,1.5198,30118.76,80474.08
000999.SZ,20180903,26.3,26.4,25.86,26.32,26.32,0.0,0.0,15435.67,40294.173
000999.SZ,20180831,26.19,26.32,25.46,26.32,26.32,0.0,0.0,27450.89,71215.048
000999.SZ,20180830,26.31,26.49,25.91,26.32,26.39,-0.07,-0.2653,19306.65,50524.195
000999.SZ,20180829,26.24,26.68,26.11,26.39,26.28,0.11,0.4186,18057.88,47649.329
000999.SZ,20180828,26.43,26.57,25.8,26.28,26.48,-0.2,-0.7553,28456.48,74333.688
000999.SZ,20180827,25.95,26.66,25.8,26.48,25.95,0.53,2.0424,35624.44,93905.231
000999.SZ,20180824,25.2,26.08,25.09,25.95,25.23,0.72,2.8537,37544.22,96458.85
000999.SZ,20180823,25.78,25.78,24.79,25.23,25.73,-0.5,-1.9433,29048.22,73288.546
000999.SZ,20180822,25.5,25.76,25.43,25.73,25.55,0.18,0.7045,16124.09,41360.742
000999.SZ,20180821,25.28,25.67,25.18,25.55,25.2,0.35,1.3889,18574.09,47380.652
000999.SZ,20180820,25.2,25.4,24.69,25.2,25.18,0.02,0.0794,23081.78,57954.281
000999.SZ,20180817,25.38,25.65,25.18,25.18,25.36,-0.18,-0.7098,17866.51,45470.681
000999.SZ,20180816,25.27,25.74,24.85,25.36,25.39,-0.03,-0.1182,21316.44,54150.706
000999.SZ,20180815,25.64,25.73,25.27,25.39,25.64,-0.25,-0.975,17360.02,44183.351
000999.SZ,20180814,25.83,25.86,25.5,25.64,25.81,-0.17,-0.6587,12267.43,31461.081
000999.SZ,20180813,25.25,25.9,25.18,25.81,25.4,0.41,1.6142,23524.99,60101.32
000999.SZ,20180810,25.3,25.68,25.2,25.4,25.3,0.1,0.3953,21463.09,54496.072
000999.SZ,20180809,24.85,25.9,24.85,25.3,24.94,0.36,1.4435,25601.49,65214.398
000999.SZ,20180808,24.55,25.24,24.55,24.94,24.57,0.37,1.5059,43360.26,108399.418
000999.SZ,20180807,24.3,24.74,24.04,24.57,24.27,0.3,1.2361,29705.04,72805.855
000999.SZ,20180806,24.65,24.99,24.05,24.27,24.86,-0.59,-2.3733,25239.19,61603.618
000999.SZ,20180803,24.8,25.14,24.5,24.86,24.84,0.02,0.0805,22790.69,56676.913
000999.SZ,20180802,25.4,25.41,24.43,24.84,25.48,-0.64,-2.5118,34587.92,86234.337
000999.SZ,20180801,25.37,25.74,25.37,25.48,25.35,0.13,0.5128,34004.56,86950.932
000999.SZ,20180731,25.38,25.68,25.21,25.35,25.38,-0.03,-0.1182,30531.23,77646.584
000999.SZ,20180730,25.5,25.72,25.13,25.38,25.56,-0.18,-0.7042,40066.02,101488.667
000999.SZ,20180727,26.19,26.28,25.06,25.56,26.28,-0.72,-2.7397,59353.55,151374.936
000999.SZ,20180726,26.96,27.04,26.18,26.28,27.05,-0.77,-2.8466,39240.59,104208.494
000999.SZ,20180725,26.96,27.06,26.81,27.05,26.98,0.07,0.2595,27184.01,73247.25
000999.SZ,20180724,26.59,27.2,26.34,26.98,26.7,0.28,1.0487,62432.81,167892.793
000999.SZ,20180723,27.0,27.34,26.32,26.7,27.96,-1.26,-4.5064,84402.42,225724.883
000999.SZ,20180720,27.68,27.96,27.3,27.96,27.68,0.28,1.0116,33680.67,93224.878
000999.SZ,20180719,27.62,28.2,27.58,27.68,27.67,0.01,0.04,39163.5,109133.735
000999.SZ,20180718,28.12,28.38,27.67,27.67,28.13,-0.46,-1.64,36467.97,102276.942
000999.SZ,20180717,28.35,28.35,27.75,28.13,28.35,-0.22,-0.78,29598.1,82896.073
000999.SZ,20180716,28.09,28.55,27.97,28.35,28.17,0.18,0.64,37519.81,105903.606
000999.SZ,20180713,27.99,28.58,27.85,28.17,28.0,0.17,0.61,52558.34,148344.517
000999.SZ,20180712,27.25,28.28,27.16,28.0,27.25,0.75,2.75,51502.78,143736.8
000999.SZ,20180711,27.03,27.36,26.68,27.25,27.4,-0.15,-0.55,30270.5,81730.936
000999.SZ,20180710,27.43,27.49,27.11,27.4,27.36,0.04,0.15,20038.99,54678.591
000999.SZ,20180709,26.64,27.39,26.56,27.36,26.52,0.84,3.17,34550.26,93401.944
000999.SZ,20180706,26.7,27.18,26.22,26.52,26.7,-0.18,-0.67,44140.74,118196.705
000999.SZ,20180705,26.7,27.18,26.13,26.7,26.84,-0.14,-0.52,46245.48,123628.826
000999.SZ,20180704,28.01,28.04,26.68,26.84,28.09,-1.25,-4.45,43928.38,119940.379
000999.SZ,20180703,27.75,28.1,26.77,28.09,27.63,0.46,1.66,55489.67,153105.801
000999.SZ,20180702,27.83,28.46,27.45,27.63,27.83,-0.2,-0.72,52047.48,145400.354
000999.SZ,20180629,26.97,28.0,26.97,27.83,26.98,0.85,3.15,31783.85,87530.58
000999.SZ,20180628,27.3,27.78,26.98,26.98,27.44,-0.46,-1.68,28936.23,79178.799
000999.SZ,20180627,28.2,28.27,27.33,27.44,28.22,-0.78,-2.76,44064.63,122037.94
000999.SZ,20180626,28.2,28.59,27.85,28.22,28.38,-0.16,-0.56,32114.86,90632.057
000999.SZ,20180625,28.37,28.44,27.92,28.38,28.33,0.05,0.18,42187.17,119082.586
000999.SZ,20180622,27.31,28.33,27.15,28.33,27.48,0.85,3.09,40417.16,112480.536
000999.SZ,20180621,28.06,28.4,27.33,27.48,27.91,-0.43,-1.54,46623.0,130452.569
000999.SZ,20180620,27.65,28.47,27.65,28.37,27.6,0.77,2.79,55969.35,157509.172
000999.SZ,20180619,28.78,28.78,27.35,27.6,29.12,-1.52,-5.22,81289.19,228662.912
000999.SZ,20180615,29.27,29.47,28.92,29.12,29.18,-0.06,-0.21,44730.45,130621.359
000999.SZ,20180614,29.69,30.18,29.16,29.18,29.74,-0.56,-1.88,54939.74,162725.896
000999.SZ,20180613,29.89,30.07,29.49,29.74,29.96,-0.22,-0.73,63186.88,188095.723
000999.SZ,20180612,29.17,30.05,29.01,29.96,29.08,0.88,3.03,68150.9,200934.861
000999.SZ,20180611,29.46,29.6,28.95,29.08,29.53,-0.45,-1.52,61207.41,178381.244
000999.SZ,20180608,29.88,29.88,29.1,29.53,29.91,-0.38,-1.27,64842.17,191217.446
000999.SZ,20180607,30.3,30.48,29.72,29.91,30.3,-0.39,-1.29,59095.32,177137.551
000999.SZ,20180606,29.92,30.3,29.81,30.3,30.04,0.26,0.87,76166.22,228802.056
000999.SZ,20180605,29.0,30.3,28.88,30.04,29.03,1.01,3.48,110998.93,331581.764
000999.SZ,20180604,28.63,29.17,28.1,29.03,28.4,0.63,2.22,66392.03,190864.826
000999.SZ,20180601,29.25,29.41,28.02,28.4,29.41,-1.01,-3.43,93991.0,269842.359
000999.SZ,20180531,28.38,29.49,28.11,29.41,28.08,1.33,4.74,114294.11,330543.94
000999.SZ,20180530,27.49,28.72,27.33,28.08,27.87,0.21,0.75,97961.48,274849.476
000999.SZ,20180529,28.65,29.62,27.86,27.87,28.8,-0.93,-3.23,113882.93,328270.807
000999.SZ,20180528,28.94,28.94,27.82,28.8,28.88,-0.08,-0.28,93709.31,265672.371
000999.SZ,20180525,28.93,29.1,28.6,28.88,28.88,0.0,0.0,71422.12,206421.997
000999.SZ,20180524,28.86,29.13,28.64,28.88,28.91,-0.03,-0.1,49617.41,143194.829
000999.SZ,20180523,29.1,29.56,28.75,28.91,29.01,-0.1,-0.34,76191.17,221490.289
000999.SZ,20180522,28.67,29.1,28.62,29.01,28.65,0.36,1.26,59842.33,173333.539
000999.SZ,20180521,28.96,29.29,28.59,28.65,28.82,-0.17,-0.59,53696.29,154810.716
000999.SZ,20180518,28.55,28.98,28.4,28.82,28.55,0.27,0.95,48467.19,139206.712
000999.SZ,20180517,28.99,29.18,28.24,28.55,29.01,-0.46,-1.59,69575.36,199199.75
000999.SZ,20180516,28.41,29.48,28.2,29.01,28.48,0.53,1.86,103011.85,299266.462
000999.SZ,20180515,28.62,28.62,28.01,28.48,28.6,-0.12,-0.42,81836.32,231879.525
000999.SZ,20180514,27.92,28.65,27.6,28.6,27.9,0.7,2.51,77262.66,218531.402
000999.SZ,20180511,28.36,28.66,27.88,27.9,28.26,-0.36,-1.27,74348.89,209857.061
000999.SZ,20180510,28.03,28.3,27.96,28.26,27.92,0.34,1.22,69228.2,195032.687
000999.SZ,20180509,27.9,28.08,27.5,27.92,27.92,0.0,0.0,64282.87,178703.258
000999.SZ,20180508,27.2,28.2,27.15,27.92,27.31,0.61,2.23,105839.82,294951.382
000999.SZ,20180507,26.95,27.41,26.88,27.31,26.84,0.47,1.75,67975.47,184913.092
000999.SZ,20180504,26.56,27.07,26.51,26.84,26.73,0.11,0.41,50588.75,135595.74
000999.SZ,20180503,26.59,26.85,26.25,26.73,26.68,0.05,0.19,50732.89,134833.938
000999.SZ,20180502,25.99,26.9,25.99,26.68,25.8,0.88,3.41,75207.72,200179.537
000999.SZ,20180427,25.48,26.02,25.34,25.8,25.29,0.51,2.02,32957.66,84970.556
000999.SZ,20180426,25.89,25.89,25.25,25.29,25.9,-0.61,-2.36,27971.75,71564.823
000999.SZ,20180425,25.6,26.01,25.45,25.9,25.61,0.29,1.13,32171.82,82862.709
000999.SZ,20180424,25.35,25.74,25.22,25.61,25.2,0.41,1.63,28198.42,72063.792
000999.SZ,20180423,25.28,25.4,25.05,25.2,25.19,0.01,0.04,26105.79,65827.599
000999.SZ,20180420,25.9,25.9,25.01,25.19,26.0,-0.81,-3.12,56312.72,143166.423
000999.SZ,20180419,25.57,26.04,25.38,26.0,25.52,0.48,1.88,44960.91,115446.105
000999.SZ,20180418,25.85,25.92,25.23,25.52,25.73,-0.21,-0.82,40137.1,102252.102
000999.SZ,20180417,25.98,26.21,25.68,25.73,25.93,-0.2,-0.77,31443.72,81645.696
000999.SZ,20180416,26.18,26.38,25.71,25.93,26.25,-0.32,-1.22,50087.63,130342.129
000999.SZ,20180413,26.83,26.98,26.25,26.25,26.7,-0.45,-1.69,49656.57,131936.828
000999.SZ,20180412,26.69,27.08,26.56,26.7,26.71,-0.01,-0.04,49072.67,131508.724
000999.SZ,20180411,26.83,26.91,26.54,26.71,26.76,-0.05,-0.19,54327.41,145139.12
000999.SZ,20180410,27.36,27.4,26.51,26.76,27.32,-0.56,-2.05,64436.88,172809.449
000999.SZ,20180409,26.89,27.48,26.7,27.32,27.0,0.32,1.19,38518.3,104690.122
000999.SZ,20180404,27.21,27.7,26.98,27.0,27.02,-0.02,-0.07,44933.72,122947.121
000999.SZ,20180403,26.96,27.22,26.83,27.02,27.24,-0.22,-0.81,35129.05,94769.868
000999.SZ,20180402,27.57,27.73,27.13,27.24,27.55,-0.31,-1.13,49413.97,135333.11
000999.SZ,20180330,27.13,27.65,27.13,27.55,27.1,0.45,1.66,49835.43,137102.872
000999.SZ,20180329,26.99,27.2,26.7,27.1,27.1,0.0,0.0,41721.21,112405.418
000999.SZ,20180328,26.81,27.48,26.74,27.1,27.1,0.0,0.0,73592.28,200330.286
000999.SZ,20180327,26.98,27.33,26.69,27.1,26.8,0.3,1.12,65114.79,176343.115
000999.SZ,20180326,25.26,26.98,25.26,26.8,25.66,1.14,4.44,70012.85,184507.521
000999.SZ,20180323,25.9,26.38,25.24,25.66,26.61,-0.95,-3.57,66646.39,172786.805
000999.SZ,20180322,26.9,27.1,26.38,26.61,26.85,-0.24,-0.89,50463.11,134354.569
000999.SZ,20180321,27.18,27.28,26.8,26.85,27.2,-0.35,-1.29,79454.08,215244.716
000999.SZ,20180320,25.8,27.5,25.63,27.2,25.88,1.32,5.1,141867.21,382426.903
000999.SZ,20180319,25.43,26.0,25.43,25.88,25.42,0.46,1.81,47733.33,123109.245
000999.SZ,20180316,25.6,25.82,25.36,25.42,25.58,-0.16,-0.63,46666.73,119330.709
000999.SZ,20180315,26.09,26.18,25.37,25.58,26.28,-0.7,-2.66,55563.55,143194.551
000999.SZ,20180314,26.28,26.6,26.14,26.28,26.12,0.16,0.61,27554.97,72645.619
000999.SZ,20180313,26.4,26.49,26.1,26.12,26.42,-0.3,-1.14,33375.01,87632.77
000999.SZ,20180312,26.57,26.88,26.31,26.42,26.53,-0.11,-0.41,55240.55,146567.118
000999.SZ,20180309,26.6,26.73,26.36,26.53,26.59,-0.06,-0.23,35596.01,94522.694
000999.SZ,20180308,26.1,26.73,26.1,26.59,26.05,0.54,2.07,42329.65,112248.453
000999.SZ,20180307,26.35,26.48,26.0,26.05,26.46,-0.41,-1.55,27266.45,71519.798
000999.SZ,20180306,25.56,26.68,25.54,26.46,25.44,1.02,4.01,72230.14,189637.125
000999.SZ,20180305,25.25,25.49,25.24,25.44,25.28,0.16,0.63,16382.67,41514.485
000999.SZ,20180302,25.28,25.41,25.2,25.28,25.45,-0.17,-0.67,13419.97,33952.623
000999.SZ,20180301,25.26,25.56,25.23,25.45,25.33,0.12,0.47,20129.51,51136.083
000999.SZ,20180228,25.4,25.57,25.27,25.33,25.52,-0.19,-0.74,15417.89,39199.265
000999.SZ,20180227,25.46,25.6,25.3,25.52,25.39,0.13,0.51,24021.85,61133.973
000999.SZ,20180226,25.28,25.48,25.01,25.39,25.15,0.24,0.95,31960.93,80871.844
000999.SZ,20180223,25.52,25.52,25.13,25.15,25.46,-0.31,-1.22,18271.79,46125.774
000999.SZ,20180222,25.2,25.58,25.2,25.46,25.1,0.36,1.43,12430.91,31624.08
000999.SZ,20180214,24.98,25.18,24.86,25.1,24.83,0.27,1.09,10969.63,27492.92
000999.SZ,20180213,24.82,25.2,24.79,24.83,24.78,0.05,0.2,16045.33,40085.413
000999.SZ,20180212,24.34,24.81,24.34,24.78,24.45,0.33,1.35,20704.97,51017.4
000999.SZ,20180209,24.8,24.88,24.3,24.45,25.22,-0.77,-3.05,27137.37,66695.739
000999.SZ,20180208,25.08,25.39,25.08,25.22,25.09,0.13,0.52,14672.15,37043.124
000999.SZ,20180207,25.21,25.47,24.79,25.09,24.9,0.19,0.76,28546.54,71855.63
000999.SZ,20180206,25.33,25.54,24.9,24.9,25.68,-0.78,-3.04,36755.71,92733.152
000999.SZ,20180205,25.7,25.92,25.41,25.68,25.95,-0.27,-1.04,28703.43,73477.105
000999.SZ,20180202,26.21,26.3,25.8,25.95,26.2,-0.25,-0.95,25775.92,66988.826
000999.SZ,20180201,26.6,26.96,25.97,26.2,26.63,-0.43,-1.61,40405.95,106914.914
000999.SZ,20180131,26.5,26.66,26.33,26.63,26.56,0.07,0.26,17858.24,47311.249
000999.SZ,20180130,26.33,26.78,26.3,26.56,26.33,0.23,0.87,28443.35,75740.604
000999.SZ,20180129,26.97,27.08,26.3,26.33,26.97,-0.64,-2.37,37753.07,100661.813
000999.SZ,20180126,26.91,27.1,26.84,26.97,26.97,0.0,0.0,25287.64,68202.936
000999.SZ,20180125,27.09,27.22,26.85,26.97,27.04,-0.07,-0.26,32646.43,88135.61
000999.SZ,20180124,27.09,27.25,26.88,27.04,27.11,-0.07,-0.26,38462.06,103951.4
000999.SZ,20180123,27.3,27.32,26.98,27.11,27.37,-0.26,-0.95,41523.79,112681.418
000999.SZ,20180122,26.69,27.43,26.58,27.37,26.68,0.69,2.59,66966.68,181260.81
000999.SZ,20180119,26.85,26.97,26.61,26.68,26.85,-0.17,-0.63,33227.76,88963.008
000999.SZ,20180118,26.94,27.19,26.68,26.85,26.99,-0.14,-0.52,49137.14,132280.201
000999.SZ,20180117,26.84,27.3,26.6,26.99,26.98,0.01,0.04,55632.24,149438.925
000999.SZ,20180116,26.21,27.04,25.97,26.98,26.34,0.64,2.43,79293.91,211069.006
000999.SZ,20180115,26.0,26.57,25.91,26.34,26.14,0.2,0.77,57647.15,151448.385
000999.SZ,20180112,26.45,26.57,26.05,26.14,26.54,-0.4,-1.51,41619.04,109144.428
000999.SZ,20180111,26.5,26.65,26.37,26.54,26.48,0.06,0.23,32026.03,84974.95
000999.SZ,20180110,26.63,26.74,26.27,26.48,26.55,-0.07,-0.26,30846.68,81539.085
000999.SZ,20180109,26.57,26.69,26.43,26.55,26.6,-0.05,-0.19,38223.81,101605.881
000999.SZ,20180108,26.78,26.78,26.4,26.6,26.78,-0.18,-0.67,29001.7,77041.676
000999.SZ,20180105,26.74,27.01,26.6,26.78,26.74,0.04,0.15,24481.37,65714.534
000999.SZ,20180104,26.82,26.88,26.71,26.74,26.88,-0.14,-0.52,24478.3,65541.258
000999.SZ,20180103,26.94,27.06,26.64,26.88,26.86,0.02,0.07,40719.5,109292.025
000999.SZ,20180102,27.0,27.17,26.75,26.86,27.2,-0.34,-1.25,32569.23,87813.497
000999.SZ,20171229,26.65,27.2,26.44,27.2,26.64,0.56,2.1,67486.58,181074.978
000999.SZ,20171228,26.3,26.68,26.1,26.64,26.28,0.36,1.37,52661.91,139088.914
000999.SZ,20171227,26.06,26.42,25.99,26.28,26.08,0.2,0.77,49443.49,129849.91
000999.SZ,20171226,25.74,26.12,25.73,26.08,25.83,0.25,0.97,37091.56,96345.483
000999.SZ,20171225,25.7,25.84,25.6,25.83,25.84,-0.01,-0.04,21845.21,56143.056
000999.SZ,20171222,25.75,25.89,25.67,25.84,25.8,0.04,0.16,22244.3,57364.528
000999.SZ,20171221,25.55,25.8,25.19,25.8,25.62,0.18,0.7,38820.38,98906.043
000999.SZ,20171220,25.89,25.89,25.43,25.62,25.92,-0.3,-1.16,23798.0,60962.99
000999.SZ,20171219,25.8,25.98,25.72,25.92,25.76,0.16,0.62,21917.19,56719.444
000999.SZ,20171218,25.71,25.8,25.41,25.76,25.71,0.05,0.19,15762.72,40406.174
000999.SZ,20171215,25.83,25.83,25.44,25.71,25.82,-0.11,-0.43,16224.43,41589.671
000999.SZ,20171214,25.8,25.86,25.63,25.82,25.84,-0.02,-0.08,20313.63,52244.403
000999.SZ,20171213,25.59,25.92,25.51,25.84,25.59,0.25,0.98,28631.65,73868.703
000999.SZ,20171212,25.7,25.8,25.48,25.59,25.75,-0.16,-0.62,24403.11,62474.161
000999.SZ,20171211,25.15,25.76,25.06,25.75,25.15,0.6,2.39,45266.91,115268.586
000999.SZ,20171208,24.89,25.18,24.82,25.15,24.89,0.26,1.04,27556.2,69048.936
000999.SZ,20171207,25.25,25.32,24.79,24.89,25.25,-0.36,-1.43,22686.61,56804.877
000999.SZ,20171206,25.04,25.26,24.94,25.25,25.05,0.2,0.8,26658.07,66882.77
000999.SZ,20171205,25.43,25.49,24.86,25.05,25.43,-0.38,-1.49,43346.94,108825.498
000999.SZ,20171204,25.83,25.84,25.35,25.43,25.9,-0.47,-1.81,36571.3,93787.37
000999.SZ,20171201,26.01,26.17,25.87,25.9,26.05,-0.15,-0.58,26527.41,68868.796
000999.SZ,20171130,25.84,26.05,25.67,26.05,25.78,0.27,1.05,26067.71,67319.073
000999.SZ,20171129,26.04,26.05,25.6,25.78,26.03,-0.25,-0.96,22509.57,58075.196
000999.SZ,20171128,25.75,26.09,25.75,26.03,25.75,0.28,1.09,21541.88,55939.582
000999.SZ,20171127,25.79,26.09,25.68,25.75,25.95,-0.2,-0.77,36214.21,93474.582
000999.SZ,20171124,26.13,26.24,25.8,25.95,26.13,-0.18,-0.69,35534.06,92242.686
000999.SZ,20171123,27.03,27.03,26.11,26.13,27.1,-0.97,-3.58,62300.07,165659.469
000999.SZ,20171122,27.15,27.2,26.8,27.1,27.11,-0.01,-0.04,49325.29,132849.726
000999.SZ,20171121,27.2,27.57,26.76,27.11,27.34,-0.23,-0.84,67767.68,183933.89
000999.SZ,20171120,27.6,27.6,26.6,27.34,27.68,-0.34,-1.23,77624.58,210003.818
000999.SZ,20171117,28.16,28.16,27.6,27.68,28.16,-0.48,-1.7,68061.39,189559.789
000999.SZ,20171116,27.8,28.28,27.56,28.16,27.84,0.32,1.15,65956.35,184700.007
000999.SZ,20171115,27.71,27.92,27.54,27.84,27.77,0.07,0.25,53455.82,148090.132
000999.SZ,20171114,28.13,28.24,27.71,27.77,28.15,-0.38,-1.35,53916.03,150576.214
000999.SZ,20171113,28.26,28.42,27.99,28.15,28.26,-0.11,-0.39,75722.68,213179.931
000999.SZ,20171110,27.68,28.35,27.64,28.26,27.72,0.54,1.95,95076.14,266471.481
000999.SZ,20171109,27.86,28.05,27.53,27.72,27.85,-0.13,-0.47,62985.38,174399.657
000999.SZ,20171108,28.08,28.26,27.81,27.85,28.07,-0.22,-0.78,51574.05,144621.568
000999.SZ,20171107,28.27,28.52,27.94,28.07,28.27,-0.2,-0.71,65364.9,184220.143
000999.SZ,20171106,27.5,28.4,27.5,28.27,27.48,0.79,2.87,83050.53,233177.481
000999.SZ,20171103,28.04,28.08,27.33,27.48,28.0,-0.52,-1.86,85014.96,234233.999
000999.SZ,20171102,27.91,28.11,27.81,28.0,27.96,0.04,0.14,44396.72,124226.247
000999.SZ,20171101,28.06,28.35,27.73,27.96,28.2,-0.24,-0.85,86613.16,242785.46
000999.SZ,20171031,28.91,28.92,28.06,28.2,29.12,-0.92,-3.16,116456.37,330687.911
000999.SZ,20171030,29.53,29.7,28.35,29.12,30.35,-1.23,-4.05,201792.12,584148.412
000999.SZ,20171027,29.7,30.35,29.52,30.35,29.53,0.82,2.78,99139.8,297137.607
000999.SZ,20171026,30.02,30.5,29.46,29.53,30.15,-0.62,-2.06,111026.57,332520.97
000999.SZ,20171025,30.12,30.2,29.79,30.15,30.15,0.0,0.0,77094.19,231097.843
000999.SZ,20171024,29.92,30.3,29.72,30.15,30.01,0.14,0.47,73896.09,221889.825
000999.SZ,20171023,29.12,30.32,29.12,30.01,29.25,0.76,2.6,117602.45,351571.817
000999.SZ,20171020,29.45,29.47,28.98,29.25,29.52,-0.27,-0.91,61328.23,178904.422
000999.SZ,20171019,29.4,29.77,29.15,29.52,29.3,0.22,0.75,111652.11,328816.041
000999.SZ,20171018,28.53,29.36,28.42,29.3,28.53,0.77,2.7,108123.31,313963.404
000999.SZ,20171017,28.57,28.7,28.23,28.53,28.53,0.0,0.0,40100.01,113900.344
000999.SZ,20171016,28.74,28.99,28.48,28.53,28.73,-0.2,-0.7,64409.64,184901.933
000999.SZ,20171013,28.85,29.0,28.65,28.73,28.83,-0.1,-0.35,63389.26,182504.944
000999.SZ,20171012,29.05,29.06,28.73,28.83,29.0,-0.17,-0.59,56001.98,161752.138
000999.SZ,20171011,28.7,29.32,28.53,29.0,28.71,0.29,1.01,94589.42,275084.894
000999.SZ,20171010,28.23,29.0,28.17,28.71,28.17,0.54,1.92,80657.55,231259.022
000999.SZ,20171009,28.21,28.4,27.99,28.17,27.93,0.24,0.86,83159.61,234457.814
000999.SZ,20170929,27.77,28.25,27.77,27.93,27.77,0.16,0.58,44754.8,125643.772
000999.SZ,20170928,27.7,27.88,27.64,27.77,27.78,-0.01,-0.04,18353.2,50995.767
000999.SZ,20170927,27.93,28.03,27.63,27.78,27.93,-0.15,-0.54,39902.56,110707.231
000999.SZ,20170926,28.21,28.31,27.79,27.93,28.27,-0.34,-1.2,38825.53,108583.89
000999.SZ,20170925,27.65,28.34,27.58,28.27,27.73,0.54,1.95,59525.5,167351.587
000999.SZ,20170922,27.84,27.94,27.6,27.73,27.86,-0.13,-0.47,19086.73,52987.109
000999.SZ,20170921,28.0,28.07,27.83,27.86,28.05,-0.19,-0.68,25578.07,71420.697
000999.SZ,20170920,27.87,28.25,27.8,28.05,27.88,0.17,0.61,45234.75,126979.687
000999.SZ,20170919,28.1,28.3,27.85,27.88,28.08,-0.2,-0.71,42671.19,119597.478
000999.SZ,20170918,27.82,28.2,27.82,28.08,27.81,0.27,0.97,49820.44,139916.187
000999.SZ,20170915,27.8,27.99,27.47,27.81,27.79,0.02,0.07,33593.57,93209.396
000999.SZ,20170914,27.95,27.97,27.62,27.79,27.62,0.17,0.62,41717.92,115943.129
000999.SZ,20170913,27.36,27.63,27.28,27.62,27.26,0.36,1.32,42362.23,116412.707
000999.SZ,20170912,27.87,27.92,27.15,27.26,27.83,-0.57,-2.05,105089.05,288033.638
000999.SZ,20170911,28.13,28.18,27.78,27.83,28.13,-0.3,-1.07,38658.41,108078.312
000999.SZ,20170908,27.92,28.27,27.91,28.13,28.0,0.13,0.46,32353.3,90806.241
000999.SZ,20170907,28.48,28.54,27.88,28.0,28.48,-0.48,-1.69,61558.19,173063.976
000999.SZ,20170906,28.21,28.56,28.2,28.48,28.3,0.18,0.64,30976.51,88122.556
000999.SZ,20170905,28.43,28.57,28.19,28.3,28.42,-0.12,-0.42,26434.19,74906.175
000999.SZ,20170904,28.23,28.48,28.12,28.42,28.23,0.19,0.67,29003.37,82133.644
000999.SZ,20170901,28.37,28.5,28.1,28.23,28.42,-0.19,-0.67,49903.39,141040.683
000999.SZ,20170831,29.09,29.18,28.31,28.42,29.02,-0.6,-2.07,69242.43,198054.287
000999.SZ,20170830,29.01,29.05,28.81,29.02,28.99,0.03,0.1,24597.25,71239.554
000999.SZ,20170829,29.06,29.07,28.75,28.99,29.0,-0.01,-0.03,32530.05,94002.646
000999.SZ,20170828,29.39,29.39,28.85,29.0,29.06,-0.06,-0.21,88545.46,257252.079
000999.SZ,20170825,29.06,29.4,29.04,29.06,29.05,0.01,0.03,38140.38,111201.838
000999.SZ,20170824,29.4,29.47,29.05,29.05,29.5,-0.45,-1.53,23073.25,67394.809
000999.SZ,20170823,29.42,29.57,29.03,29.5,29.42,0.08,0.27,36842.29,108025.822
000999.SZ,20170822,29.52,29.74,29.32,29.42,29.52,-0.1,-0.34,49003.34,144754.852
000999.SZ,20170821,28.74,29.88,28.74,29.52,28.6,0.92,3.22,105987.51,311676.062
000999.SZ,20170818,28.29,28.76,28.23,28.6,28.29,0.31,1.1,49913.89,142576.886
000999.SZ,20170817,28.01,28.34,27.89,28.29,27.99,0.3,1.07,30922.12,87206.786
000999.SZ,20170816,28.26,28.33,27.83,27.99,28.28,-0.29,-1.03,54016.1,151777.042
000999.SZ,20170815,28.41,28.54,27.97,28.28,28.41,-0.13,-0.46,47817.62,134864.762
000999.SZ,20170814,28.9,29.1,28.36,28.41,28.83,-0.42,-1.46,71628.07,205448.412
000999.SZ,20170811,28.43,28.95,28.35,28.83,28.63,0.2,0.7,52316.68,150442.337
000999.SZ,20170810,28.63,28.85,28.17,28.63,28.66,-0.03,-0.1,57202.36,163440.396
000999.SZ,20170809,27.85,28.8,27.75,28.66,27.82,0.84,3.02,85616.81,243714.727
000999.SZ,20170808,28.09,28.09,27.69,27.82,28.01,-0.19,-0.68,38821.58,107950.258
000999.SZ,20170807,27.98,28.15,27.83,28.01,28.04,-0.03,-0.11,47581.51,133210.186
000999.SZ,20170804,28.24,28.51,27.75,28.04,28.34,-0.3,-1.06,42811.03,119980.742
000999.SZ,20170803,28.13,28.38,28.13,28.34,28.16,0.18,0.64,26527.11,74956.795
000999.SZ,20170802,28.57,28.7,28.08,28.16,28.59,-0.43,-1.5,36937.34,104661.771
000999.SZ,20170801,28.6,28.7,28.4,28.59,28.6,-0.01,-0.04,25218.23,71879.168
000999.SZ,20170731,28.31,29.1,28.2,28.6,28.39,0.21,0.74,88668.67,253625.001
000999.SZ,20170728,28.05,28.71,27.92,28.39,28.12,0.27,0.96,45882.93,130179.151
000999.SZ,20170727,28.5,28.53,27.68,28.12,28.5,-0.38,-1.33,41745.66,117058.97
000999.SZ,20170726,28.37,28.55,28.13,28.5,28.38,0.12,0.42,38385.93,108760.147
000999.SZ,20170725,29.1,29.27,28.37,28.38,29.17,-0.79,-2.71,50406.46,144875.89
000999.SZ,20170724,28.95,29.3,28.72,29.17,28.8,0.37,1.28,49605.31,144174.107
000999.SZ,20170721,28.8,29.1,28.46,28.8,28.74,0.06,0.21,49969.35,143598.011
000999.SZ,20170720,28.8,28.94,28.56,28.74,28.86,-0.12,-0.42,36359.4,104284.496
000999.SZ,20170719,28.21,28.96,28.13,28.86,28.27,0.59,2.09,41876.19,119992.206
000999.SZ,20170718,28.68,28.9,28.02,28.27,28.79,-0.52,-1.81,44628.89,126435.75
000999.SZ,20170717,29.55,29.55,28.42,28.79,29.6,-0.81,-2.74,54030.54,155675.395
000999.SZ,20170714,29.06,29.7,29.06,29.6,29.16,0.44,1.51,37462.63,110562.143
000999.SZ,20170713,29.3,29.48,29.03,29.32,29.3,0.02,0.07,34908.47,102230.216
000999.SZ,20170712,29.75,29.94,29.25,29.3,29.8,-0.5,-1.68,34534.22,102202.084
000999.SZ,20170711,29.37,30.08,29.21,29.8,29.38,0.42,1.43,49158.24,146192.64
000999.SZ,20170710,29.72,29.72,29.16,29.38,29.74,-0.36,-1.21,56765.6,166974.887
000999.SZ,20170707,29.8,29.83,29.47,29.74,29.89,-0.15,-0.5,40837.69,121189.739
000999.SZ,20170706,30.27,30.32,29.62,29.89,30.35,-0.46,-1.52,73151.41,218797.438
000999.SZ,20170705,30.11,30.41,30.06,30.35,30.19,0.16,0.53,63761.38,192557.135
000999.SZ,20170704,31.2,31.2,30.06,30.19,31.28,-1.09,-3.48,77795.05,237644.15
000999.SZ,20170703,31.8,31.8,31.26,31.28,31.75,-0.47,-1.48,47723.04,149890.306
000999.SZ,20170630,31.08,31.8,31.02,31.75,31.18,0.57,1.83,44681.97,140732.431
000999.SZ,20170629,30.91,31.31,30.89,31.18,31.05,0.13,0.42,32749.47,101749.474
000999.SZ,20170628,31.52,31.75,30.82,31.05,31.78,-0.73,-2.3,50876.86,158732.825
000999.SZ,20170627,31.2,31.82,31.16,31.78,31.35,0.43,1.37,54424.88,171243.857
000999.SZ,20170626,31.15,31.88,31.06,31.35,31.18,0.17,0.55,75487.47,237727.512
000999.SZ,20170623,30.66,31.2,30.36,31.18,30.79,0.39,1.27,69619.5,213874.432
000999.SZ,20170622,31.02,31.14,30.5,30.79,31.05,-0.26,-0.84,62083.79,191562.834
000999.SZ,20170621,30.22,31.05,30.06,31.05,30.17,0.88,2.92,54533.94,166412.588
000999.SZ,20170620,30.4,30.64,29.98,30.17,30.4,-0.23,-0.76,38892.29,117586.021
000999.SZ,20170619,30.15,30.52,30.15,30.4,30.19,0.21,0.7,32997.34,100067.55
000999.SZ,20170616,30.45,30.53,30.01,30.19,30.57,-0.38,-1.24,42292.08,127670.559
000999.SZ,20170615,30.59,30.96,30.12,30.57,30.75,-0.18,-0.59,51405.29,156136.275
000999.SZ,20170614,31.2,31.25,30.48,30.75,31.2,-0.45,-1.44,48979.23,150384.264
000999.SZ,20170613,30.79,31.3,30.59,31.2,30.86,0.34,1.1,55402.59,171514.407
000999.SZ,20170612,30.89,31.76,30.73,30.86,30.92,-0.06,-0.19,78008.75,243893.79
000999.SZ,20170609,30.77,31.0,30.52,30.92,30.72,0.2,0.65,62853.46,193105.476
000999.SZ,20170608,30.13,30.97,29.98,30.72,30.22,0.5,1.65,82478.42,252283.397
000999.SZ,20170607,29.65,30.44,29.52,30.22,29.82,0.4,1.34,74136.7,222954.63
000999.SZ,20170606,29.31,29.85,28.9,29.82,29.38,0.44,1.5,56185.0,164707.434
000999.SZ,20170605,29.83,30.05,29.22,29.38,29.99,-0.61,-2.03,51124.48,150963.145
000999.SZ,20170602,30.26,30.49,29.9,29.99,30.4,-0.41,-1.35,54770.28,165130.122
000999.SZ,20170601,29.46,30.45,29.46,30.4,29.66,0.74,2.49,72240.28,217732.755
000999.SZ,20170531,29.55,29.8,29.33,29.66,29.45,0.21,0.71,30937.46,91492.146
000999.SZ,20170526,29.88,29.88,29.21,29.45,29.78,-0.33,-1.11,43437.82,128112.857
000999.SZ,20170525,29.63,30.17,29.63,29.78,29.75,0.03,0.1,44581.1,133037.914
000999.SZ,20170524,30.04,30.16,29.25,29.75,30.02,-0.27,-0.9,47862.18,142132.185
000999.SZ,20170523,30.3,30.76,29.72,30.02,30.39,-0.37,-1.22,60954.08,185465.2
000999.SZ,20170522,29.91,30.39,29.65,30.39,29.91,0.48,1.6,52300.08,157420.321
000999.SZ,20170519,29.85,29.95,29.45,29.91,29.89,0.02,0.07,38204.32,113506.867
000999.SZ,20170518,29.57,30.06,29.53,29.89,29.76,0.13,0.44,48474.27,144605.239
000999.SZ,20170517,30.0,30.37,29.52,29.76,30.06,-0.3,-1.0,59575.57,178428.7
000999.SZ,20170516,29.67,30.14,29.37,30.06,29.71,0.35,1.18,87404.86,261014.494
000999.SZ,20170515,28.53,29.88,28.53,29.71,28.51,1.2,4.21,107829.93,315596.937
000999.SZ,20170512,28.35,28.9,27.95,28.51,28.31,0.2,0.71,65602.67,187059.748
000999.SZ,20170511,28.58,29.15,28.16,28.31,28.6,-0.29,-1.01,70075.56,200368.368
000999.SZ,20170510,28.0,28.9,27.83,28.6,28.07,0.53,1.89,80577.09,230061.183
000999.SZ,20170509,27.45,28.08,27.4,28.07,27.89,0.18,0.65,44958.02,124730.982
000999.SZ,20170508,28.45,28.77,27.69,27.89,28.42,-0.53,-1.86,58964.02,166792.884
000999.SZ,20170505,27.83,28.45,27.73,28.42,27.97,0.45,1.61,61995.41,174637.804
000999.SZ,20170504,27.91,28.1,27.81,27.97,28.16,-0.19,-0.67,25638.99,71713.887
000999.SZ,20170503,28.11,28.38,27.77,28.16,28.25,-0.09,-0.32,49481.31,138998.106
000999.SZ,20170502,27.99,28.38,27.67,28.25,27.88,0.37,1.33,62174.81,174756.055
000999.SZ,20170428,27.84,28.55,27.7,27.88,27.6,0.28,1.01,85427.51,240118.601
000999.SZ,20170427,27.39,27.66,26.71,27.6,27.32,0.28,1.02,38713.07,105562.042
000999.SZ,20170426,27.24,27.68,27.0,27.32,27.18,0.14,0.52,44244.17,121133.596
000999.SZ,20170425,26.78,27.3,26.65,27.18,26.76,0.42,1.57,30980.34,83623.204
000999.SZ,20170424,27.66,27.66,26.5,26.76,27.69,-0.93,-3.36,49991.22,134350.444
000999.SZ,20170421,27.85,28.16,27.58,27.69,27.98,-0.29,-1.04,44148.23,122859.257
000999.SZ,20170420,27.58,28.48,27.28,27.98,27.55,0.43,1.56,68944.15,192803.461
000999.SZ,20170419,26.98,27.6,26.91,27.55,27.1,0.45,1.66,56403.92,153862.505
000999.SZ,20170418,26.45,27.41,26.4,27.1,26.51,0.59,2.23,40660.17,110214.749
000999.SZ,20170417,26.35,26.63,26.21,26.51,26.46,0.05,0.19,12518.24,33055.412
000999.SZ,20170414,26.9,26.95,26.38,26.46,26.91,-0.45,-1.67,17432.11,46344.021
000999.SZ,20170413,26.82,27.0,26.69,26.91,26.87,0.04,0.15,12713.83,34168.653
000999.SZ,20170412,26.71,27.1,26.53,26.87,26.73,0.14,0.52,41130.47,110257.263
000999.SZ,20170411,27.14,27.17,26.53,26.73,27.14,-0.41,-1.51,43488.7,116337.494
000999.SZ,20170410,27.3,27.45,26.81,27.14,27.46,-0.32,-1.17,48176.43,130457.139
000999.SZ,20170407,27.72,27.92,27.4,27.46,27.73,-0.27,-0.97,43055.85,119133.982
000999.SZ,20170406,27.35,27.88,26.94,27.73,27.34,0.39,1.43,76146.66,208930.249
000999.SZ,20170405,26.99,27.5,26.61,27.34,27.0,0.34,1.26,54686.25,149120.358
000999.SZ,20170331,26.95,27.27,26.45,27.0,26.95,0.05,0.19,62952.94,168923.717
000999.SZ,20170330,26.95,27.02,26.5,26.95,26.93,0.02,0.07,37975.94,101715.481
000999.SZ,20170329,27.15,27.38,26.86,26.93,27.11,-0.18,-0.66,29874.78,81096.356
000999.SZ,20170328,26.92,27.15,26.82,27.11,26.95,0.16,0.59,27349.48,73825.42
000999.SZ,20170327,27.43,27.72,26.86,26.95,27.43,-0.48,-1.75,56427.8,153375.356
000999.SZ,20170324,27.47,27.6,27.1,27.43,27.31,0.12,0.44,39234.55,107268.34
000999.SZ,20170323,27.5,27.75,27.12,27.31,27.4,-0.09,-0.33,67398.94,184813.732
000999.SZ,20170322,26.91,27.96,26.85,27.4,27.09,0.31,1.14,112309.93,308341.194
000999.SZ,20170321,26.5,27.19,26.47,27.09,26.45,0.64,2.42,129873.88,350685.747
000999.SZ,20170320,26.29,26.62,26.23,26.45,26.21,0.24,0.92,60856.64,160914.223
000999.SZ,20170317,26.21,26.3,26.07,26.21,26.2,0.01,0.04,46535.33,121790.88
000999.SZ,20170316,26.17,26.34,26.07,26.2,26.18,0.02,0.08,43807.61,114649.589
000999.SZ,20170315,25.64,26.25,25.63,26.18,25.7,0.48,1.87,55805.46,145076.794
000999.SZ,20170314,26.01,26.09,25.67,25.7,25.97,-0.27,-1.04,28387.96,73267.179
000999.SZ,20170313,25.21,26.09,25.2,25.97,25.2,0.77,3.06,55634.34,143550.34
000999.SZ,20170310,25.16,25.36,25.16,25.2,25.22,-0.02,-0.08,19815.25,50043.209
000999.SZ,20170309,25.37,25.45,25.12,25.22,25.8,-0.58,-2.25,58816.96,148757.193
000999.SZ,20170308,25.8,25.93,25.67,25.8,25.89,-0.09,-0.35,25356.89,65417.543
000999.SZ,20170307,26.0,26.12,25.66,25.89,26.11,-0.22,-0.84,38919.35,100841.736
000999.SZ,20170306,25.77,26.17,25.7,26.11,25.77,0.34,1.32,31352.13,81532.875
000999.SZ,20170303,25.68,25.81,25.5,25.77,25.68,0.09,0.35,20614.18,52910.512
000999.SZ,20170302,25.99,26.1,25.68,25.68,25.99,-0.31,-1.19,20191.21,52118.337
000999.SZ,20170301,25.96,26.02,25.5,25.99,25.97,0.02,0.08,25009.04,64718.079
000999.SZ,20170228,25.89,26.0,25.73,25.97,25.86,0.11,0.43,16607.41,42961.674
000999.SZ,20170227,26.02,26.4,25.85,25.86,26.13,-0.27,-1.03,17536.51,45668.41
000999.SZ,20170224,26.3,26.45,26.01,26.13,26.1,0.03,0.11,29885.29,78278.255
000999.SZ,20170223,26.16,27.0,26.0,26.1,26.21,-0.11,-0.42,41466.77,109618.701
000999.SZ,20170222,26.26,26.38,26.09,26.21,26.26,-0.05,-0.19,14413.56,37760.324
000999.SZ,20170221,26.04,26.58,26.04,26.26,26.25,0.01,0.04,29005.66,76529.95
000999.SZ,20170220,26.09,26.31,25.9,26.25,25.97,0.28,1.08,31583.09,82459.247
000999.SZ,20170217,25.65,25.98,25.65,25.97,25.66,0.31,1.21,35810.47,92719.015
000999.SZ,20170216,25.12,25.72,25.12,25.66,25.17,0.49,1.95,23074.29,58677.052
000999.SZ,20170215,25.56,25.6,25.05,25.17,25.55,-0.38,-1.49,20809.72,52930.291
000999.SZ,20170214,25.68,25.68,25.46,25.55,25.63,-0.08,-0.31,16182.62,41337.248
000999.SZ,20170213,25.37,25.7,25.3,25.63,25.31,0.32,1.26,18661.05,47571.175
000999.SZ,20170210,25.44,25.52,25.21,25.31,25.38,-0.07,-0.28,16289.57,41290.633
000999.SZ,20170209,25.52,25.65,25.3,25.38,25.54,-0.16,-0.63,22887.45,58288.07
000999.SZ,20170208,25.43,25.55,25.19,25.54,25.55,-0.01,-0.04,23008.14,58358.148
000999.SZ,20170207,25.62,25.84,25.39,25.55,25.53,0.02,0.08,25891.59,66266.863
000999.SZ,20170206,25.34,25.72,25.27,25.53,25.42,0.11,0.43,20935.14,53504.629
000999.SZ,20170203,25.15,25.55,24.95,25.42,25.15,0.27,1.07,24761.1,62849.154
000999.SZ,20170126,24.83,25.18,24.83,25.15,24.85,0.3,1.21,23595.97,59240.39
000999.SZ,20170125,24.8,24.9,24.71,24.85,24.81,0.04,0.16,12692.29,31506.432
000999.SZ,20170124,24.78,24.89,24.65,24.81,24.73,0.08,0.32,14085.62,34949.183
000999.SZ,20170123,24.59,24.93,24.58,24.73,24.65,0.08,0.32,24518.04,60782.268
000999.SZ,20170120,24.31,24.66,24.31,24.65,24.38,0.27,1.11,17072.57,41957.592
000999.SZ,20170119,24.21,24.42,24.11,24.38,24.21,0.17,0.7,14712.53,35808.59
000999.SZ,20170118,24.0,24.32,23.87,24.21,24.02,0.19,0.79,13249.74,32033.591
000999.SZ,20170117,24.0,24.1,23.73,24.02,23.99,0.03,0.13,12905.7,30902.922
000999.SZ,20170116,24.23,24.24,23.69,23.99,24.25,-0.26,-1.07,21604.06,51904.424
000999.SZ,20170113,24.2,24.34,24.1,24.25,24.15,0.1,0.41,19686.47,47622.074
000999.SZ,20170112,24.59,24.63,24.15,24.15,24.51,-0.36,-1.47,29522.58,71804.362
000999.SZ,20170111,24.75,24.94,24.5,24.51,24.73,-0.22,-0.89,13848.49,34273.225
000999.SZ,20170110,25.0,25.01,24.7,24.73,25.04,-0.31,-1.24,23469.25,58360.084
000999.SZ,20170109,24.91,25.06,24.7,25.04,24.91,0.13,0.52,27475.6,68429.265
000999.SZ,20170106,25.0,25.09,24.88,24.91,24.98,-0.07,-0.28,14919.43,37264.078
000999.SZ,20170105,24.9,25.15,24.77,24.98,24.99,-0.01,-0.04,26545.93,66282.448
000999.SZ,20170104,24.91,25.06,24.83,24.99,24.97,0.02,0.08,22428.83,55964.26
000999.SZ,20170103,24.8,25.1,24.58,24.97,24.73,0.24,0.97,46417.49,114973.204
000999.SZ,20161230,24.74,24.8,24.55,24.73,24.7,0.03,0.12,19212.96,47448.448
000999.SZ,20161229,24.56,24.8,24.5,24.7,24.72,-0.02,-0.08,17275.04,42621.845
000999.SZ,20161228,24.95,25.13,24.43,24.72,24.95,-0.23,-0.92,25957.44,64294.941
000999.SZ,20161227,25.01,25.18,24.85,24.95,25.1,-0.15,-0.6,18474.67,46316.727
000999.SZ,20161226,24.57,25.1,24.3,25.1,24.67,0.43,1.74,23209.35,57503.332
000999.SZ,20161223,24.57,24.9,24.56,24.67,24.7,-0.03,-0.12,23838.78,58973.062
000999.SZ,20161222,24.61,24.9,24.36,24.7,24.71,-0.01,-0.04,27583.79,67927.813
000999.SZ,20161221,24.15,24.85,24.15,24.71,24.1,0.61,2.53,43226.2,105527.853
000999.SZ,20161220,24.5,24.69,24.0,24.1,24.72,-0.62,-2.51,36600.3,88711.561
000999.SZ,20161219,24.73,24.92,24.63,24.72,24.71,0.01,0.04,18049.52,44795.582
000999.SZ,20161216,24.68,24.78,24.56,24.71,24.6,0.11,0.45,28062.17,69196.426
000999.SZ,20161215,24.48,24.83,24.48,24.6,24.52,0.08,0.33,24336.39,59975.749
000999.SZ,20161214,24.87,24.96,24.39,24.52,24.87,-0.35,-1.41,41850.27,102617.609
000999.SZ,20161213,24.98,25.22,24.41,24.87,25.09,-0.22,-0.88,35952.56,89287.812
000999.SZ,20161212,26.28,26.37,24.84,25.09,26.21,-1.12,-4.27,52889.23,134358.735
000999.SZ,20161209,26.57,26.57,26.2,26.21,26.44,-0.23,-0.87,39630.0,104440.172
000999.SZ,20161208,26.86,26.9,26.42,26.44,26.77,-0.33,-1.23,44616.12,118670.194
000999.SZ,20161207,26.72,26.79,26.49,26.77,26.62,0.15,0.56,34893.37,93017.136
000999.SZ,20161206,26.72,26.82,26.34,26.62,26.69,-0.07,-0.26,41732.83,111052.169
000999.SZ,20161205,26.78,27.39,26.56,26.69,26.8,-0.11,-0.41,78270.16,211516.393
000999.SZ,20161202,26.99,27.12,26.78,26.8,27.0,-0.2,-0.74,71021.0,191080.415
000999.SZ,20161201,26.28,27.03,26.28,27.0,26.3,0.7,2.66,95090.54,254448.127
000999.SZ,20161130,26.53,26.57,26.2,26.3,26.52,-0.22,-0.83,37681.28,99291.32
000999.SZ,20161129,26.3,26.69,26.17,26.52,26.26,0.26,0.99,77699.56,206251.511
000999.SZ,20161128,26.39,26.47,26.17,26.26,26.29,-0.03,-0.11,34825.03,91542.446
000999.SZ,20161125,26.03,26.33,26.02,26.29,26.07,0.22,0.84,33789.29,88412.581
000999.SZ,20161124,26.11,26.26,25.92,26.07,26.1,-0.03,-0.11,48938.57,127538.319
000999.SZ,20161123,26.56,26.63,26.05,26.1,26.57,-0.47,-1.77,64840.25,170199.248
000999.SZ,20161122,26.3,26.62,26.23,26.57,26.3,0.27,1.03,46092.13,121837.661
000999.SZ,20161121,26.49,26.66,26.18,26.3,26.5,-0.2,-0.75,51970.06,137083.392
000999.SZ,20161118,26.84,26.88,26.38,26.5,26.84,-0.34,-1.27,39274.42,104595.478
000999.SZ,20161117,27.01,27.01,26.65,26.84,27.0,-0.16,-0.59,38942.25,104228.561
000999.SZ,20161116,27.11,27.28,27.0,27.0,27.1,-0.1,-0.37,33915.66,92075.901
000999.SZ,20161115,26.8,27.11,26.66,27.1,26.8,0.3,1.12,37998.06,102332.426
000999.SZ,20161114,27.02,27.29,26.51,26.8,27.12,-0.32,-1.18,49099.3,132488.589
000999.SZ,20161111,26.95,27.2,26.6,27.12,26.95,0.17,0.63,38888.97,104917.086
000999.SZ,20161110,26.91,27.29,26.85,26.95,26.74,0.21,0.79,32538.95,87921.824
000999.SZ,20161109,27.2,27.2,26.43,26.74,27.25,-0.51,-1.87,39081.07,104944.345
000999.SZ,20161108,27.24,27.34,26.97,27.25,27.22,0.03,0.11,35959.55,97678.346
000999.SZ,20161107,27.08,27.38,26.91,27.22,27.08,0.14,0.52,28307.97,76903.314
000999.SZ,20161104,27.5,27.66,27.06,27.08,27.48,-0.4,-1.46,45135.12,123143.327
000999.SZ,20161103,27.15,27.6,26.95,27.48,27.15,0.33,1.22,87146.39,238360.696
000999.SZ,20161102,26.84,27.63,26.71,27.15,26.89,0.26,0.97,77980.6,212892.186
000999.SZ,20161101,26.88,26.95,26.63,26.89,26.88,0.01,0.04,40515.96,108532.926
000999.SZ,20161031,26.25,26.98,26.12,26.88,26.33,0.55,2.09,63478.86,169426.045
000999.SZ,20161028,26.35,26.56,26.16,26.33,26.3,0.03,0.11,31825.6,83828.1135
000999.SZ,20161027,26.68,26.69,26.21,26.3,26.66,-0.36,-1.35,49074.6,129460.9669
000999.SZ,20161026,26.78,27.0,26.41,26.66,26.9,-0.24,-0.89,42745.34,114228.9952
000999.SZ,20161025,26.7,26.9,26.4,26.9,26.74,0.16,0.6,32244.64,85992.1534
000999.SZ,20161024,26.07,26.74,26.03,26.74,26.15,0.59,2.26,45054.0,119221.036
000999.SZ,20161021,26.3,26.4,25.9,26.15,26.3,-0.15,-0.57,36375.91,95161.1821
000999.SZ,20161020,26.64,26.78,26.23,26.3,26.72,-0.42,-1.57,46276.05,122305.5543
000999.SZ,20161019,26.63,26.95,26.5,26.72,26.51,0.21,0.79,59892.67,160330.5462
000999.SZ,20161018,26.04,26.77,26.02,26.51,26.11,0.4,1.53,56427.12,149143.1111
000999.SZ,20161017,26.42,26.6,26.0,26.11,26.33,-0.22,-0.84,39915.05,105449.5682
000999.SZ,20161014,26.4,26.45,26.11,26.33,26.5,-0.17,-0.64,22556.12,59230.0134
000999.SZ,20161013,26.41,26.55,26.3,26.5,26.37,0.13,0.49,37163.82,98274.5855
000999.SZ,20161012,26.33,26.48,26.19,26.37,26.34,0.03,0.11,26768.85,70358.6947
000999.SZ,20161011,26.36,26.41,26.2,26.34,26.48,-0.14,-0.53,21508.19,56535.4277
000999.SZ,20161010,25.67,26.51,25.66,26.48,25.54,0.94,3.68,45300.23,118281.413
000999.SZ,20160930,25.89,25.93,25.46,25.54,25.84,-0.3,-1.16,41451.94,106302.3023
000999.SZ,20160929,25.8,26.04,25.71,25.84,25.73,0.11,0.43,16345.26,42364.2945
000999.SZ,20160928,26.3,26.3,25.6,25.73,26.12,-0.39,-1.49,23569.98,61177.8173
000999.SZ,20160927,25.9,26.29,25.78,26.12,25.97,0.15,0.58,19189.02,49910.2035
000999.SZ,20160926,26.42,26.68,25.92,25.97,26.43,-0.46,-1.74,33628.79,88813.9556
000999.SZ,20160923,26.16,26.49,26.05,26.43,26.16,0.27,1.03,20412.12,53663.8291
000999.SZ,20160922,26.12,26.51,25.99,26.16,26.05,0.11,0.42,25576.09,67203.0133
000999.SZ,20160921,26.06,26.17,25.78,26.05,26.06,-0.01,-0.04,15598.95,40497.4334
000999.SZ,20160920,26.66,26.66,25.8,26.06,26.66,-0.6,-2.25,39532.26,103251.3613
000999.SZ,20160919,26.04,26.75,26.0,26.66,26.07,0.59,2.26,34546.61,91677.0991
000999.SZ,20160914,25.88,26.07,25.7,26.07,26.0,0.07,0.27,10270.03,26640.6715
000999.SZ,20160913,25.9,26.08,25.82,26.0,25.71,0.29,1.13,13251.69,34407.5739
000999.SZ,20160912,26.18,26.18,25.69,25.71,26.44,-0.73,-2.76,30133.48,78097.6602
000999.SZ,20160909,26.71,26.87,26.39,26.44,26.76,-0.32,-1.2,21121.24,56164.4829
000999.SZ,20160908,26.6,26.87,26.45,26.76,26.51,0.25,0.94,35189.92,93989.1454
000999.SZ,20160907,26.35,26.59,26.35,26.51,26.49,0.02,0.08,28184.67,74608.0543
000999.SZ,20160906,26.4,26.78,25.98,26.49,26.44,0.05,0.19,37813.89,99870.0331
000999.SZ,20160905,26.05,26.44,25.81,26.44,26.01,0.43,1.65,36009.61,94452.3106
000999.SZ,20160902,25.86,26.2,25.76,26.01,25.91,0.1,0.39,20207.35,52540.9121
000999.SZ,20160901,25.78,26.07,25.71,25.91,25.8,0.11,0.43,27947.05,72475.1624
000999.SZ,20160831,25.79,25.81,25.56,25.8,25.79,0.01,0.04,21416.34,55044.7864
000999.SZ,20160830,25.84,25.94,25.6,25.79,25.75,0.04,0.16,21795.92,56100.391
000999.SZ,20160829,25.65,26.1,25.55,25.75,25.86,-0.11,-0.43,24555.31,63306.7246
000999.SZ,20160826,25.62,26.28,25.62,25.86,25.88,-0.02,-0.08,28645.09,74437.056
000999.SZ,20160825,26.42,26.42,25.38,25.88,26.62,-0.74,-2.78,56019.51,144410.6555
000999.SZ,20160824,26.57,26.85,26.47,26.62,26.66,-0.04,-0.15,19510.14,52030.9401
000999.SZ,20160823,26.26,26.85,26.24,26.66,26.38,0.28,1.06,33503.74,89203.9413
000999.SZ,20160822,26.44,26.61,26.28,26.38,26.38,0.0,0.0,29279.17,77427.8061
000999.SZ,20160819,26.28,26.45,26.0,26.38,26.27,0.11,0.42,31140.71,81669.8293
000999.SZ,20160818,26.62,26.85,26.18,26.27,26.61,-0.34,-1.28,55812.74,147422.8571
000999.SZ,20160817,26.58,26.84,26.45,26.61,26.51,0.1,0.38,44390.38,118324.1698
000999.SZ,20160816,26.56,26.87,26.26,26.51,26.38,0.13,0.49,52610.49,140099.4515
000999.SZ,20160815,25.41,26.44,25.4,26.38,25.35,1.03,4.06,93754.44,243533.4824
000999.SZ,20160812,25.02,25.38,24.9,25.35,25.0,0.35,1.4,27677.29,69522.4994
000999.SZ,20160811,25.15,25.4,24.97,25.0,25.3,-0.3,-1.19,35307.44,89026.227
000999.SZ,20160810,25.55,25.63,25.18,25.3,25.55,-0.25,-0.98,52867.9,133968.1202
000999.SZ,20160809,25.36,25.75,25.17,25.55,25.35,0.2,0.79,49184.4,125196.3801
000999.SZ,20160808,25.39,25.44,24.82,25.35,25.42,-0.07,-0.28,65444.24,164146.6235
000999.SZ,20160805,25.4,25.73,25.34,25.42,25.46,-0.04,-0.16,31464.37,80285.0238
000999.SZ,20160804,25.65,25.65,25.33,25.46,25.69,-0.23,-0.9,35832.69,91104.3732
000999.SZ,20160803,25.4,25.74,25.22,25.69,25.6,0.09,0.35,39103.82,99651.1214
000999.SZ,20160802,25.26,25.63,24.99,25.6,25.31,0.29,1.15,62262.13,157740.7803
000999.SZ,20160801,26.72,27.0,25.15,25.31,26.84,-1.53,-5.7,106470.5,275076.4444
000999.SZ,20160729,26.36,27.2,25.92,26.84,26.45,0.39,1.47,150786.84,404348.6145
000999.SZ,20160728,26.2,26.78,25.63,26.45,26.36,0.09,0.34,112055.28,294117.977
000999.SZ,20160727,26.92,27.87,25.51,26.36,26.15,0.21,0.8,153640.23,409115.3574
000999.SZ,20160726,25.62,26.16,25.62,26.15,25.77,0.38,1.47,22309.59,58060.6894
000999.SZ,20160725,25.32,25.98,25.3,25.77,25.43,0.34,1.34,27402.21,70562.4947
000999.SZ,20160722,26.29,26.31,25.3,25.43,26.31,-0.88,-3.34,48938.31,125840.4692
000999.SZ,20160721,26.01,26.58,25.9,26.31,26.0,0.31,1.19,40485.49,106555.8919
000999.SZ,20160720,26.25,26.7,25.89,26.0,26.25,-0.25,-0.95,41545.83,108904.1282
000999.SZ,20160719,26.45,26.85,26.01,26.25,26.43,-0.18,-0.68,30592.63,80718.6938
000999.SZ,20160718,25.96,26.93,25.75,26.43,26.02,0.41,1.58,93155.64,247084.5295
000999.SZ,20160715,25.72,26.17,25.6,26.02,25.58,0.44,1.72,34945.39,90384.2043
000999.SZ,20160714,25.83,25.94,25.53,25.73,25.8,-0.07,-0.27,43629.97,111998.4272
000999.SZ,20160713,26.48,26.61,25.71,25.8,26.48,-0.68,-2.57,101526.01,265089.9818
000999.SZ,20160712,26.01,26.6,25.89,26.48,26.07,0.41,1.57,115097.18,302687.2719
000999.SZ,20160711,25.37,26.45,25.23,26.07,25.4,0.67,2.64,85095.45,221416.4277
000999.SZ,20160708,25.54,25.87,25.16,25.4,25.63,-0.23,-0.9,51257.24,130527.2362
000999.SZ,20160707,25.27,26.27,25.02,25.63,25.3,0.33,1.3,122477.83,316178.8856
000999.SZ,20160706,24.15,25.3,24.01,25.3,24.2,1.1,4.55,104005.9,258988.8089
000999.SZ,20160705,24.22,24.37,24.0,24.2,24.09,0.11,0.46,48261.99,116608.2593
000999.SZ,20160704,23.69,24.19,23.54,24.09,23.78,0.31,1.3,35232.42,84514.6495
000999.SZ,20160701,24.14,24.49,23.77,23.78,24.22,-0.44,-1.82,33046.66,79276.1636
000999.SZ,20160630,23.99,24.75,23.89,24.22,23.99,0.23,0.96,47857.35,116616.318
000999.SZ,20160629,24.06,24.12,23.91,23.99,24.14,-0.15,-0.62,35714.81,85708.2828
000999.SZ,20160628,23.8,24.19,23.6,24.14,23.82,0.32,1.34,68571.86,164005.3018
000999.SZ,20160627,23.45,23.95,23.3,23.82,23.53,0.29,1.23,52177.24,124025.5312
000999.SZ,20160624,23.49,23.83,22.85,23.53,23.57,-0.04,-0.17,40399.67,94655.7596
000999.SZ,20160623,23.47,23.75,23.3,23.57,23.5,0.07,0.3,35681.43,84150.8838
000999.SZ,20160622,22.92,23.5,22.83,23.5,23.03,0.47,2.04,29203.8,68084.7486
000999.SZ,20160621,23.4,23.64,22.94,23.03,23.38,-0.35,-1.5,31008.36,72025.4296
000999.SZ,20160620,23.28,23.48,22.9,23.38,23.33,0.05,0.21,18985.23,44075.6267
000999.SZ,20160617,23.07,23.63,23.07,23.33,23.18,0.15,0.65,26597.63,62224.5594
000999.SZ,20160616,23.66,23.66,23.05,23.18,23.67,-0.49,-2.07,29282.99,68278.7221
000999.SZ,20160615,22.89,23.77,22.84,23.67,23.07,0.6,2.6,42797.44,100414.2649
000999.SZ,20160614,22.64,23.18,22.64,23.07,22.7,0.37,1.63,25393.84,58334.1458
000999.SZ,20160613,23.09,23.3,22.7,22.7,23.47,-0.77,-3.28,30520.43,70631.2567
000999.SZ,20160608,23.71,23.81,23.35,23.47,23.91,-0.44,-1.84,34542.75,81398.6422
000999.SZ,20160607,24.03,24.7,23.8,23.91,24.13,-0.22,-0.91,92619.1,224512.4325
000999.SZ,20160606,23.28,24.19,23.13,24.13,23.28,0.85,3.65,70988.75,166323.4567
000999.SZ,20160603,22.93,23.36,22.75,23.28,22.86,0.42,1.84,62594.96,144704.5983
000999.SZ,20160602,22.71,22.95,22.62,22.86,22.72,0.14,0.62,36407.64,82953.077
000999.SZ,20160601,22.84,22.93,22.66,22.72,22.85,-0.13,-0.57,31475.39,71751.4557
000999.SZ,20160531,22.11,22.85,22.11,22.85,22.1,0.75,3.39,50392.05,114017.9531
000999.SZ,20160530,22.2,22.28,21.82,22.1,22.33,-0.23,-1.03,12514.19,27642.8802
000999.SZ,20160527,22.15,22.43,22.01,22.33,22.25,0.08,0.36,25611.35,56908.0615
000999.SZ,20160526,22.49,22.53,21.84,22.25,22.5,-0.25,-1.11,39495.23,87457.6219
000999.SZ,20160525,23.09,23.16,22.5,22.5,22.94,-0.44,-1.92,35742.82,81579.575
000999.SZ,20160524,22.83,23.07,22.64,22.94,22.89,0.05,0.22,32016.94,73211.6125
000999.SZ,20160523,23.07,23.08,22.8,22.89,22.97,-0.08,-0.35,21401.81,49025.7956
000999.SZ,20160520,22.4,23.14,22.35,22.97,22.65,0.32,1.41,35228.46,80484.2182
000999.SZ,20160519,22.78,22.95,22.5,22.65,22.79,-0.14,-0.61,28260.07,64181.5803
000999.SZ,20160518,22.81,23.01,22.32,22.79,22.88,-0.09,-0.39,31332.28,71349.1627
000999.SZ,20160517,23.0,23.17,22.7,22.88,23.07,-0.19,-0.82,30120.14,69038.6424
000999.SZ,20160516,21.83,23.18,21.8,23.07,22.02,1.05,4.77,73658.98,167574.2212
000999.SZ,20160513,21.84,22.04,21.84,22.02,21.99,0.03,0.14,26894.62,58972.1142
000999.SZ,20160512,21.9,22.04,21.6,21.99,22.16,-0.17,-0.77,30178.14,66059.6428
000999.SZ,20160511,21.35,22.68,21.35,22.16,21.33,0.83,3.89,65578.24,145062.4129
000999.SZ,20160510,21.55,21.74,21.23,21.33,21.48,-0.15,-0.7,28779.47,61925.9924
000999.SZ,20160509,21.98,21.98,21.4,21.48,22.11,-0.63,-2.85,33005.46,71323.5468
000999.SZ,20160506,22.55,22.75,22.08,22.11,22.74,-0.63,-2.77,29731.52,66680.6028
000999.SZ,20160505,22.77,22.81,22.44,22.74,22.77,-0.03,-0.13,38850.67,87774.7665
000999.SZ,20160504,22.06,23.01,22.06,22.77,22.17,0.6,2.71,70599.7,159712.0268
000999.SZ,20160503,21.55,22.25,21.46,22.17,21.55,0.62,2.88,46213.85,101820.9963
000999.SZ,20160429,21.66,21.76,21.49,21.55,21.8,-0.25,-1.15,30072.31,64952.4203
000999.SZ,20160428,22.09,22.24,21.49,21.8,22.16,-0.36,-1.62,27057.1,58955.973
000999.SZ,20160427,22.51,22.52,22.06,22.16,22.52,-0.36,-1.6,27555.51,61427.6034
000999.SZ,20160426,22.41,22.58,22.22,22.52,22.7,-0.18,-0.79,29689.38,66480.0984
000999.SZ,20160425,22.26,22.75,22.02,22.7,22.3,0.4,1.79,32472.9,72573.686
000999.SZ,20160422,22.19,22.33,22.04,22.3,22.21,0.09,0.41,15668.99,34808.9373
000999.SZ,20160421,22.28,22.62,22.18,22.21,22.45,-0.24,-1.07,25778.03,57709.5102
000999.SZ,20160420,22.78,22.89,22.01,22.45,22.77,-0.32,-1.41,49414.45,110790.995
000999.SZ,20160419,22.84,22.9,22.61,22.77,22.7,0.07,0.31,16810.54,38194.7494
000999.SZ,20160418,23.2,23.2,22.66,22.7,23.27,-0.57,-2.45,26511.85,60444.3675
000999.SZ,20160415,23.33,23.39,23.1,23.27,23.35,-0.08,-0.34,14416.15,33488.9424
000999.SZ,20160414,23.25,23.4,23.0,23.35,23.17,0.18,0.78,21045.13,48893.4228
000999.SZ,20160413,22.87,23.45,22.87,23.17,22.77,0.4,1.76,44620.76,103735.5742
000999.SZ,20160412,22.77,22.98,22.58,22.77,22.97,-0.2,-0.87,25180.45,57257.7848
000999.SZ,20160411,22.59,23.25,22.59,22.97,22.43,0.54,2.41,48422.12,110919.181
000999.SZ,20160408,22.72,22.8,22.3,22.43,22.73,-0.3,-1.32,41162.69,92443.3604
000999.SZ,20160407,23.43,23.5,22.6,22.73,23.42,-0.69,-2.95,42319.12,97323.9469
000999.SZ,20160406,23.2,23.51,23.16,23.42,23.4,0.02,0.09,25015.15,58451.143
000999.SZ,20160405,22.9,23.75,22.55,23.4,22.9,0.5,2.18,52441.96,121339.0065
000999.SZ,20160401,23.07,23.11,22.52,22.9,23.18,-0.28,-1.21,32301.5,73786.3971
000999.SZ,20160331,23.09,23.6,23.04,23.18,23.08,0.1,0.43,47180.48,110057.936
000999.SZ,20160330,22.59,23.13,22.41,23.08,22.28,0.8,3.59,49717.07,113830.3761
000999.SZ,20160329,22.8,22.86,22.13,22.28,22.84,-0.56,-2.45,33140.35,74328.5026
000999.SZ,20160328,23.0,23.6,22.66,22.84,23.16,-0.32,-1.38,51811.35,120290.0454
000999.SZ,20160325,22.7,23.33,22.03,23.16,22.8,0.36,1.58,66593.84,150914.8326
000999.SZ,20160324,22.21,23.18,22.03,22.8,22.29,0.51,2.29,73078.86,165323.9137
000999.SZ,20160323,22.37,22.6,22.11,22.29,22.47,-0.18,-0.8,37999.15,84744.2642
000999.SZ,20160322,22.3,22.57,22.2,22.47,22.47,0.0,0.0,32392.05,72674.3954
000999.SZ,20160321,22.46,22.52,22.21,22.47,22.2,0.27,1.22,48631.57,108921.2446
000999.SZ,20160318,21.79,22.37,21.79,22.2,21.84,0.36,1.65,61733.14,136678.7469
000999.SZ,20160317,21.3,21.98,21.3,21.84,21.29,0.55,2.58,44466.65,96376.5465
000999.SZ,20160316,21.55,21.65,21.06,21.29,21.55,-0.26,-1.21,26495.06,56489.8172
000999.SZ,20160315,21.47,21.58,21.2,21.55,21.49,0.06,0.28,27304.57,58470.3789
000999.SZ,20160314,20.99,21.75,20.99,21.49,20.75,0.74,3.57,34792.6,74658.0914
000999.SZ,20160311,20.8,20.97,20.5,20.75,21.0,-0.25,-1.19,19537.58,40591.5958
000999.SZ,20160310,21.27,21.42,20.98,21.0,21.37,-0.37,-1.73,26755.36,56862.8934
000999.SZ,20160309,20.95,21.5,20.86,21.37,21.35,0.02,0.09,26446.56,56123.8769
000999.SZ,20160308,21.32,21.52,20.53,21.35,21.31,0.04,0.19,33500.0,70548.7663
000999.SZ,20160307,21.08,21.47,21.08,21.31,20.93,0.38,1.82,25978.24,55332.6289
000999.SZ,20160304,21.13,21.28,20.79,20.93,21.18,-0.25,-1.18,32745.55,68894.4899
000999.SZ,20160303,21.08,21.53,21.05,21.18,21.25,-0.07,-0.33,61262.0,130426.9859
000999.SZ,20160302,20.57,21.29,20.49,21.25,20.54,0.71,3.46,30774.29,64563.3852
000999.SZ,20160301,20.03,20.63,19.92,20.54,20.03,0.51,2.55,27794.88,56227.7725
000999.SZ,20160229,20.67,20.67,19.69,20.03,20.69,-0.66,-3.19,40581.4,81002.3088
000999.SZ,20160226,20.43,20.84,20.06,20.69,20.19,0.5,2.48,42100.45,86505.7314
000999.SZ,20160225,21.89,21.9,19.98,20.19,21.92,-1.73,-7.89,44009.39,92251.4291
000999.SZ,20160224,21.82,22.06,21.47,21.92,22.0,-0.08,-0.36,39226.86,85326.1678
000999.SZ,20160223,22.22,22.34,21.8,22.0,22.36,-0.36,-1.61,30086.57,66357.0183
000999.SZ,20160222,22.3,22.48,22.0,22.36,22.17,0.19,0.86,42942.62,95459.2753
000999.SZ,20160219,21.77,22.21,21.66,22.17,21.77,0.4,1.84,34011.34,74606.1133
000999.SZ,20160218,22.0,22.05,21.7,21.77,21.9,-0.13,-0.59,25886.83,56571.1313
000999.SZ,20160217,21.77,21.97,21.41,21.9,21.81,0.09,0.41,32431.22,70414.7709
000999.SZ,20160216,21.25,21.95,21.25,21.81,21.18,0.63,2.97,27567.78,59716.0184
000999.SZ,20160215,20.88,21.54,20.57,21.18,21.11,0.07,0.33,25696.78,54226.2826
000999.SZ,20160205,21.32,21.48,21.1,21.11,21.35,-0.24,-1.12,22041.41,46948.9961
000999.SZ,20160204,21.22,21.52,21.01,21.35,21.08,0.27,1.28,27478.43,58520.5068
000999.SZ,20160203,20.65,21.31,20.51,21.08,20.93,0.15,0.72,30708.08,64221.9032
000999.SZ,20160202,20.32,20.93,20.32,20.93,20.32,0.61,3.0,27235.32,56533.709
000999.SZ,20160201,20.8,20.92,20.19,20.32,20.81,-0.49,-2.35,33042.48,67929.0043
000999.SZ,20160129,20.39,21.13,20.17,20.81,20.36,0.45,2.21,49578.77,102261.8868
000999.SZ,20160128,20.16,20.72,19.68,20.36,20.53,-0.17,-0.83,46062.92,93803.8987
000999.SZ,20160127,20.44,20.79,19.78,20.53,20.55,-0.02,-0.1,46512.12,94021.0977
000999.SZ,20160126,22.16,22.17,20.42,20.55,22.2,-1.65,-7.43,49173.57,104557.8025
000999.SZ,20160125,22.35,22.45,22.1,22.2,22.14,0.06,0.27,18994.2,42317.2762
000999.SZ,20160122,22.24,22.33,21.8,22.14,22.01,0.13,0.59,17303.83,38238.5656
000999.SZ,20160121,22.4,22.85,22.01,22.01,22.62,-0.61,-2.7,26957.11,60367.4571
000999.SZ,20160120,22.94,23.11,22.36,22.62,23.03,-0.41,-1.78,29449.55,66984.2076
000999.SZ,20160119,22.25,23.08,22.2,23.03,22.5,0.53,2.36,29629.1,67397.5052
000999.SZ,20160118,22.0,22.7,21.76,22.5,22.09,0.41,1.86,23436.32,52400.1818
000999.SZ,20160115,22.79,22.9,22.0,22.09,22.96,-0.87,-3.79,30166.21,67640.4548
000999.SZ,20160114,21.97,23.05,21.72,22.96,22.39,0.57,2.55,41710.73,93107.4428
000999.SZ,20160113,23.39,23.59,22.01,22.39,23.32,-0.93,-3.99,41562.66,96548.7629
000999.SZ,20160112,23.13,23.54,22.96,23.32,23.1,0.22,0.95,24188.32,56261.2493
000999.SZ,20160111,23.7,24.3,23.1,23.1,24.3,-1.2,-4.94,56397.02,134015.9111
000999.SZ,20160108,24.32,24.65,23.52,24.3,23.72,0.58,2.45,66204.16,160863.4515
000999.SZ,20160107,25.24,25.24,23.6,23.72,25.6,-1.88,-7.34,10000.0,24384.0729
000999.SZ,20160106,25.4,25.64,25.2,25.6,25.27,0.33,1.31,42155.93,107199.8327
000999.SZ,20160105,24.6,25.67,24.32,25.27,25.27,0.0,0.0,80681.15,202200.0305
000999.SZ,20160104,27.2,27.69,25.16,25.27,27.3,-2.03,-7.44,46173.24,122916.6519
000999.SZ,20151231,27.09,27.67,26.9,27.3,27.2,0.1,0.37,76986.57,210257.0515
000999.SZ,20151230,26.94,27.2,26.76,27.2,26.81,0.39,1.45,47307.62,127558.5364
000999.SZ,20151229,26.74,26.82,26.28,26.81,26.65,0.16,0.6,37813.81,100405.2617
000999.SZ,20151228,27.33,27.75,26.48,26.65,27.32,-0.67,-2.45,54030.19,147028.2931
000999.SZ,20151225,27.13,27.39,27.08,27.32,27.08,0.24,0.89,31539.8,85895.292
000999.SZ,20151224,27.51,27.63,26.72,27.08,27.6,-0.52,-1.88,50774.43,137376.558
000999.SZ,20151223,27.8,28.36,27.4,27.6,27.74,-0.14,-0.5,92814.46,258906.4965
000999.SZ,20151222,27.88,27.99,27.49,27.74,27.88,-0.14,-0.5,55331.16,153266.15
000999.SZ,20151221,26.51,28.1,26.5,27.88,26.59,1.29,4.85,116586.62,321585.0153
000999.SZ,20151218,26.75,26.75,26.42,26.59,26.7,-0.11,-0.41,42872.66,113958.4609
000999.SZ,20151217,26.12,26.74,26.12,26.7,26.07,0.63,2.42,51072.81,135554.3595
000999.SZ,20151216,26.01,26.18,25.9,26.07,25.89,0.18,0.7,32192.01,83915.4615
000999.SZ,20151215,25.88,26.24,25.83,25.89,25.94,-0.05,-0.19,39573.84,102877.8375
000999.SZ,20151214,25.3,25.98,25.15,25.94,25.68,0.26,1.01,51330.97,130883.648
000999.SZ,20151211,26.19,26.21,25.5,25.68,26.24,-0.56,-2.13,52773.07,136436.8227
000999.SZ,20151210,26.19,26.66,26.1,26.24,26.12,0.12,0.46,31550.5,83222.9038
000999.SZ,20151209,26.1,26.4,25.84,26.12,26.03,0.09,0.35,30302.65,79133.7038
000999.SZ,20151208,26.53,26.68,25.98,26.03,26.88,-0.85,-3.16,44914.46,117967.5584
000999.SZ,20151207,26.34,27.3,26.16,26.88,26.0,0.88,3.38,84033.21,226236.954
000999.SZ,20151204,26.36,26.49,26.0,26.0,26.49,-0.49,-1.85,28947.41,75791.2108
000999.SZ,20151203,26.34,26.66,26.2,26.49,26.26,0.23,0.88,26268.18,69551.0983
000999.SZ,20151202,26.2,26.65,25.97,26.26,26.3,-0.04,-0.15,42688.67,112282.3971
000999.SZ,20151201,25.5,26.34,25.29,26.3,25.5,0.8,3.14,43291.34,112110.8229
000999.SZ,20151130,25.4,25.91,24.33,25.5,25.3,0.2,0.79,67707.97,170523.7721
000999.SZ,20151127,27.0,27.0,25.12,25.3,27.0,-1.7,-6.3,60646.22,159260.6817
000999.SZ,20151126,27.57,27.57,27.0,27.0,27.42,-0.42,-1.53,49233.21,134162.75
000999.SZ,20151125,27.19,27.43,26.92,27.42,27.16,0.26,0.96,46991.3,127981.8128
000999.SZ,20151124,27.09,27.19,26.82,27.16,27.11,0.05,0.18,33655.91,90720.2708
000999.SZ,20151123,27.11,27.47,26.91,27.11,27.11,0.0,0.0,44240.08,120257.5438
000999.SZ,20151120,27.15,27.27,26.9,27.11,27.18,-0.07,-0.26,40411.26,109496.4447
000999.SZ,20151119,26.8,27.23,26.67,27.18,26.69,0.49,1.84,38582.57,103977.1487
000999.SZ,20151118,27.04,27.17,26.68,26.69,27.0,-0.31,-1.15,53344.04,143282.0238
000999.SZ,20151117,27.25,27.64,27.0,27.0,27.18,-0.18,-0.66,72928.04,199414.2788
000999.SZ,20151116,26.88,27.19,26.75,27.18,27.33,-0.15,-0.55,74106.86,199700.266
000999.SZ,20151113,27.83,27.95,27.11,27.33,28.12,-0.79,-2.81,42209.43,116441.4252
000999.SZ,20151112,27.92,28.44,27.65,28.12,27.89,0.23,0.82,53016.38,148692.9691
000999.SZ,20151111,27.9,28.06,27.38,27.89,27.93,-0.04,-0.14,58218.72,161615.8297
000999.SZ,20151110,27.97,28.18,27.74,27.93,28.15,-0.22,-0.78,59587.67,166612.459
000999.SZ,20151109,27.99,28.5,27.61,28.15,27.81,0.34,1.22,97398.69,273266.8796
000999.SZ,20151106,27.65,27.88,27.45,27.81,27.45,0.36,1.31,77459.13,214266.7476
000999.SZ,20151105,27.3,28.24,27.02,27.45,27.44,0.01,0.04,116375.29,321310.4286
000999.SZ,20151104,26.48,27.44,26.4,27.44,26.44,1.0,3.78,116964.48,316627.1299
000999.SZ,20151103,26.51,26.7,26.03,26.44,26.49,-0.05,-0.19,48327.33,127663.176
000999.SZ,20151102,26.01,27.01,25.8,26.49,26.28,0.21,0.8,73121.32,194294.2228
000999.SZ,20151030,26.3,26.75,25.85,26.28,26.16,0.12,0.46,67686.77,178185.0752
000999.SZ,20151029,25.9,26.38,25.65,26.16,25.59,0.57,2.23,63357.13,165377.1564
000999.SZ,20151028,26.26,26.64,25.37,25.59,26.25,-0.66,-2.51,65427.31,170521.0169
000999.SZ,20151027,26.13,26.38,25.01,26.25,26.45,-0.2,-0.76,62505.87,161495.6601
000999.SZ,20151026,27.03,27.18,26.2,26.45,26.7,-0.25,-0.94,80535.44,214127.527
000999.SZ,20151023,26.21,26.88,26.12,26.7,25.95,0.75,2.89,104165.69,276459.5605
000999.SZ,20151022,25.0,25.95,24.9,25.95,24.91,1.04,4.18,61503.5,157034.4737
000999.SZ,20151021,26.09,26.84,24.8,24.91,25.92,-1.01,-3.9,106315.38,277639.7297
000999.SZ,20151020,25.63,25.99,25.25,25.92,25.65,0.27,1.05,59204.94,152109.5663
000999.SZ,20151019,25.85,26.2,25.36,25.65,25.79,-0.14,-0.54,74216.06,191671.0459
000999.SZ,20151016,25.6,25.9,25.37,25.79,25.44,0.35,1.38,91699.5,235371.109
000999.SZ,20151015,25.03,25.58,24.89,25.44,25.09,0.35,1.4,94248.88,238816.3348
000999.SZ,20151014,25.11,25.5,24.98,25.09,25.15,-0.06,-0.24,54871.84,138529.7102
000999.SZ,20151013,25.02,25.28,24.82,25.15,25.39,-0.24,-0.95,57965.53,145263.843
000999.SZ,20151012,24.5,25.54,24.42,25.39,24.43,0.96,3.93,75266.77,188694.2218
000999.SZ,20151009,24.31,24.54,24.17,24.43,24.36,0.07,0.29,46453.85,113200.4687
000999.SZ,20151008,24.6,24.89,24.16,24.36,23.3,1.06,4.55,80432.22,196480.757
000999.SZ,20150930,23.15,23.37,23.02,23.3,23.09,0.21,0.91,27363.03,63618.9556
000999.SZ,20150929,23.69,23.69,23.0,23.09,24.03,-0.94,-3.91,55320.78,128614.6882
000999.SZ,20150928,23.91,24.2,23.66,24.03,23.93,0.1,0.42,24222.69,57892.3882
000999.SZ,20150925,24.48,24.73,23.5,23.93,24.53,-0.6,-2.45,28243.17,68437.8222
000999.SZ,20150924,24.33,24.55,24.16,24.53,24.14,0.39,1.62,25254.67,61649.5177
000999.SZ,20150923,24.2,24.45,24.0,24.14,24.61,-0.47,-1.91,26184.25,63401.3303
000999.SZ,20150922,24.57,24.88,24.39,24.61,24.58,0.03,0.12,37599.03,92826.9741
000999.SZ,20150921,23.6,24.75,23.55,24.58,23.81,0.77,3.23,42588.12,103557.7068
000999.SZ,20150918,24.1,24.25,23.55,23.81,23.9,-0.09,-0.38,28156.38,67244.8884
000999.SZ,20150917,24.59,24.99,23.88,23.9,24.81,-0.91,-3.67,53762.59,131396.5697
000999.SZ,20150916,23.04,25.15,22.86,24.81,22.95,1.86,8.1,49335.23,117462.451
000999.SZ,20150915,22.75,23.62,22.5,22.95,22.9,0.05,0.22,64156.7,148573.4021
000999.SZ,20150914,25.11,25.21,22.75,22.9,24.92,-2.02,-8.11,79022.42,189551.6053
000999.SZ,20150911,25.6,25.6,24.5,24.92,25.41,-0.49,-1.93,53994.04,135172.8002
000999.SZ,20150910,25.81,26.05,25.4,25.41,26.13,-0.72,-2.76,38362.96,98706.4425
000999.SZ,20150909,25.42,26.38,25.2,26.13,25.39,0.74,2.91,71178.46,184577.3811
000999.SZ,20150908,24.7,25.5,24.15,25.39,24.85,0.54,2.17,66448.97,164923.2148
000999.SZ,20150907,25.97,27.18,24.78,24.85,26.14,-1.29,-4.94,97425.57,253932.0609
000999.SZ,20150902,24.56,26.26,24.5,26.14,25.96,0.18,0.69,120814.75,309813.4518
000999.SZ,20150901,25.72,26.02,24.1,25.96,26.06,-0.1,-0.38,99997.85,252966.0951
000999.SZ,20150831,25.68,26.1,24.65,26.06,26.13,-0.07,-0.27,88376.02,223889.8037
000999.SZ,20150828,25.25,26.45,25.01,26.13,24.89,1.24,4.98,94757.67,241693.7315
000999.SZ,20150827,24.05,24.9,23.49,24.89,23.38,1.51,6.46,71055.18,172021.57
000999.SZ,20150826,23.0,24.68,22.61,23.38,22.6,0.78,3.45,91405.48,214603.2176
000999.SZ,20150825,23.5,25.29,22.6,22.6,25.11,-2.51,-10.0,126594.54,295042.2576
000999.SZ,20150824,26.76,27.65,25.11,25.11,27.9,-2.79,-10.0,109787.37,279062.6004
000999.SZ,20150821,29.7,30.39,27.86,27.9,30.21,-2.31,-7.65,71149.18,205455.3758
000999.SZ,20150820,30.81,31.34,30.2,30.21,31.47,-1.26,-4.0,47350.26,145880.3199
000999.SZ,20150819,29.75,31.54,29.01,31.47,30.6,0.87,2.84,91310.96,277756.3783
000999.SZ,20150818,34.0,34.0,30.6,30.6,34.0,-3.4,-10.0,103380.6,333824.9789
000999.SZ,20150817,32.25,34.0,32.04,34.0,32.45,1.55,4.78,113668.81,378513.6976
000999.SZ,20150814,33.06,33.3,32.01,32.45,32.91,-0.46,-1.4,104041.43,338391.7125
000999.SZ,20150813,32.95,32.97,31.93,32.91,33.0,-0.09,-0.27,78788.38,255970.1524
000999.SZ,20150812,32.04,33.55,31.9,33.0,32.51,0.49,1.51,100560.02,331154.6545
000999.SZ,20150811,32.67,34.36,32.35,32.51,32.67,-0.16,-0.49,141281.52,470061.386
000999.SZ,20150810,31.88,33.1,31.2,32.67,31.07,1.6,5.15,106442.05,342574.7368
000999.SZ,20150807,30.39,31.39,30.39,31.07,30.22,0.85,2.81,57164.09,176910.2728
000999.SZ,20150806,30.1,30.87,29.98,30.22,30.7,-0.48,-1.56,46598.67,141920.8688
000999.SZ,20150805,31.48,31.77,30.62,30.7,31.69,-0.99,-3.12,94232.17,293627.3177
000999.SZ,20150804,29.7,31.79,29.67,31.69,29.96,1.73,5.77,140111.35,433568.9061
000999.SZ,20150803,29.8,30.53,28.6,29.96,30.23,-0.27,-0.89,101224.96,299701.236
000999.SZ,20150731,28.51,30.38,28.2,30.23,28.78,1.45,5.04,141120.08,419447.3121
000999.SZ,20150730,30.1,30.7,28.7,28.78,30.5,-1.72,-5.64,74781.45,224529.797
000999.SZ,20150729,28.5,30.5,28.1,30.5,28.37,2.13,7.51,116455.5,338799.2309
000999.SZ,20150728,26.7,28.88,25.0,28.37,27.54,0.83,3.01,163851.31,447235.3659
000999.SZ,20150727,29.7,30.19,27.54,27.54,30.6,-3.06,-10.0,146705.07,424778.8308
000999.SZ,20150724,31.2,31.49,30.0,30.6,31.38,-0.78,-2.49,129677.71,399859.087
000999.SZ,20150723,29.83,31.8,29.55,31.38,29.95,1.43,4.77,153819.6,476673.5089
000999.SZ,20150722,28.88,30.0,28.5,29.95,29.02,0.93,3.2,122466.86,359277.0845
000999.SZ,20150721,28.6,29.48,28.05,29.02,29.0,0.02,0.07,102729.78,297709.9554
000999.SZ,20150720,29.11,30.05,28.38,29.0,29.1,-0.1,-0.34,151716.51,441215.9194
000999.SZ,20150717,27.9,29.45,27.44,29.1,27.36,1.74,6.36,124616.01,355611.0033
000999.SZ,20150716,26.24,27.9,24.95,27.36,26.24,1.12,4.27,125963.38,339505.4778
000999.SZ,20150715,28.01,28.68,26.24,26.24,29.15,-2.91,-9.98,181507.39,494723.6805
000999.SZ,20150714,28.5,31.13,28.0,29.15,29.56,-0.41,-1.39,248353.8,737257.9116
000999.SZ,20150713,28.4,29.56,27.03,29.56,26.87,2.69,10.01,299238.1,859366.4431
000999.SZ,20150710,25.38,26.87,25.38,26.87,24.43,2.44,9.99,90252.43,239811.5422
000999.SZ,20150709,22.61,24.84,22.61,24.84,22.58,2.26,10.01,187684.03,454210.755
000999.SZ,20150708,22.01,23.85,22.01,22.58,24.45,-1.87,-7.65,348779.38,797639.3529
000999.SZ,20150707,25.2,25.65,23.49,24.45,26.1,-1.65,-6.32,355105.68,868887.0178
000999.SZ,20150706,29.01,29.14,23.88,26.1,26.5,-0.4,-1.51,271763.54,716466.4336
000999.SZ,20150703,27.22,28.67,24.62,26.5,27.35,-0.85,-3.11,172251.51,456954.8792
000999.SZ,20150702,29.22,29.92,26.35,27.35,29.17,-1.82,-6.24,139215.36,394535.4194
000999.SZ,20150701,29.89,31.37,29.01,29.17,30.39,-1.22,-4.01,145995.72,445919.8943
000999.SZ,20150630,27.93,30.39,27.2,30.39,27.63,2.76,9.99,183892.79,530734.1376
000999.SZ,20150629,31.24,31.48,27.44,27.63,30.49,-2.86,-9.38,256645.07,737290.477
000999.SZ,20150626,32.98,32.98,30.49,30.49,33.88,-3.39,-10.01,213873.88,668099.5162
000999.SZ,20150625,36.6,36.6,33.76,33.88,36.69,-2.81,-7.66,123291.44,437376.7116
000999.SZ,20150624,36.0,36.93,35.5,36.69,36.08,0.61,1.69,114259.44,414596.1007
000999.SZ,20150623,34.8,36.33,33.2,36.08,35.6,0.48,1.35,108874.64,380966.6182
000999.SZ,20150619,36.2,37.48,33.48,35.6,37.2,-1.6,-4.3,157483.59,552076.0805
000999.SZ,20150618,39.38,40.5,36.0,37.2,39.39,-2.19,-5.56,125196.13,483783.4081
000999.SZ,20150617,39.5,39.78,37.68,39.39,39.93,-0.54,-1.35,105002.76,407709.3946
000999.SZ,20150616,37.54,41.58,36.45,39.93,37.8,2.13,5.63,253904.19,1002254.2812
000999.SZ,20150615,39.39,39.48,37.43,37.8,39.36,-1.56,-3.96,130917.95,502005.0096
000999.SZ,20150612,40.2,41.08,39.27,39.36,39.65,-0.29,-0.73,123478.49,493813.6174
000999.SZ,20150611,38.6,39.71,38.19,39.65,38.71,0.94,2.43,125819.98,490095.3288
000999.SZ,20150610,38.45,39.0,37.65,38.71,38.79,-0.08,-0.21,111940.06,431083.8949
000999.SZ,20150609,39.9,40.49,38.05,38.79,39.89,-1.1,-2.76,139668.66,545961.4673
000999.SZ,20150608,38.5,41.14,38.48,39.89,38.48,1.41,3.66,200863.4,802961.2658
000999.SZ,20150605,37.6,38.95,37.11,38.48,37.27,1.21,3.25,182413.69,696539.4879
000999.SZ,20150604,37.98,37.98,35.2,37.27,38.0,-0.73,-1.92,157829.53,578650.1438
000999.SZ,20150603,36.17,38.06,35.56,38.0,36.17,1.83,5.06,218325.7,802760.1046
000999.SZ,20150602,36.05,36.18,35.0,36.17,35.82,0.35,0.98,164349.83,586549.3243
000999.SZ,20150601,33.85,35.98,33.75,35.82,33.63,2.19,6.51,154456.9,539358.6947
000999.SZ,20150529,32.9,34.2,31.54,33.63,32.9,0.73,2.22,158126.48,527060.7804
000999.SZ,20150528,35.55,35.84,32.8,32.9,35.55,-2.65,-7.45,170320.73,589802.0153
000999.SZ,20150527,35.49,36.13,34.6,35.55,35.35,0.2,0.57,164865.88,582340.5407
000999.SZ,20150526,35.05,36.0,34.7,35.35,35.02,0.33,0.94,142810.97,502771.5588
000999.SZ,20150525,33.7,35.69,33.5,35.02,33.85,1.17,3.46,209448.66,729755.8191
000999.SZ,20150522,34.6,34.6,33.41,33.85,34.18,-0.33,-0.97,137363.8,463993.2938
000999.SZ,20150521,32.85,34.68,32.01,34.18,32.6,1.58,4.85,168619.82,562288.3341
000999.SZ,20150520,32.85,33.49,32.45,32.6,32.84,-0.24,-0.73,143905.93,473028.1408
000999.SZ,20150519,32.34,33.2,31.78,32.84,32.31,0.53,1.64,101366.33,328950.3521
000999.SZ,20150518,31.13,32.5,31.01,32.31,31.3,1.01,3.23,133179.95,425722.7334
000999.SZ,20150515,31.96,31.96,31.03,31.3,32.1,-0.8,-2.49,108823.03,341785.7851
000999.SZ,20150514,32.95,33.15,31.7,32.1,33.09,-0.99,-2.99,135509.14,436248.8227
000999.SZ,20150513,31.8,33.75,31.8,33.09,32.43,0.66,2.04,150245.61,495762.3323
000999.SZ,20150512,32.0,32.5,31.4,32.43,32.15,0.28,0.87,134796.28,430601.0335
000999.SZ,20150511,31.98,32.38,31.57,32.15,31.57,0.58,1.84,147442.45,470484.9936
000999.SZ,20150508,30.76,31.67,30.75,31.57,30.55,1.02,3.34,101684.48,317580.01
000999.SZ,20150507,30.28,31.15,30.1,30.55,30.28,0.27,0.89,100290.62,307566.0819
000999.SZ,20150506,30.2,31.5,30.01,30.28,30.2,0.08,0.26,132252.64,406744.1729
000999.SZ,20150505,32.3,32.37,29.5,30.2,32.35,-2.15,-6.65,138593.73,429276.3738
000999.SZ,20150504,30.36,32.6,29.81,32.35,30.07,2.28,7.58,166841.82,519216.6993
000999.SZ,20150430,30.54,30.81,30.02,30.07,30.54,-0.47,-1.54,92836.88,282517.8485
000999.SZ,20150429,30.1,30.85,29.71,30.54,30.0,0.54,1.8,120842.96,368164.8307
000999.SZ,20150428,30.73,31.23,29.37,30.0,31.01,-1.01,-3.26,183480.38,550246.1912
000999.SZ,20150427,31.38,32.4,30.78,31.01,31.41,-0.4,-1.27,147764.88,464355.9042
000999.SZ,20150424,30.58,31.7,30.1,31.41,31.06,0.35,1.13,153849.35,473697.1713
000999.SZ,20150423,31.6,31.89,30.75,31.06,31.6,-0.54,-1.71,193886.78,609320.0408
000999.SZ,20150422,30.91,31.98,30.39,31.6,30.0,1.6,5.33,272467.84,849100.2858
000999.SZ,20150421,29.0,30.0,28.18,30.0,28.18,1.82,6.46,236788.15,689957.9976
000999.SZ,20150420,29.0,29.9,27.89,28.18,28.86,-0.68,-2.36,192969.26,562191.9934
000999.SZ,20150417,29.01,29.15,28.52,28.86,28.68,0.18,0.63,131597.56,379933.9146
000999.SZ,20150416,27.8,29.49,27.6,28.68,28.21,0.47,1.67,126381.21,361170.7986
000999.SZ,20150415,29.5,29.5,28.21,28.21,29.52,-1.31,-4.44,115662.35,332961.5313
000999.SZ,20150414,29.66,30.45,29.28,29.52,29.86,-0.34,-1.14,144580.19,431741.6859
000999.SZ,20150413,29.51,30.71,29.31,29.86,29.51,0.35,1.19,200134.18,601225.689
000999.SZ,20150410,27.11,29.91,26.91,29.51,27.2,2.31,8.49,240588.11,682473.2442
000999.SZ,20150409,27.8,27.97,26.38,27.2,27.9,-0.7,-2.51,183516.03,495910.1577
000999.SZ,20150408,28.52,28.58,27.53,27.9,28.42,-0.52,-1.83,169464.09,475290.6797
000999.SZ,20150407,27.23,28.59,27.11,28.42,27.2,1.22,4.49,209955.51,581127.6133
000999.SZ,20150403,27.21,27.4,26.92,27.2,27.2,0.0,0.0,149675.26,406271.9161
000999.SZ,20150402,26.98,27.5,26.74,27.2,26.81,0.39,1.45,175252.12,474933.5985
000999.SZ,20150401,26.72,27.04,26.7,26.81,26.72,0.09,0.34,146263.35,392795.6139
000999.SZ,20150331,26.78,27.26,26.67,26.72,26.76,-0.04,-0.15,153176.44,412942.8747
000999.SZ,20150330,26.43,26.99,26.37,26.76,26.44,0.32,1.21,148817.52,396436.0226
000999.SZ,20150327,26.62,26.77,26.37,26.44,26.62,-0.18,-0.68,87688.49,232389.5966
000999.SZ,20150326,26.69,27.55,26.38,26.62,26.69,-0.07,-0.26,146670.66,393822.7411
000999.SZ,20150325,26.31,26.97,26.31,26.69,26.31,0.38,1.44,220803.48,588814.168
000999.SZ,20150324,25.98,26.63,25.3,26.31,26.01,0.3,1.15,220324.03,573382.8698
000999.SZ,20150323,26.05,26.16,25.69,26.01,25.87,0.14,0.54,182054.49,472053.9886
000999.SZ,20150320,25.79,25.94,25.53,25.87,25.79,0.08,0.31,153654.99,395965.4625
000999.SZ,20150319,25.6,26.26,25.35,25.79,25.6,0.19,0.74,158028.52,407524.344
000999.SZ,20150318,25.5,25.7,25.09,25.6,25.54,0.06,0.23,166099.11,422901.5687
000999.SZ,20150317,25.81,25.95,25.33,25.54,25.68,-0.14,-0.55,147029.76,376161.0833
000999.SZ,20150316,24.98,25.95,24.7,25.68,25.0,0.68,2.72,212823.27,539993.4016
000999.SZ,20150313,24.01,25.62,24.01,25.0,23.95,1.05,4.38,297228.91,740693.5254
000999.SZ,20150312,23.5,23.98,23.43,23.95,23.64,0.31,1.31,98230.05,232724.8891
000999.SZ,20150311,24.0,24.29,23.55,23.64,24.2,-0.56,-2.31,138586.24,329139.5771
000999.SZ,20150310,24.02,24.42,23.87,24.2,24.02,0.18,0.75,118070.93,285846.4649
000999.SZ,20150309,23.62,24.16,23.2,24.02,23.69,0.33,1.39,79298.22,187129.5927
000999.SZ,20150306,23.89,23.89,23.52,23.69,24.1,-0.41,-1.7,102960.71,244214.0813
000999.SZ,20150305,24.49,24.99,23.97,24.1,24.49,-0.39,-1.59,187893.12,460415.2363
000999.SZ,20150304,23.55,24.5,23.46,24.49,23.56,0.93,3.95,228108.11,548864.615
000999.SZ,20150303,23.51,23.91,23.4,23.56,24.08,-0.52,-2.16,189598.05,448210.8081
000999.SZ,20150302,24.5,24.51,23.88,24.08,24.49,-0.41,-1.67,157730.63,378920.2359
000999.SZ,20150227,24.19,24.55,24.16,24.49,24.16,0.33,1.37,79950.47,195120.6451
000999.SZ,20150226,23.93,24.19,23.91,24.16,23.9,0.26,1.09,46148.2,110985.057
000999.SZ,20150225,24.48,24.58,23.88,23.9,24.5,-0.6,-2.45,84044.38,201965.2442
000999.SZ,20150217,24.7,24.85,24.4,24.5,24.61,-0.11,-0.45,45916.75,112736.7094
000999.SZ,20150216,24.37,24.74,24.18,24.61,24.36,0.25,1.03,61405.57,150716.354
000999.SZ,20150213,24.11,24.76,24.1,24.36,24.02,0.34,1.42,83019.33,203310.9409
000999.SZ,20150212,23.88,24.25,23.83,24.02,23.88,0.14,0.59,41366.53,99358.0229
000999.SZ,20150211,23.47,23.91,23.4,23.88,23.47,0.41,1.75,39342.56,92962.4701
000999.SZ,20150210,23.33,23.52,23.17,23.47,23.32,0.15,0.64,54346.5,126852.0047
000999.SZ,20150209,23.6,23.78,23.29,23.32,23.58,-0.26,-1.1,44982.56,105747.0297
000999.SZ,20150206,23.77,24.05,23.4,23.58,23.66,-0.08,-0.34,78555.64,186483.815
000999.SZ,20150205,23.85,24.33,23.61,23.66,23.7,-0.04,-0.17,81163.2,194362.053
000999.SZ,20150204,24.22,24.42,23.56,23.7,24.2,-0.5,-2.07,77764.18,185315.006
000999.SZ,20150203,24.42,24.62,24.1,24.2,24.5,-0.3,-1.22,68823.34,166991.6437
000999.SZ,20150202,23.8,24.81,23.72,24.5,24.12,0.38,1.58,78363.09,191365.1022
000999.SZ,20150130,23.89,24.41,23.55,24.12,23.87,0.25,1.05,76221.34,183223.4213
000999.SZ,20150129,24.2,24.47,23.85,23.87,24.54,-0.67,-2.73,72504.49,174591.4875
000999.SZ,20150128,24.56,25.32,24.43,24.54,24.68,-0.14,-0.57,100613.87,250558.4854
000999.SZ,20150127,24.97,25.0,24.31,24.68,25.03,-0.35,-1.4,94037.7,232383.19
000999.SZ,20150126,24.3,25.16,24.16,25.03,24.15,0.88,3.64,131115.23,324148.2623
000999.SZ,20150123,24.1,24.49,24.0,24.15,24.22,-0.07,-0.29,106055.29,257225.9005
000999.SZ,20150122,23.8,24.35,23.6,24.22,23.8,0.42,1.76,114483.14,274916.0553
000999.SZ,20150121,23.4,23.88,23.2,23.8,23.34,0.46,1.97,104257.26,246041.6654
000999.SZ,20150120,22.68,23.5,22.68,23.34,22.66,0.68,3.0,84687.02,196052.0818
000999.SZ,20150119,23.49,24.5,22.5,22.66,24.26,-1.6,-6.6,139552.1,327134.5168
000999.SZ,20150116,24.08,24.4,23.9,24.26,24.08,0.18,0.75,80574.2,194625.1517
000999.SZ,20150115,24.08,24.2,23.6,24.08,24.08,0.0,0.0,76750.62,183073.3536
000999.SZ,20150114,23.88,24.2,23.72,24.08,23.97,0.11,0.46,65621.28,157520.8826
000999.SZ,20150113,23.7,24.45,23.52,23.97,23.7,0.27,1.14,89142.5,214804.6444
000999.SZ,20150112,23.79,23.99,23.06,23.7,23.8,-0.1,-0.42,100578.0,236145.1773
000999.SZ,20150109,24.15,24.66,23.8,23.8,24.15,-0.35,-1.45,130587.89,316101.074
000999.SZ,20150108,23.95,25.1,23.95,24.15,23.86,0.29,1.22,176471.55,433399.7504
000999.SZ,20150107,24.24,24.58,23.78,23.86,24.32,-0.46,-1.89,107940.34,259881.0088
000999.SZ,20150106,23.0,25.27,22.85,24.32,23.1,1.22,5.28,254308.65,613764.8851
000999.SZ,20150105,22.6,23.28,22.39,23.1,22.66,0.44,1.94,128173.47,294561.7288
000999.SZ,20141231,22.56,22.75,22.15,22.66,22.54,0.12,0.53,125404.97,281247.613
000999.SZ,20141230,22.21,22.64,22.05,22.54,22.1,0.44,1.99,131536.41,295405.7977
000999.SZ,20141229,22.2,22.36,22.0,22.1,22.23,-0.13,-0.58,105820.6,234462.358
000999.SZ,20141226,21.8,22.24,21.75,22.23,21.8,0.43,1.97,111799.56,246600.9204
000999.SZ,20141225,21.9,22.08,21.71,21.8,21.85,-0.05,-0.23,70568.58,154131.0012
000999.SZ,20141224,21.79,21.99,21.51,21.85,21.68,0.17,0.78,74090.1,161410.3984
000999.SZ,20141223,21.69,22.06,21.63,21.68,21.6,0.08,0.37,64777.38,141570.1646
000999.SZ,20141222,22.2,22.2,21.6,21.6,22.31,-0.71,-3.18,85427.32,186551.4608
000999.SZ,20141219,22.45,22.45,21.81,22.31,22.45,-0.14,-0.62,119382.31,263613.5277
000999.SZ,20141218,22.44,22.62,22.3,22.45,22.44,0.01,0.04,67444.31,151514.7339
000999.SZ,20141217,22.8,22.8,22.31,22.44,22.94,-0.5,-2.18,114315.09,257147.2497
000999.SZ,20141216,23.35,23.35,22.72,22.94,23.35,-0.41,-1.76,119292.53,273427.5034
000999.SZ,20141215,23.04,23.49,22.78,23.35,23.05,0.3,1.3,92206.52,214130.5172
000999.SZ,20141212,23.25,23.42,22.81,23.05,23.24,-0.19,-0.82,107774.22,248496.493
000999.SZ,20141211,23.3,23.51,22.93,23.24,23.49,-0.25,-1.06,128204.66,297358.8579
000999.SZ,20141210,22.52,23.52,22.28,23.49,22.5,0.99,4.4,199350.03,460907.416
000999.SZ,20141209,22.3,23.53,22.21,22.5,22.54,-0.04,-0.18,267430.08,610189.3382
000999.SZ,20141208,22.02,22.6,21.66,22.54,22.22,0.32,1.44,187888.31,417437.7311
000999.SZ,20141205,22.7,22.85,21.7,22.22,22.7,-0.48,-2.11,188548.14,421012.0714
000999.SZ,20141204,22.35,22.8,22.35,22.7,22.3,0.4,1.79,165628.0,374277.8628
000999.SZ,20141203,21.95,22.6,21.85,22.3,21.95,0.35,1.59,204039.57,454951.1636
000999.SZ,20141202,21.6,22.33,21.55,21.95,21.65,0.3,1.39,221945.69,487747.7739
000999.SZ,20141201,21.25,21.67,21.1,21.65,21.27,0.38,1.79,161964.34,346420.2214
000999.SZ,20141128,21.6,21.65,21.09,21.27,21.59,-0.32,-1.48,131255.52,280085.5666
000999.SZ,20141127,21.49,21.6,21.34,21.59,21.45,0.14,0.65,113218.98,243356.4323
000999.SZ,20141126,21.5,21.56,21.18,21.45,21.42,0.03,0.14,85822.82,183408.9748
000999.SZ,20141125,20.99,21.44,20.99,21.42,20.99,0.43,2.05,109784.75,233262.5709
000999.SZ,20141124,20.9,21.16,20.76,20.99,20.79,0.2,0.96,89358.64,187219.6847
000999.SZ,20141121,20.66,20.86,20.58,20.79,20.66,0.13,0.63,60861.54,125820.1577
000999.SZ,20141120,21.05,21.05,20.63,20.66,21.16,-0.5,-2.36,58668.65,122322.128
000999.SZ,20141119,20.87,21.18,20.81,21.16,20.88,0.28,1.34,58978.52,124127.4651
000999.SZ,20141118,20.97,20.98,20.77,20.88,20.97,-0.09,-0.43,45273.57,94400.8037
000999.SZ,20141117,20.84,21.12,20.68,20.97,20.74,0.23,1.11,85032.45,177998.1875
000999.SZ,20141114,20.52,20.95,20.5,20.74,20.55,0.19,0.92,56738.8,117909.9164
000999.SZ,20141113,21.0,21.0,20.45,20.55,21.01,-0.46,-2.19,83795.72,172713.9798
000999.SZ,20141112,20.63,21.03,20.35,21.01,20.65,0.36,1.74,59602.52,123961.6112
000999.SZ,20141111,21.38,21.45,20.58,20.65,21.32,-0.67,-3.14,106519.61,223378.6993
000999.SZ,20141110,21.15,21.35,21.03,21.32,21.04,0.28,1.33,68158.65,144497.4883
000999.SZ,20141107,21.39,21.49,20.99,21.04,21.42,-0.38,-1.77,98580.28,209666.2534
000999.SZ,20141106,21.22,21.45,21.12,21.42,21.22,0.2,0.94,53286.57,113342.2876
000999.SZ,20141105,21.55,21.6,21.1,21.22,21.57,-0.35,-1.62,103066.63,219271.8884
000999.SZ,20141104,21.99,21.99,21.45,21.57,22.0,-0.43,-1.95,89613.19,194028.682
000999.SZ,20141103,21.7,22.09,21.63,22.0,21.68,0.32,1.48,131242.06,287675.5705
000999.SZ,20141031,21.51,21.78,21.42,21.68,21.48,0.2,0.93,96865.77,208827.8839
000999.SZ,20141030,21.72,21.83,21.46,21.48,21.88,-0.4,-1.83,143478.7,310535.5967
000999.SZ,20141029,21.78,21.99,21.31,21.88,22.11,-0.23,-1.04,263914.31,568682.9118
000999.SZ,20141028,21.55,22.12,21.5,22.11,21.52,0.59,2.74,78898.91,172466.3774
000999.SZ,20141027,21.37,21.55,21.28,21.52,21.43,0.09,0.42,43996.46,94247.8954
000999.SZ,20141024,21.52,21.66,21.41,21.43,21.53,-0.1,-0.46,40765.99,87638.893
000999.SZ,20141023,22.13,22.21,21.35,21.53,22.12,-0.59,-2.67,82778.34,179618.827
000999.SZ,20141022,22.13,22.41,22.03,22.12,22.16,-0.04,-0.18,50244.47,111663.3161
000999.SZ,20141021,22.56,22.57,22.16,22.16,22.68,-0.52,-2.29,73361.78,163860.7398
000999.SZ,20141020,22.52,23.14,22.5,22.68,22.51,0.17,0.76,70021.7,159683.4978
000999.SZ,20141017,22.95,23.09,22.03,22.51,22.88,-0.37,-1.62,152950.3,344621.1045
000999.SZ,20141016,23.58,24.24,22.83,22.88,23.65,-0.77,-3.26,202515.29,478817.6705
000999.SZ,20141015,22.8,24.5,22.8,23.65,22.77,0.88,3.86,293673.97,697012.612
000999.SZ,20141014,22.95,23.13,22.66,22.77,22.96,-0.19,-0.83,104512.46,238967.4349
000999.SZ,20141013,22.65,23.1,22.61,22.96,22.81,0.15,0.66,105120.31,240578.6478
000999.SZ,20141010,22.3,23.11,22.22,22.81,22.48,0.33,1.47,123269.87,279512.9907
000999.SZ,20141009,22.72,22.87,22.24,22.48,22.78,-0.3,-1.32,138782.49,312386.689
000999.SZ,20141008,22.05,22.89,21.68,22.78,21.99,0.79,3.59,185123.12,411804.2125
000999.SZ,20140930,21.66,22.15,21.58,21.99,21.65,0.34,1.57,91361.41,200222.6239
000999.SZ,20140929,21.56,21.87,21.51,21.65,21.56,0.09,0.42,78685.44,170623.1872
000999.SZ,20140926,21.5,21.86,21.4,21.56,21.6,-0.04,-0.19,60104.32,129911.77
000999.SZ,20140925,21.88,22.07,21.48,21.6,21.86,-0.26,-1.19,116379.77,253703.9925
000999.SZ,20140924,21.55,21.99,21.37,21.86,21.61,0.25,1.16,162721.78,352680.6764
000999.SZ,20140923,20.6,21.69,20.6,21.61,20.67,0.94,4.55,186219.66,396174.6449
000999.SZ,20140922,20.85,21.07,20.5,20.67,20.89,-0.22,-1.05,82311.07,171259.6955
000999.SZ,20140919,20.53,20.98,20.5,20.89,20.53,0.36,1.75,92140.9,191716.6017
000999.SZ,20140918,20.29,20.63,20.18,20.53,20.3,0.23,1.13,73888.19,151226.27
000999.SZ,20140917,20.34,20.45,20.09,20.3,20.34,-0.04,-0.2,77880.86,157903.3112
000999.SZ,20140916,21.11,21.16,20.3,20.34,21.1,-0.76,-3.6,114811.19,237880.6024
000999.SZ,20140915,20.6,21.17,20.5,21.1,20.64,0.46,2.23,124138.31,259622.1743
000999.SZ,20140912,20.44,20.64,20.37,20.64,20.43,0.21,1.03,55943.27,114807.0931
000999.SZ,20140911,20.56,20.75,20.39,20.43,20.56,-0.13,-0.63,87689.74,180306.9004
000999.SZ,20140910,20.63,20.69,20.41,20.56,20.75,-0.19,-0.92,83314.64,171173.7633
000999.SZ,20140909,20.85,20.87,20.57,20.75,20.79,-0.04,-0.19,77605.51,160731.5186
000999.SZ,20140905,20.4,20.79,20.39,20.79,20.44,0.35,1.71,103059.82,211783.7268
000999.SZ,20140904,20.45,20.46,20.21,20.44,20.38,0.06,0.29,89343.86,181589.064
000999.SZ,20140903,20.58,20.64,20.35,20.38,20.37,0.01,0.05,81345.0,166282.3503
000999.SZ,20140902,20.03,20.45,20.0,20.37,19.97,0.4,2.0,97702.79,197723.8754
000999.SZ,20140901,19.92,19.98,19.8,19.97,19.91,0.06,0.3,50899.43,101389.7055
000999.SZ,20140829,19.78,19.91,19.6,19.91,19.76,0.15,0.76,49987.39,98786.4483
000999.SZ,20140828,19.65,19.8,19.48,19.76,19.62,0.14,0.71,56917.91,111749.3582
000999.SZ,20140827,19.57,19.74,19.5,19.62,19.56,0.06,0.31,43499.96,85285.6471
000999.SZ,20140826,19.88,20.05,19.48,19.56,19.9,-0.34,-1.71,87612.49,172620.538
000999.SZ,20140825,20.2,20.29,19.89,19.9,20.3,-0.4,-1.97,107068.37,214737.3415
000999.SZ,20140822,20.23,20.4,20.1,20.3,20.23,0.07,0.35,83699.19,169488.4285
000999.SZ,20140821,20.53,20.68,20.05,20.23,20.57,-0.34,-1.65,82971.94,167833.6184
000999.SZ,20140820,20.67,20.84,20.48,20.57,20.7,-0.13,-0.63,61793.4,127708.158
000999.SZ,20140819,20.75,20.96,20.66,20.7,20.77,-0.07,-0.34,98490.17,205021.9534
000999.SZ,20140818,20.44,20.78,20.42,20.77,20.44,0.33,1.61,77124.04,159278.8868
000999.SZ,20140815,20.05,20.54,20.05,20.44,20.04,0.4,2.0,112830.64,230107.5066
000999.SZ,20140814,20.32,20.47,20.0,20.04,20.33,-0.29,-1.43,87791.28,177971.1844
000999.SZ,20140813,20.63,20.77,20.24,20.33,20.59,-0.26,-1.26,83294.34,170206.461
000999.SZ,20140812,20.65,20.65,20.42,20.59,20.67,-0.08,-0.39,55168.81,113197.8342
000999.SZ,20140811,20.25,20.69,20.25,20.67,20.19,0.48,2.38,64423.73,132261.481
000999.SZ,20140808,20.38,20.48,20.08,20.19,20.38,-0.19,-0.93,73016.26,147793.5518
000999.SZ,20140807,20.72,20.8,20.35,20.38,20.72,-0.34,-1.64,55728.92,114763.1113
000999.SZ,20140806,20.51,20.91,20.4,20.72,20.63,0.09,0.44,65687.82,135342.8733
000999.SZ,20140805,20.99,21.0,20.46,20.63,20.99,-0.36,-1.72,110938.66,228447.6598
000999.SZ,20140804,20.82,21.21,20.76,20.99,20.85,0.14,0.67,85378.14,178494.0469
000999.SZ,20140801,20.6,21.4,20.44,20.85,20.58,0.27,1.31,170603.83,358355.8698
000999.SZ,20140731,20.57,20.64,20.23,20.58,20.54,0.04,0.19,79780.07,162919.1217
000999.SZ,20140730,19.91,20.67,19.87,20.54,20.01,0.53,2.65,119127.97,243192.1839
000999.SZ,20140729,19.99,20.33,19.82,20.01,19.99,0.02,0.1,116258.65,233664.3363
000999.SZ,20140728,19.5,20.03,19.5,19.99,19.41,0.58,2.99,122680.01,243563.5135
000999.SZ,20140725,19.24,19.41,19.22,19.41,19.28,0.13,0.67,53943.5,104126.285
000999.SZ,20140724,19.19,19.33,19.02,19.28,19.19,0.09,0.47,68087.61,130943.9279
000999.SZ,20140723,19.67,19.67,19.13,19.19,19.65,-0.46,-2.34,83482.03,161384.0936
000999.SZ,20140722,19.6,19.84,19.55,19.65,19.68,-0.03,-0.15,91909.63,180823.6351
000999.SZ,20140721,19.23,19.72,19.12,19.68,19.23,0.45,2.34,111429.02,217507.928
000999.SZ,20140718,19.23,19.6,19.11,19.23,19.2,0.03,0.16,76132.92,147624.0961
000999.SZ,20140717,19.25,19.36,19.02,19.2,19.35,-0.15,-0.78,80719.85,154710.1643
000999.SZ,20140716,18.79,19.88,18.75,19.35,18.76,0.59,3.15,212949.28,413049.5701
000999.SZ,20140715,18.71,18.77,18.53,18.76,18.68,0.08,0.43,67343.06,125697.2887
000999.SZ,20140714,18.3,18.71,18.26,18.68,18.28,0.4,2.19,57275.35,106241.4061
000999.SZ,20140711,18.35,18.38,18.19,18.28,18.24,0.04,0.22,58935.7,107769.917
000999.SZ,20140710,18.5,18.72,18.49,18.5,18.57,-0.07,-0.38,63211.04,117588.7146
000999.SZ,20140709,18.78,18.98,18.43,18.57,18.85,-0.28,-1.49,84022.11,157426.3972
000999.SZ,20140708,18.73,18.89,18.54,18.85,18.73,0.12,0.64,66693.81,124950.5112
000999.SZ,20140707,18.85,19.01,18.58,18.73,18.85,-0.12,-0.64,82800.85,155322.2201
000999.SZ,20140704,19.02,19.03,18.8,18.85,19.05,-0.2,-1.05,99509.16,188026.9896
000999.SZ,20140703,18.33,19.08,18.2,19.05,18.33,0.72,3.93,215001.9,402524.0355
000999.SZ,20140702,18.58,18.6,18.2,18.33,18.57,-0.24,-1.29,104523.23,191712.3198
000999.SZ,20140701,18.44,18.63,18.4,18.57,18.39,0.18,0.98,62856.41,116487.5957
000999.SZ,20140630,18.3,18.48,18.28,18.39,18.28,0.11,0.6,74183.08,136446.1025
000999.SZ,20140627,18.19,18.4,18.18,18.28,18.28,0.0,0.0,51263.31,93825.9181
000999.SZ,20140626,18.08,18.31,18.03,18.28,18.08,0.2,1.11,56707.46,103252.6308
000999.SZ,20140625,18.46,18.46,17.99,18.08,18.44,-0.36,-1.95,73893.81,134196.567
000999.SZ,20140624,18.4,18.57,18.34,18.44,18.41,0.03,0.16,47064.41,86793.9684
000999.SZ,20140623,18.62,18.75,18.31,18.41,18.65,-0.24,-1.29,45897.15,84890.8481
000999.SZ,20140620,18.43,18.65,18.41,18.65,18.43,0.22,1.19,22991.08,42585.5688
000999.SZ,20140619,18.76,18.84,18.36,18.43,18.76,-0.33,-1.76,39587.82,73496.8108
000999.SZ,20140618,19.2,19.23,18.72,18.76,19.15,-0.39,-2.04,46297.62,87686.7708
000999.SZ,20140617,19.21,19.45,19.11,19.15,19.21,-0.06,-0.31,50060.72,96345.1196
000999.SZ,20140616,19.0,19.28,18.97,19.21,19.07,0.14,0.73,46792.45,89779.5724
000999.SZ,20140613,18.87,19.22,18.81,19.07,18.89,0.18,0.95,49972.59,95337.3239
000999.SZ,20140612,19.16,19.19,18.81,18.89,19.21,-0.32,-1.67,53346.37,101028.5116
000999.SZ,20140611,19.13,19.31,19.07,19.21,19.15,0.06,0.31,47689.54,91555.0437
000999.SZ,20140610,18.75,19.26,18.73,19.15,18.7,0.45,2.41,77779.92,148311.3342
000999.SZ,20140609,18.73,18.93,18.51,18.7,18.74,-0.04,-0.21,47623.77,89415.875
000999.SZ,20140606,18.82,18.92,18.63,18.74,18.81,-0.07,-0.37,43835.97,82265.4662
000999.SZ,20140605,18.54,18.82,18.48,18.81,18.6,0.21,1.13,53232.86,99402.124
000999.SZ,20140604,18.91,19.04,18.39,18.6,18.97,-0.37,-1.95,104818.33,194854.7097
000999.SZ,20140603,19.3,19.35,18.92,18.97,19.3,-0.33,-1.71,48670.41,93206.9615
000999.SZ,20140530,19.51,19.58,19.13,19.3,19.52,-0.22,-1.13,94750.43,182530.8607
000999.SZ,20140529,19.84,20.16,19.36,19.52,19.87,-0.35,-1.76,96282.52,190182.6186
000999.SZ,20140528,19.86,20.0,19.6,19.87,19.89,-0.02,-0.1,92742.61,183592.1742
000999.SZ,20140527,19.55,20.03,19.4,19.89,19.61,0.28,1.43,115839.02,228556.5165
000999.SZ,20140526,18.69,19.63,18.66,19.61,18.58,1.03,5.54,159633.01,306823.9334
000999.SZ,20140523,18.51,18.63,18.43,18.58,18.51,0.07,0.38,45726.16,84783.2623
000999.SZ,20140522,18.61,18.8,18.48,18.51,18.6,-0.09,-0.48,54738.35,102098.9612
000999.SZ,20140521,18.44,18.78,18.36,18.6,18.43,0.17,0.92,59331.22,110164.8888
000999.SZ,20140520,18.67,18.75,18.33,18.43,18.59,-0.16,-0.86,51899.29,96247.8211
000999.SZ,20140519,18.8,18.81,18.45,18.59,18.95,-0.36,-1.9,47987.19,89171.053
000999.SZ,20140516,19.43,19.44,18.71,18.95,19.44,-0.49,-2.52,72509.04,137651.6014
000999.SZ,20140515,19.93,20.03,19.38,19.44,20.01,-0.57,-2.85,59029.37,115855.7934
000999.SZ,20140514,19.88,20.17,19.8,20.01,19.95,0.06,0.3,46488.07,93030.6343
000999.SZ,20140513,19.99,20.01,19.73,19.95,20.02,-0.07,-0.35,53733.63,106763.8925
000999.SZ,20140512,19.92,20.06,19.67,20.02,19.81,0.21,1.06,71859.27,142795.8988
000999.SZ,20140509,19.78,19.98,19.72,19.81,19.89,-0.08,-0.4,47557.14,94217.9894
000999.SZ,20140508,20.11,20.3,19.85,19.89,20.24,-0.35,-1.73,117889.43,236310.0313
000999.SZ,20140507,20.31,20.58,20.19,20.24,20.5,-0.26,-1.27,66585.49,135360.7178
000999.SZ,20140506,20.72,21.1,20.12,20.5,22.16,-1.66,-7.49,159016.74,324788.3999
000999.SZ,20140404,21.95,22.16,21.68,22.16,21.87,0.29,1.33,19396.63,42575.1227
000999.SZ,20140403,21.63,21.95,21.5,21.87,21.48,0.39,1.82,32174.42,70233.1733
000999.SZ,20140402,21.85,21.86,21.4,21.48,21.8,-0.32,-1.47,28933.25,62463.1456
000999.SZ,20140401,21.51,21.8,21.42,21.8,21.5,0.3,1.4,21375.96,46315.1403
000999.SZ,20140331,22.09,22.36,21.33,21.5,22.18,-0.68,-3.07,37683.13,82279.2661
000999.SZ,20140328,22.78,22.86,22.04,22.18,22.78,-0.6,-2.63,37623.27,84301.3552
000999.SZ,20140327,23.12,23.2,22.75,22.78,23.11,-0.33,-1.43,25641.07,58658.4273
000999.SZ,20140326,23.19,23.41,23.08,23.11,23.01,0.1,0.43,29222.78,67889.848
000999.SZ,20140325,22.99,23.08,22.84,23.01,22.97,0.04,0.17,21155.58,48651.0822
000999.SZ,20140324,23.0,23.07,22.75,22.97,22.97,0.0,0.0,27868.41,63832.2361
000999.SZ,20140321,22.7,23.14,22.6,22.97,22.68,0.29,1.28,43473.01,99443.8536
000999.SZ,20140320,23.9,23.92,22.66,22.68,23.93,-1.25,-5.22,71640.44,166733.5691
000999.SZ,20140319,23.96,24.3,23.86,23.93,24.0,-0.07,-0.29,42155.2,101467.2917
000999.SZ,20140318,23.91,24.24,23.73,24.0,23.9,0.1,0.42,62394.46,149484.8093
000999.SZ,20140317,23.68,23.99,23.43,23.9,23.61,0.29,1.23,41077.5,97715.7219
000999.SZ,20140314,23.95,24.1,23.6,23.61,24.09,-0.48,-1.99,29630.84,70624.0139
000999.SZ,20140313,23.85,24.28,23.71,24.09,23.91,0.18,0.75,39854.65,95976.327
000999.SZ,20140312,23.51,24.11,23.51,23.91,23.62,0.29,1.23,42357.88,101022.5451
000999.SZ,20140311,23.31,23.68,23.3,23.62,23.3,0.32,1.37,32178.38,75682.2175
000999.SZ,20140310,23.8,23.8,23.11,23.3,23.95,-0.65,-2.71,29586.03,68973.6864
000999.SZ,20140307,23.55,24.18,23.51,23.95,23.66,0.29,1.23,29626.61,70812.1488
000999.SZ,20140306,23.62,23.78,23.03,23.66,23.68,-0.02,-0.08,33519.6,78561.1046
000999.SZ,20140305,23.63,23.95,23.6,23.68,23.61,0.07,0.3,30048.7,71466.7145
000999.SZ,20140304,24.24,24.24,23.4,23.61,24.28,-0.67,-2.76,49635.52,117557.042
000999.SZ,20140303,24.1,24.34,23.91,24.28,24.09,0.19,0.79,46287.65,111532.0768
000999.SZ,20140228,24.0,24.2,23.21,24.09,24.0,0.09,0.38,73384.76,173676.1108
000999.SZ,20140227,24.6,24.74,24.0,24.0,24.48,-0.48,-1.96,63231.64,153743.9178
000999.SZ,20140226,24.5,24.62,24.0,24.48,24.6,-0.12,-0.49,67929.31,164939.6239
000999.SZ,20140225,26.01,26.35,24.5,24.6,25.97,-1.37,-5.28,88983.14,226744.2594
000999.SZ,20140224,25.35,26.09,25.31,25.97,25.63,0.34,1.33,68843.41,177280.6388
000999.SZ,20140221,25.79,26.25,25.46,25.63,25.8,-0.17,-0.66,59781.32,154544.8064
000999.SZ,20140220,26.9,26.95,25.52,25.8,26.66,-0.86,-3.23,60300.02,158441.2063
000999.SZ,20140219,25.98,26.8,25.81,26.66,26.18,0.48,1.83,86566.93,228259.7023
000999.SZ,20140218,26.26,26.41,25.76,26.18,26.15,0.03,0.11,75041.2,195347.4891
000999.SZ,20140217,25.95,26.54,25.75,26.15,25.78,0.37,1.44,105841.09,276223.0485
000999.SZ,20140214,24.95,25.85,24.8,25.78,24.95,0.83,3.33,96086.97,244505.2355
000999.SZ,20140213,25.3,25.58,24.92,24.95,25.35,-0.4,-1.58,51924.74,130635.9826
000999.SZ,20140212,25.2,25.37,24.8,25.35,25.2,0.15,0.6,71713.15,179797.4114
000999.SZ,20140211,24.75,25.55,24.58,25.2,24.78,0.42,1.69,85906.01,215168.8569
000999.SZ,20140210,24.14,24.88,24.14,24.78,24.03,0.75,3.12,66191.17,163051.85
000999.SZ,20140207,23.99,24.09,23.73,24.03,24.22,-0.19,-0.78,43892.1,105113.6338
000999.SZ,20140130,24.69,24.79,24.1,24.22,24.79,-0.57,-2.3,38260.07,92873.0978
000999.SZ,20140129,25.21,25.32,24.66,24.79,24.99,-0.2,-0.8,39834.7,99043.5746
000999.SZ,20140128,24.79,25.23,24.7,24.99,24.63,0.36,1.46,37600.33,93663.1519
000999.SZ,20140127,24.65,24.95,24.5,24.63,24.64,-0.01,-0.04,42645.33,105445.8301
000999.SZ,20140124,24.72,25.04,24.49,24.64,24.83,-0.19,-0.77,74198.31,183335.1687
000999.SZ,20140123,25.29,25.45,24.7,24.83,25.3,-0.47,-1.86,46360.76,116384.0333
000999.SZ,20140122,24.76,25.35,24.76,25.3,24.75,0.55,2.22,38348.16,96563.0934
000999.SZ,20140121,25.17,25.25,24.65,24.75,25.05,-0.3,-1.2,29216.8,72728.8786
000999.SZ,20140120,25.06,25.33,24.82,25.05,25.1,-0.05,-0.2,21823.98,54581.2729
000999.SZ,20140117,25.43,25.94,24.9,25.1,25.45,-0.35,-1.38,36321.66,92514.6335
000999.SZ,20140116,26.0,26.08,25.42,25.45,25.86,-0.41,-1.59,56563.59,145886.4209
000999.SZ,20140115,25.45,25.95,25.4,25.86,25.4,0.46,1.81,55629.12,143227.7554
000999.SZ,20140114,24.6,25.45,24.6,25.4,24.6,0.8,3.25,48300.77,121420.307
000999.SZ,20140113,24.27,24.85,24.27,24.6,24.35,0.25,1.03,44153.75,108798.772
000999.SZ,20140110,25.23,25.23,24.05,24.35,25.12,-0.77,-3.07,41351.89,101976.0624
000999.SZ,20140109,24.99,25.41,24.81,25.12,25.04,0.08,0.32,55867.7,140719.1908
000999.SZ,20140108,24.88,25.08,24.6,25.04,24.75,0.29,1.17,36705.54,91331.1151
000999.SZ,20140107,24.61,25.03,24.51,24.75,24.88,-0.13,-0.52,25142.35,62343.1075
000999.SZ,20140106,24.91,25.4,24.38,24.88,24.95,-0.07,-0.28,50543.78,126006.2985
000999.SZ,20140103,25.27,25.37,24.72,24.95,25.27,-0.32,-1.27,33343.82,83262.9829
000999.SZ,20140102,24.81,25.36,24.71,25.27,24.89,0.38,1.53,38076.95,95732.21
000999.SZ,20131231,24.4,25.09,24.4,24.89,24.6,0.29,1.18,60791.23,151199.1375
000999.SZ,20131230,24.85,25.11,24.48,24.6,24.84,-0.24,-0.97,40691.23,100360.8968
000999.SZ,20131227,24.3,24.94,24.17,24.84,24.24,0.6,2.48,45402.18,112266.1773
000999.SZ,20131226,24.09,24.5,23.92,24.24,24.25,-0.01,-0.04,41970.57,101747.7267
000999.SZ,20131225,24.08,24.44,23.94,24.25,24.01,0.24,1.0,24371.88,59047.3832
000999.SZ,20131224,24.0,24.35,23.85,24.01,23.95,0.06,0.25,36036.03,86865.2392
000999.SZ,20131223,23.38,24.17,23.18,23.95,23.3,0.65,2.79,55953.77,133618.9932
000999.SZ,20131220,23.6,23.74,23.2,23.3,23.58,-0.28,-1.19,36669.99,85952.0134
000999.SZ,20131219,24.2,24.28,23.47,23.58,24.05,-0.47,-1.95,44500.75,106330.0193
000999.SZ,20131218,24.02,24.57,23.9,24.05,24.02,0.03,0.12,37271.25,90498.2475
000999.SZ,20131217,24.55,24.77,23.95,24.02,24.5,-0.48,-1.96,33806.48,81532.5234
000999.SZ,20131216,25.09,25.09,24.5,24.5,25.11,-0.61,-2.43,22858.57,56677.5666
000999.SZ,20131213,24.44,25.16,24.32,25.11,24.85,0.26,1.05,22814.26,56826.2126
000999.SZ,20131212,24.96,25.22,24.82,24.85,24.95,-0.1,-0.4,27452.99,68767.4543
000999.SZ,20131211,25.18,25.26,24.85,24.95,25.39,-0.44,-1.73,24922.58,62334.2418
000999.SZ,20131210,25.2,25.48,24.8,25.39,25.19,0.2,0.79,54005.3,135597.7883
000999.SZ,20131209,25.4,25.96,25.09,25.19,25.37,-0.18,-0.71,49421.03,125286.0411
000999.SZ,20131206,24.35,25.66,24.25,25.37,24.36,1.01,4.15,94464.14,238705.7129
000999.SZ,20131205,24.31,24.5,24.06,24.36,24.26,0.1,0.41,26377.26,64075.3944
000999.SZ,20131204,23.76,24.53,23.76,24.26,23.85,0.41,1.72,46110.07,112026.273
000999.SZ,20131203,23.2,24.03,23.19,23.85,23.43,0.42,1.79,27511.95,65256.2885
000999.SZ,20131202,24.1,24.1,23.23,23.43,24.42,-0.99,-4.05,54354.13,128180.3581
000999.SZ,20131129,24.12,24.5,24.12,24.42,24.27,0.15,0.62,39933.86,97409.4598
000999.SZ,20131128,24.1,24.44,23.86,24.27,24.0,0.27,1.13,55458.03,134118.4626
000999.SZ,20131127,23.18,24.15,23.15,24.0,23.18,0.82,3.54,58528.08,139541.8897
000999.SZ,20131126,23.3,23.42,23.02,23.18,23.29,-0.11,-0.47,45838.57,106530.1243
000999.SZ,20131125,23.42,23.69,23.28,23.29,23.6,-0.31,-1.31,42661.75,100014.4822
000999.SZ,20131122,23.96,23.97,23.4,23.6,23.95,-0.35,-1.46,31179.72,73427.6457
000999.SZ,20131121,24.44,24.45,23.7,23.95,24.48,-0.53,-2.17,53816.78,128414.9718
000999.SZ,20131120,24.28,24.5,23.8,24.48,23.99,0.49,2.04,32430.38,78447.5958
000999.SZ,20131119,24.26,24.27,23.88,23.99,24.26,-0.27,-1.11,29084.17,69850.091
000999.SZ,20131118,23.8,24.57,23.8,24.26,23.63,0.63,2.67,62182.66,150596.4291
000999.SZ,20131115,23.21,24.13,23.21,23.63,23.3,0.33,1.42,55143.67,130995.2224
000999.SZ,20131114,22.96,23.53,22.8,23.3,23.13,0.17,0.735,22614.88,52409.9978
000999.SZ,20131113,23.18,23.39,22.58,23.13,23.52,-0.39,-1.66,50162.75,115039.5021
000999.SZ,20131112,23.74,23.78,23.35,23.52,23.7,-0.18,-0.76,26045.52,61366.6167
000999.SZ,20131111,23.13,23.81,23.0,23.7,23.11,0.59,2.55,41303.3,96744.5782
000999.SZ,20131108,24.4,24.41,23.0,23.11,24.41,-1.3,-5.33,66585.8,155839.6637
000999.SZ,20131107,24.57,24.73,24.19,24.41,24.66,-0.25,-1.01,13157.05,32108.8565
000999.SZ,20131106,24.23,24.76,24.23,24.66,24.36,0.3,1.23,34191.85,83919.0764
000999.SZ,20131105,24.0,24.53,23.88,24.36,24.16,0.2,0.83,22758.09,55247.4889
000999.SZ,20131104,24.72,24.72,23.95,24.16,24.43,-0.27,-1.11,36752.34,88845.6278
000999.SZ,20131101,24.36,24.45,24.12,24.43,24.16,0.27,1.12,25681.56,62344.3153
000999.SZ,20131031,24.68,24.69,24.15,24.16,24.7,-0.54,-2.19,43785.11,106540.5996
000999.SZ,20131030,24.3,24.86,24.2,24.7,24.18,0.52,2.15,35246.03,86685.9957
000999.SZ,20131029,24.31,24.68,23.25,24.18,24.21,-0.03,-0.12,57100.94,136899.076
000999.SZ,20131028,24.5,24.68,23.95,24.21,24.44,-0.23,-0.94,39123.88,94809.9948
000999.SZ,20131025,25.5,25.58,24.29,24.44,25.5,-1.06,-4.16,62033.81,154047.0143
000999.SZ,20131024,25.26,25.99,25.0,25.5,25.26,0.24,0.95,69292.52,177785.5632
000999.SZ,20131023,25.19,25.7,24.88,25.26,25.15,0.11,0.44,58054.94,146758.9393
000999.SZ,20131022,25.22,25.66,24.78,25.15,25.1,0.05,0.2,99425.63,250790.9849
000999.SZ,20131021,24.56,25.28,24.55,25.1,24.7,0.4,1.62,73651.22,184278.8423
000999.SZ,20131018,25.13,25.2,24.65,24.7,25.1,-0.4,-1.59,50104.95,124805.4746
000999.SZ,20131017,25.41,25.8,25.01,25.1,25.29,-0.19,-0.75,50698.92,128727.8027
000999.SZ,20131016,25.72,25.72,25.09,25.29,25.82,-0.53,-2.05,63057.27,159684.372
000999.SZ,20131015,26.05,26.64,25.7,25.82,25.55,0.27,1.06,103155.25,269445.0932
000999.SZ,20131014,25.8,25.97,25.27,25.55,25.85,-0.3,-1.16,70542.17,179890.0446
000999.SZ,20131011,25.64,25.91,25.5,25.85,25.5,0.35,1.37,54953.04,141459.3083
000999.SZ,20131010,25.59,25.66,25.31,25.5,25.65,-0.15,-0.58,43255.79,110064.9231
000999.SZ,20131009,25.08,25.68,24.96,25.65,25.22,0.43,1.71,52338.04,133005.4616
000999.SZ,20131008,24.79,25.43,24.51,25.22,24.77,0.45,1.82,53398.97,133530.4647
000999.SZ,20130930,25.33,25.59,24.65,24.77,25.36,-0.59,-2.33,68332.85,170210.0126
000999.SZ,20130927,25.45,25.8,25.01,25.36,25.35,0.01,0.04,63538.94,161468.6414
000999.SZ,20130926,24.97,25.67,24.91,25.35,24.94,0.41,1.64,68749.24,174773.227
000999.SZ,20130925,24.3,25.65,24.28,24.94,24.27,0.67,2.76,76674.88,192102.3209
000999.SZ,20130924,24.5,24.66,24.18,24.27,24.59,-0.32,-1.3,73629.26,179800.4476
000999.SZ,20130923,24.65,24.66,24.28,24.59,24.3,0.29,1.19,73254.85,179242.319
000999.SZ,20130918,24.06,24.58,24.02,24.3,24.2,0.1,0.41,77149.45,187738.3218
000999.SZ,20130917,25.38,25.45,23.86,24.2,25.33,-1.13,-4.46,135896.89,332916.6212
000999.SZ,20130916,25.8,25.99,25.25,25.33,25.85,-0.52,-2.01,64359.17,163825.7973
000999.SZ,20130913,25.6,25.88,25.52,25.85,25.59,0.26,1.02,25443.13,65481.3673
000999.SZ,20130912,25.12,25.9,25.12,25.59,25.64,-0.05,-0.2,43010.82,110130.0846
000999.SZ,20130911,26.4,26.55,25.18,25.64,26.6,-0.96,-3.61,108714.07,279175.7414
000999.SZ,20130910,26.52,26.99,26.2,26.6,26.47,0.13,0.49,64670.68,171441.1545
000999.SZ,20130909,27.45,27.45,26.18,26.47,27.46,-0.99,-3.61,97139.4,257674.6067
000999.SZ,20130906,27.5,28.33,27.15,27.46,27.55,-0.09,-0.33,39526.85,109378.932
000999.SZ,20130905,26.65,27.89,26.44,27.55,26.7,0.85,3.18,80435.28,220119.6879
000999.SZ,20130904,26.34,26.9,26.15,26.7,26.49,0.21,0.79,60114.76,159082.2266
000999.SZ,20130903,26.1,26.56,26.05,26.49,26.04,0.45,1.73,62703.41,165296.5767
000999.SZ,20130902,26.0,26.38,25.81,26.04,25.87,0.17,0.66,53260.46,139007.2765
000999.SZ,20130830,26.76,26.8,25.81,25.87,26.73,-0.86,-3.22,53054.95,139818.3559
000999.SZ,20130829,25.8,26.74,25.67,26.73,25.6,1.13,4.41,112764.72,295797.969
000999.SZ,20130828,25.9,26.07,25.45,25.6,26.07,-0.47,-1.8,68829.0,177515.2838
000999.SZ,20130827,26.12,26.25,25.65,26.07,26.2,-0.13,-0.5,87350.61,226542.0936
000999.SZ,20130826,26.0,26.33,25.46,26.2,25.7,0.5,1.95,101706.28,264275.6228
000999.SZ,20130823,25.3,25.75,25.08,25.7,25.2,0.5,1.98,78722.26,200253.4163
000999.SZ,20130822,25.56,25.87,24.92,25.2,25.73,-0.53,-2.06,106149.37,268157.8983
000999.SZ,20130821,26.41,26.59,25.3,25.73,26.5,-0.77,-2.91,124761.44,320461.2223
000999.SZ,20130820,26.35,26.88,26.23,26.5,26.41,0.09,0.34,152660.36,405702.1645
000999.SZ,20130819,26.51,26.8,26.41,26.41,29.34,-2.93,-9.99,365904.67,966810.7309
000999.SZ,20130531,29.41,30.16,29.41,29.6,29.12,0.48,1.65,64378.9,192161.9032
000999.SZ,20130530,28.99,29.65,28.86,29.12,29.15,-0.03,-0.1,57643.09,168792.6777
000999.SZ,20130529,28.55,29.32,28.4,29.15,28.55,0.6,2.1,59593.23,172062.6099
000999.SZ,20130528,28.25,28.65,27.91,28.55,28.3,0.25,0.88,69201.5,196003.3778
000999.SZ,20130527,28.0,28.39,27.65,28.3,28.11,0.19,0.68,55681.55,155682.3143
000999.SZ,20130524,27.93,28.19,27.7,28.11,27.66,0.45,1.63,32414.64,90634.3207
000999.SZ,20130523,27.5,28.04,27.28,27.66,27.77,-0.11,-0.4,38773.97,107622.3161
000999.SZ,20130522,28.3,28.8,27.28,27.77,28.45,-0.68,-2.39,73519.18,206736.953
000999.SZ,20130521,27.95,28.55,27.48,28.45,28.3,0.15,0.53,75711.45,212560.7682
000999.SZ,20130520,29.57,29.61,27.01,28.3,30.0,-1.7,-5.67,146889.89,409142.731
000999.SZ,20130517,29.95,30.1,29.32,30.0,30.01,-0.01,-0.03,59384.9,176160.3545
000999.SZ,20130516,29.23,30.2,29.01,30.01,29.4,0.61,2.07,53982.26,160275.6188
000999.SZ,20130515,28.9,29.58,28.6,29.4,28.88,0.52,1.8,43068.72,125384.5552
000999.SZ,20130514,29.5,29.6,28.18,28.88,29.6,-0.72,-2.43,49230.88,141210.4911
000999.SZ,20130513,30.29,30.54,29.36,29.6,30.29,-0.69,-2.28,40565.41,119916.9638
000999.SZ,20130510,30.31,30.99,30.1,30.29,30.23,0.06,0.2,18718.71,56866.5296
000999.SZ,20130509,30.65,31.48,30.0,30.23,30.65,-0.42,-1.37,36295.86,111865.2911
000999.SZ,20130508,29.9,31.0,29.8,30.65,29.51,1.14,3.86,51910.62,158407.4513
000999.SZ,20130507,29.89,30.09,29.31,29.51,29.9,-0.39,-1.3,21690.51,64151.3349
000999.SZ,20130506,29.0,29.9,28.66,29.9,28.6,1.3,4.55,56361.62,165174.3237
000999.SZ,20130503,27.24,29.09,27.24,28.6,27.18,1.42,5.22,53422.78,151617.7096
000999.SZ,20130502,27.2,27.54,26.67,27.18,27.23,-0.05,-0.18,43280.22,117717.8208
000999.SZ,20130426,27.8,27.94,27.1,27.23,28.45,-1.22,-4.29,65402.89,179802.014
000999.SZ,20130425,28.0,28.57,27.03,28.45,28.0,0.45,1.61,69751.12,193673.7563
000999.SZ,20130424,28.29,28.6,27.55,28.0,28.29,-0.29,-1.03,43939.7,123056.0623
000999.SZ,20130423,29.6,29.6,28.01,28.29,29.72,-1.43,-4.81,32305.95,92336.942
000999.SZ,20130422,29.5,29.88,28.8,29.72,30.0,-0.28,-0.93,41938.84,123239.8545
000999.SZ,20130419,29.35,30.3,29.28,30.0,29.37,0.63,2.15,36464.24,108575.5402
000999.SZ,20130418,29.01,29.71,29.01,29.37,29.37,0.0,0.0,20033.56,58773.068
000999.SZ,20130417,28.38,29.45,28.3,29.37,28.38,0.99,3.49,46075.61,133849.4906
000999.SZ,20130416,28.41,28.68,27.67,28.38,29.08,-0.7,-2.41,47845.62,134602.1151
000999.SZ,20130415,29.3,29.94,28.74,29.08,28.74,0.34,1.18,47503.45,139179.0185
000999.SZ,20130412,28.36,29.8,28.36,28.74,28.84,-0.1,-0.35,37745.2,110301.7966
000999.SZ,20130411,28.61,28.97,27.26,28.84,28.55,0.29,1.02,87352.11,244610.3411
000999.SZ,20130410,30.2,30.2,28.45,28.55,30.36,-1.81,-5.96,83167.37,240789.8173
000999.SZ,20130409,31.48,31.81,30.01,30.36,31.4,-1.04,-3.31,32388.53,99650.1401
000999.SZ,20130408,30.29,31.6,29.8,31.4,29.85,1.55,5.19,43818.06,134564.5891
000999.SZ,20130403,30.21,30.67,29.3,29.85,30.12,-0.27,-0.9,42636.64,128109.6424
000999.SZ,20130402,32.12,32.77,29.77,30.12,32.12,-2.0,-6.23,67992.03,212264.8751
000999.SZ,20130401,31.8,32.57,31.78,32.12,32.0,0.12,0.38,42904.68,137677.538
000999.SZ,20130329,32.15,32.68,31.58,32.0,32.32,-0.32,-0.99,37270.56,119649.7549
000999.SZ,20130328,31.32,32.9,30.97,32.32,31.59,0.73,2.31,94456.06,304436.8432
000999.SZ,20130327,30.15,31.71,29.91,31.59,30.2,1.39,4.6,53171.32,164468.3259
000999.SZ,20130326,30.15,30.48,29.17,30.2,30.48,-0.28,-0.92,42339.14,125952.7645
000999.SZ,20130325,30.85,31.39,29.87,30.48,31.0,-0.52,-1.68,42272.68,128619.2789
000999.SZ,20130322,30.09,31.1,29.83,31.0,30.3,0.7,2.31,36074.81,109931.5713
000999.SZ,20130321,30.3,30.51,29.8,30.3,30.31,-0.01,-0.03,49718.0,149921.5612
000999.SZ,20130320,29.9,30.48,29.7,30.31,29.9,0.41,1.37,41891.62,125839.6504
000999.SZ,20130319,31.0,31.0,29.8,29.9,30.68,-0.78,-2.54,24964.81,74970.9756
000999.SZ,20130318,30.21,31.12,30.21,30.68,30.28,0.4,1.32,27033.17,83539.3914
000999.SZ,20130315,29.9,31.85,29.75,30.28,30.16,0.12,0.4,52619.73,162985.0436
000999.SZ,20130314,29.0,30.31,28.99,30.16,29.21,0.95,3.25,34347.51,102424.0228
000999.SZ,20130313,29.49,29.49,28.67,29.21,29.49,-0.28,-0.95,18514.15,53704.6227
000999.SZ,20130312,30.8,30.96,29.32,29.49,31.0,-1.51,-4.87,33906.6,101456.6545
000999.SZ,20130311,29.93,31.0,29.41,31.0,30.11,0.89,2.96,32306.79,98774.9752
000999.SZ,20130308,30.95,31.16,30.01,30.11,30.95,-0.84,-2.71,21470.36,65389.2612
000999.SZ,20130307,31.47,31.63,30.4,30.95,31.76,-0.81,-2.55,45515.78,140191.9224
000999.SZ,20130306,31.4,32.2,31.04,31.76,31.4,0.36,1.15,37765.75,119950.4573
000999.SZ,20130305,29.92,31.5,29.08,31.4,29.91,1.49,4.98,50234.27,154744.2654
000999.SZ,20130304,30.59,31.5,29.7,29.91,30.55,-0.64,-2.09,53615.68,165125.6147
000999.SZ,20130301,29.63,30.76,29.63,30.55,29.92,0.63,2.11,49048.28,148825.8406
000999.SZ,20130228,29.4,30.14,29.01,29.92,29.8,0.12,0.4,34381.03,101639.613
000999.SZ,20130227,30.39,30.57,28.9,29.8,30.6,-0.8,-2.61,57115.61,168547.2039
000999.SZ,20130226,29.5,31.38,29.11,30.6,29.4,1.2,4.08,72350.57,221718.8007
000999.SZ,20130225,29.7,29.77,28.81,29.4,29.27,0.13,0.44,31509.72,92101.9551
000999.SZ,20130222,30.1,30.26,29.05,29.27,30.0,-0.73,-2.43,44416.77,132298.084
000999.SZ,20130221,30.45,30.9,29.6,30.0,30.38,-0.38,-1.25,77825.46,235381.5886
000999.SZ,20130220,27.66,30.47,27.66,30.38,27.7,2.68,9.68,69840.27,206242.3288
000999.SZ,20130219,28.8,29.15,27.35,27.7,28.61,-0.91,-3.18,27842.44,79076.7683
000999.SZ,20130218,29.26,29.45,28.41,28.61,29.29,-0.68,-2.32,36202.33,104040.15
000999.SZ,20130208,28.5,29.68,28.23,29.29,28.5,0.79,2.77,57592.26,168042.4611
000999.SZ,20130207,27.4,29.02,27.3,28.5,27.85,0.65,2.33,44667.5,126939.3489
000999.SZ,20130206,27.8,28.0,27.15,27.85,27.7,0.15,0.54,27508.29,76153.9007
000999.SZ,20130205,26.85,28.0,26.76,27.7,26.8,0.9,3.36,50890.46,139994.4374
000999.SZ,20130204,27.38,27.49,25.97,26.8,27.5,-0.7,-2.55,87007.69,229948.2118
000999.SZ,20130201,27.3,28.35,27.29,27.5,27.77,-0.27,-0.97,33626.14,92780.0478
000999.SZ,20130131,28.19,28.3,27.5,27.77,28.28,-0.51,-1.8,27572.68,76705.3354
000999.SZ,20130130,28.9,29.0,27.45,28.28,28.9,-0.62,-2.15,57083.34,160670.5373
000999.SZ,20130129,29.09,29.34,28.82,28.9,29.05,-0.15,-0.52,27762.45,80515.2074
000999.SZ,20130128,28.7,29.27,28.05,29.05,28.76,0.29,1.01,56286.04,161059.4475
000999.SZ,20130125,27.11,29.08,27.11,28.76,27.16,1.6,5.89,66354.11,187572.8974
000999.SZ,20130124,27.76,28.42,27.0,27.16,27.8,-0.64,-2.3,49194.35,135936.3875
000999.SZ,20130123,27.58,28.39,27.35,27.8,27.63,0.17,0.62,47096.35,131751.4036
000999.SZ,20130122,27.2,28.0,26.86,27.63,27.45,0.18,0.66,46836.03,128240.7607
000999.SZ,20130121,27.76,27.96,26.87,27.45,28.18,-0.73,-2.59,59184.28,161470.5286
000999.SZ,20130118,28.19,28.25,27.4,28.18,28.25,-0.07,-0.25,73573.95,203917.8325
000999.SZ,20130117,27.9,29.4,27.62,28.25,27.85,0.4,1.44,73383.35,207691.7836
000999.SZ,20130116,27.5,28.38,26.95,27.85,27.0,0.85,3.15,78719.49,216755.9145
000999.SZ,20130115,26.85,28.05,26.85,27.0,26.9,0.1,0.37,45814.86,126241.5517
000999.SZ,20130114,25.7,28.18,25.7,26.9,25.62,1.28,5.0,83272.96,222510.7685
000999.SZ,20130111,24.99,25.93,24.78,25.62,24.82,0.8,3.22,50740.84,130101.1179
000999.SZ,20130110,24.54,25.13,24.54,24.82,24.69,0.13,0.53,31102.89,77644.729
000999.SZ,20130109,24.9,25.38,24.25,24.69,25.0,-0.31,-1.24,34857.11,86613.9362
000999.SZ,20130108,24.25,25.6,24.05,25.0,24.25,0.75,3.09,51723.93,128819.2902
000999.SZ,20130107,23.26,24.35,23.0,24.25,23.17,1.08,4.66,49555.2,117998.7718
000999.SZ,20130104,23.6,23.8,23.0,23.17,23.7,-0.53,-2.24,40595.07,94482.2469
000999.SZ,20121231,23.16,23.78,23.02,23.7,23.16,0.54,2.33,63571.4,149864.5306
000999.SZ,20121228,22.97,23.16,22.77,23.16,22.9,0.26,1.14,44396.01,101863.5371
000999.SZ,20121227,23.3,23.39,22.68,22.9,23.29,-0.39,-1.67,46698.34,107187.5672
000999.SZ,20121226,23.5,23.5,22.39,23.29,23.52,-0.23,-0.98,77476.56,179169.4752
000999.SZ,20121225,23.2,23.63,23.0,23.52,23.3,0.22,0.94,37216.95,87026.6071
000999.SZ,20121224,22.96,23.36,22.71,23.3,22.82,0.48,2.1,47611.17,109982.9134
000999.SZ,20121221,22.35,22.97,22.22,22.82,22.22,0.6,2.7,30938.93,69903.964
000999.SZ,20121220,22.25,22.48,21.92,22.22,22.22,0.0,0.0,26785.82,59502.1935
000999.SZ,20121219,21.4,22.28,21.36,22.22,21.43,0.79,3.69,40091.91,87615.4254
000999.SZ,20121218,21.66,21.79,21.29,21.43,21.6,-0.17,-0.79,45907.8,98657.4348
000999.SZ,20121217,21.69,21.89,21.38,21.6,21.95,-0.35,-1.59,60353.71,130378.1326
000999.SZ,20121214,21.5,21.97,21.35,21.95,21.49,0.46,2.14,166896.76,361462.7405
000999.SZ,20121213,20.72,21.55,20.64,21.49,20.71,0.78,3.77,73963.91,156735.278
000999.SZ,20121212,20.45,20.97,20.4,20.71,20.45,0.26,1.27,37480.1,77898.9296
000999.SZ,20121211,20.24,20.5,20.1,20.45,20.3,0.15,0.74,28151.88,57262.3424
000999.SZ,20121210,20.63,20.78,20.14,20.3,20.66,-0.36,-1.74,51838.95,105044.7534
000999.SZ,20121207,20.17,20.74,19.76,20.66,20.08,0.58,2.89,59482.87,119742.7276
000999.SZ,20121206,20.28,20.4,19.7,20.08,20.3,-0.22,-1.08,42803.3,85302.1968
000999.SZ,20121205,19.6,20.35,19.51,20.3,19.7,0.6,3.05,44264.06,88394.3436
000999.SZ,20121204,19.92,19.99,18.95,19.7,19.85,-0.15,-0.76,71561.14,136903.9934
000999.SZ,20121203,20.33,20.33,19.68,19.85,20.33,-0.48,-2.36,23166.13,46263.8302
000999.SZ,20121130,20.1,20.42,19.81,20.33,20.2,0.13,0.64,27529.68,55350.9771
000999.SZ,20121129,19.9,20.45,19.9,20.2,19.9,0.3,1.51,29740.55,60231.256
000999.SZ,20121128,20.01,20.16,19.83,19.9,20.08,-0.18,-0.9,21690.39,43371.5222
000999.SZ,20121127,20.25,20.34,19.9,20.08,20.26,-0.18,-0.89,31766.54,63823.8168
000999.SZ,20121126,20.21,20.5,20.0,20.26,20.25,0.01,0.05,29156.75,59195.3029
000999.SZ,20121123,20.8,20.8,19.99,20.25,20.69,-0.44,-2.13,73717.68,149334.2524
000999.SZ,20121122,20.96,21.13,20.63,20.69,21.12,-0.43,-2.04,23010.57,47960.6629
000999.SZ,20121121,21.06,21.19,20.9,21.12,21.05,0.07,0.33,25909.16,54429.8629
000999.SZ,20121120,21.35,21.63,21.03,21.05,21.32,-0.27,-1.27,17160.51,36433.87
000999.SZ,20121119,21.45,21.74,21.1,21.32,21.4,-0.08,-0.37,18242.56,39016.9613
000999.SZ,20121116,21.58,21.58,21.15,21.4,21.58,-0.18,-0.83,12735.29,27188.0726
000999.SZ,20121115,21.86,21.98,21.5,21.58,21.79,-0.21,-0.96,33385.86,72762.613
000999.SZ,20121114,21.48,22.16,21.35,21.79,21.48,0.31,1.44,47527.31,103901.9554
000999.SZ,20121113,21.4,21.66,21.3,21.48,21.4,0.08,0.37,30216.6,64901.8283
000999.SZ,20121112,22.57,22.59,21.14,21.4,22.58,-1.18,-5.23,69387.94,149062.713
000999.SZ,20121109,22.75,22.99,22.42,22.58,22.88,-0.3,-1.31,12151.06,27675.5307
000999.SZ,20121108,22.8,23.2,22.7,22.88,23.0,-0.12,-0.52,17559.07,40336.6234
000999.SZ,20121107,22.8,23.15,22.61,23.0,22.82,0.18,0.79,16171.82,37035.3398
000999.SZ,20121106,22.4,22.91,22.05,22.82,22.38,0.44,1.97,24534.9,55164.2198
000999.SZ,20121105,22.2,22.54,22.19,22.38,22.2,0.18,0.81,26393.28,58984.9442
000999.SZ,20121102,22.54,22.68,22.01,22.2,22.68,-0.48,-2.12,33152.57,73745.1081
000999.SZ,20121101,22.91,23.12,22.6,22.68,22.85,-0.17,-0.74,59217.95,135153.7598
000999.SZ,20121031,22.9,23.18,22.68,22.85,22.9,-0.05,-0.22,38932.49,89156.2992
000999.SZ,20121030,22.76,23.34,22.74,22.9,22.72,0.18,0.79,50721.54,116908.733
000999.SZ,20121029,22.01,22.8,22.01,22.72,22.25,0.47,2.11,22921.47,51489.694
000999.SZ,20121026,22.5,22.5,21.9,22.25,22.45,-0.2,-0.89,22094.27,49000.5295
000999.SZ,20121025,22.45,22.69,22.2,22.45,22.37,0.08,0.36,18574.99,41700.2943
000999.SZ,20121024,22.32,22.73,22.19,22.37,22.45,-0.08,-0.36,45583.53,102378.5492
000999.SZ,20121023,23.18,23.28,22.3,22.45,23.23,-0.78,-3.36,50361.9,113805.2511
000999.SZ,20121022,22.79,23.43,22.79,23.23,22.99,0.24,1.04,33491.38,77561.9326
000999.SZ,20121019,23.51,23.57,22.9,22.99,23.51,-0.52,-2.21,37856.11,87380.3713
000999.SZ,20121018,23.68,23.69,23.38,23.51,23.45,0.06,0.26,18605.92,43753.9631
000999.SZ,20121017,23.98,23.98,23.2,23.45,23.91,-0.46,-1.92,19279.5,45379.0735
000999.SZ,20121016,23.93,24.35,23.6,23.91,23.93,-0.02,-0.08,41279.81,99241.1077
000999.SZ,20121015,23.49,24.14,23.42,23.93,23.49,0.44,1.87,30709.71,73198.7743
000999.SZ,20121012,23.46,23.7,23.15,23.49,23.22,0.27,1.16,10954.76,25703.9689
000999.SZ,20121011,23.4,23.96,23.22,23.22,23.52,-0.3,-1.28,25751.21,60541.3501
000999.SZ,20121010,23.64,23.96,23.25,23.52,23.57,-0.05,-0.21,20042.5,47322.3554
000999.SZ,20121009,22.84,23.62,22.79,23.57,22.7,0.87,3.83,23036.1,54018.3921
000999.SZ,20121008,22.96,23.1,22.39,22.7,22.88,-0.18,-0.79,16617.34,37859.9739
000999.SZ,20120928,22.6,22.89,22.11,22.88,22.64,0.24,1.06,37112.23,83884.3919
000999.SZ,20120927,22.3,22.88,22.3,22.64,22.33,0.31,1.39,27703.58,62606.3711
000999.SZ,20120926,22.8,22.93,22.15,22.33,22.64,-0.31,-1.37,32817.63,74204.7187
000999.SZ,20120925,22.35,22.87,22.26,22.64,22.4,0.24,1.07,14299.5,32464.0725
000999.SZ,20120924,22.89,23.07,22.11,22.4,23.0,-0.6,-2.61,19235.65,43594.8587
000999.SZ,20120921,22.39,23.38,22.39,23.0,22.8,0.2,0.88,12107.5,27902.2021
000999.SZ,20120920,23.51,23.82,22.65,22.8,23.73,-0.93,-3.92,22320.16,51856.7017
000999.SZ,20120919,23.04,23.75,23.03,23.73,23.23,0.5,2.15,20179.33,47702.3108
000999.SZ,20120918,23.12,23.31,22.82,23.23,23.12,0.11,0.48,12703.28,29386.6437
000999.SZ,20120917,23.2,23.6,23.0,23.12,23.35,-0.23,-0.99,16208.98,37810.8918
000999.SZ,20120914,23.33,23.83,23.2,23.35,23.33,0.02,0.09,24400.98,57541.0163
000999.SZ,20120913,23.54,23.6,23.1,23.33,23.45,-0.12,-0.51,12657.38,29482.5344
000999.SZ,20120912,23.99,23.99,23.28,23.45,23.68,-0.23,-0.97,27878.48,65638.5976
000999.SZ,20120911,23.12,24.0,23.09,23.68,23.27,0.41,1.76,51791.26,122227.4465
000999.SZ,20120910,22.99,23.3,22.55,23.27,22.99,0.28,1.22,23195.81,53231.225
000999.SZ,20120907,22.87,23.29,22.61,22.99,22.79,0.2,0.88,27252.81,62845.3634
000999.SZ,20120906,22.87,22.87,22.56,22.79,22.76,0.03,0.13,8790.23,19939.6185
000999.SZ,20120905,22.3,22.9,22.1,22.76,22.34,0.42,1.88,15334.69,34860.9971
000999.SZ,20120904,21.93,22.34,21.93,22.34,22.04,0.3,1.36,15023.78,33320.822
000999.SZ,20120903,21.68,22.28,21.31,22.04,21.7,0.34,1.57,16788.16,36727.7137
000999.SZ,20120831,21.96,21.96,20.7,21.7,21.98,-0.28,-1.27,25254.84,53749.7787
000999.SZ,20120830,22.72,22.88,21.5,21.98,22.6,-0.62,-2.74,34258.91,75148.7126
000999.SZ,20120829,22.22,22.8,22.21,22.6,22.36,0.24,1.07,21221.47,47894.2416
000999.SZ,20120828,22.35,22.51,22.23,22.36,22.35,0.01,0.04,15773.37,35368.2577
000999.SZ,20120827,22.36,22.82,22.2,22.35,22.43,-0.08,-0.36,14299.67,32132.8417
000999.SZ,20120824,22.88,23.18,22.29,22.43,23.0,-0.57,-2.48,13819.05,31189.9899
000999.SZ,20120823,23.0,23.46,22.85,23.0,23.0,0.0,0.0,25675.18,59678.9878
000999.SZ,20120822,22.99,23.15,22.83,23.0,22.99,0.01,0.04,19569.9,45003.8555
000999.SZ,20120821,22.3,23.2,22.2,22.99,22.3,0.69,3.09,35402.87,80977.1659
000999.SZ,20120820,21.87,22.43,21.7,22.3,22.08,0.22,1.0,14890.44,32731.7047
000999.SZ,20120817,22.3,22.38,21.72,22.08,22.25,-0.17,-0.76,28008.7,61388.7081
000999.SZ,20120816,22.46,22.77,22.25,22.25,22.61,-0.36,-1.59,12684.56,28516.3487
000999.SZ,20120815,22.38,23.05,22.38,22.61,22.38,0.23,1.03,23236.81,53008.19
000999.SZ,20120814,22.77,23.03,22.18,22.38,22.89,-0.51,-2.23,25609.27,57632.8542
000999.SZ,20120813,22.77,23.22,22.41,22.89,22.77,0.12,0.53,26623.44,61333.5457
000999.SZ,20120810,23.26,23.36,22.39,22.77,23.28,-0.51,-2.19,29267.49,66712.3823
000999.SZ,20120809,22.7,23.31,22.5,23.28,22.8,0.48,2.11,40714.14,93682.3127
000999.SZ,20120808,22.87,22.94,22.4,22.8,22.86,-0.06,-0.26,15670.66,35513.9325
000999.SZ,20120807,22.52,23.12,22.42,23.1,22.72,0.38,1.67,37492.52,86000.6616
000999.SZ,20120806,22.29,22.86,22.0,22.72,22.36,0.36,1.61,44165.59,100087.4917
000999.SZ,20120803,22.12,22.42,21.8,22.36,22.03,0.33,1.5,25211.75,56012.526
000999.SZ,20120802,21.75,22.47,21.74,22.03,21.8,0.23,1.06,34144.47,75601.7793
000999.SZ,20120801,21.45,21.84,21.3,21.8,21.5,0.3,1.4,19739.61,42464.421
000999.SZ,20120731,21.47,21.82,21.42,21.5,21.5,0.0,0.0,21561.19,46593.6191
000999.SZ,20120730,20.82,21.64,20.74,21.5,20.82,0.68,3.27,17750.54,37792.5306
000999.SZ,20120727,21.5,21.59,20.7,20.82,21.43,-0.61,-2.85,23562.68,49450.4897
000999.SZ,20120726,21.58,21.85,21.43,21.43,21.71,-0.28,-1.29,13821.58,29863.0233
000999.SZ,20120725,21.71,21.91,21.41,21.71,21.71,0.0,0.0,24139.1,52110.7641
000999.SZ,20120724,21.78,21.86,21.45,21.71,21.86,-0.15,-0.69,11284.51,24441.0827
000999.SZ,20120723,21.78,22.05,21.62,21.86,21.98,-0.12,-0.55,19329.5,42365.0891
000999.SZ,20120720,21.15,22.09,21.02,21.98,21.31,0.67,3.14,41347.53,90462.5642
000999.SZ,20120719,20.4,21.48,20.37,21.31,20.78,0.53,2.55,24801.55,52395.6682
000999.SZ,20120718,20.65,21.0,20.18,20.78,20.72,0.06,0.29,36269.29,74875.7078
000999.SZ,20120717,20.25,21.25,20.2,20.72,20.94,-0.22,-1.05,28410.73,58997.0961
000999.SZ,20120716,21.69,22.06,20.7,20.94,21.58,-0.64,-2.97,39477.02,84511.5424
000999.SZ,20120713,21.46,21.8,21.06,21.58,21.5,0.08,0.37,26554.61,56955.2519
000999.SZ,20120712,21.28,21.95,21.2,21.5,21.32,0.18,0.84,64073.11,138305.1672
000999.SZ,20120711,21.0,21.53,20.6,21.32,21.01,0.31,1.48,45926.22,97331.6068
000999.SZ,20120710,21.8,21.85,20.73,21.01,21.8,-0.79,-3.62,42562.16,90003.7165
000999.SZ,20120709,21.87,22.32,21.6,21.8,21.9,-0.1,-0.46,49150.62,107473.6092
000999.SZ,20120706,21.7,22.26,21.2,21.9,21.5,0.4,1.86,42878.52,93311.6416
000999.SZ,20120705,21.37,21.64,20.68,21.5,21.5,0.0,0.0,31325.27,66094.5255
000999.SZ,20120704,21.83,22.14,21.3,21.5,21.92,-0.42,-1.92,40085.05,86713.7298
000999.SZ,20120703,22.39,22.88,21.76,21.92,22.4,-0.48,-2.14,36488.98,81146.9752
000999.SZ,20120702,21.95,22.65,21.74,22.4,21.85,0.55,2.52,50155.68,111391.6384
000999.SZ,20120629,21.68,22.28,21.46,21.85,21.88,-0.03,-0.14,65429.16,143169.1164
000999.SZ,20120628,21.94,22.3,21.61,21.88,22.0,-0.12,-0.55,30509.18,67010.0721
000999.SZ,20120627,21.05,22.02,21.05,22.0,21.14,0.86,4.07,46331.33,101054.1159
000999.SZ,20120626,20.77,21.3,20.6,21.14,21.08,0.06,0.28,30307.96,63253.2504
000999.SZ,20120625,21.28,21.93,20.8,21.08,21.3,-0.22,-1.03,40898.71,87654.4942
000999.SZ,20120621,21.32,21.56,20.93,21.3,21.3,0.0,0.0,19084.24,40613.1794
000999.SZ,20120620,21.9,21.95,21.21,21.3,21.89,-0.59,-2.7,45078.62,96753.5733
000999.SZ,20120619,21.41,22.1,21.1,21.89,21.45,0.44,2.05,30686.03,66863.4784
000999.SZ,20120618,21.46,21.83,21.24,21.45,21.41,0.04,0.19,45326.57,96963.6847
000999.SZ,20120614,21.31,21.7,21.15,21.41,21.41,0.0,0.0,38523.58,82459.1744
000999.SZ,20120613,21.33,22.16,21.3,21.41,21.33,0.08,0.38,72825.04,158122.6705
000999.SZ,20120612,20.97,21.41,20.97,21.33,21.12,0.21,0.99,32217.98,68640.3847
000999.SZ,20120611,20.62,21.47,20.62,21.12,20.5,0.62,3.02,55273.33,116495.7326
000999.SZ,20120608,20.45,20.56,20.04,20.5,20.4,0.1,0.49,24396.03,49741.3656
000999.SZ,20120607,20.65,20.96,19.98,20.4,20.58,-0.18,-0.87,28851.49,59399.8198
000999.SZ,20120606,20.49,20.8,20.39,20.58,20.41,0.17,0.83,31498.56,64745.1064
000999.SZ,20120605,19.9,20.98,19.75,20.41,19.91,0.5,2.51,40578.02,83714.8086
000999.SZ,20120604,19.5,20.62,19.46,19.91,19.86,0.05,0.25,57141.27,115316.0111
000999.SZ,20120601,19.55,20.0,19.39,19.86,19.47,0.39,2.0,18452.19,36514.261
000999.SZ,20120531,19.35,19.61,19.1,19.47,19.38,0.09,0.46,29291.18,56788.6325
000999.SZ,20120530,19.1,19.5,19.0,19.38,19.36,0.02,0.1,52444.75,100996.518
000999.SZ,20120529,19.94,19.94,17.78,19.36,19.76,-0.4,-2.02,89612.04,172321.6436
000999.SZ,20120525,20.0,20.2,19.62,19.76,19.94,-0.18,-0.9,9013.98,17918.3479
000999.SZ,20120524,20.46,20.69,19.75,19.94,20.5,-0.56,-2.73,34311.15,70195.3577
000999.SZ,20120523,19.8,20.52,19.59,20.5,19.75,0.75,3.8,49764.8,100036.0117
000999.SZ,20120522,19.4,19.75,19.32,19.75,19.44,0.31,1.59,27051.1,53195.4077
000999.SZ,20120521,19.39,19.76,19.31,19.44,19.33,0.11,0.57,12151.99,23707.7883
000999.SZ,20120518,19.21,19.39,19.17,19.33,19.29,0.04,0.21,16185.51,31236.342
000999.SZ,20120517,19.42,19.42,19.11,19.29,19.39,-0.1,-0.52,12494.33,24056.1979
000999.SZ,20120516,19.81,19.81,19.25,19.39,19.81,-0.42,-2.12,20681.36,40316.2735
000999.SZ,20120515,19.5,19.9,19.28,19.81,19.8,0.01,0.05,21340.88,41835.1062
000999.SZ,20120514,19.41,19.97,19.05,19.8,19.4,0.4,2.06,41838.61,81619.8794
000999.SZ,20120511,19.22,19.54,19.15,19.4,19.4,0.0,0.0,41514.12,80157.6146
000999.SZ,20120510,19.5,19.78,19.17,19.4,19.38,0.02,0.1,32720.2,63727.1923
000999.SZ,20120509,19.7,19.89,19.3,19.38,19.9,-0.52,-2.61,26290.31,51169.6791
000999.SZ,20120508,20.17,20.17,19.7,19.9,20.19,-0.29,-1.44,30061.11,59790.8956
000999.SZ,20120507,19.73,20.26,19.73,20.19,20.0,0.19,0.95,42284.18,84642.6821
000999.SZ,20120504,19.24,20.0,19.09,20.0,19.25,0.75,3.9,60970.55,119468.3536
000999.SZ,20120503,19.26,19.65,19.18,19.25,19.29,-0.04,-0.21,40329.59,78532.2156
000999.SZ,20120502,18.7,19.3,18.7,19.29,18.5,0.79,4.27,35050.37,67147.4488
000999.SZ,20120427,18.3,18.58,18.05,18.5,18.01,0.49,2.72,43816.72,80073.5252
000999.SZ,20120426,18.1,18.55,18.01,18.01,18.21,-0.2,-1.1,43334.58,78820.6652
000999.SZ,20120425,18.17,18.3,17.96,18.21,18.05,0.16,0.89,35109.56,63600.7366
000999.SZ,20120424,18.1,18.27,17.8,18.05,18.1,-0.05,-0.28,35911.04,64795.6266
000999.SZ,20120423,18.03,18.27,17.95,18.1,18.23,-0.13,-0.71,19382.41,35086.7449
000999.SZ,20120420,17.97,18.36,17.91,18.23,18.11,0.12,0.66,27705.33,50243.1645
000999.SZ,20120419,17.92,18.14,17.79,18.11,17.98,0.13,0.72,20909.03,37610.8778
000999.SZ,20120418,17.93,18.0,17.4,17.98,17.81,0.17,0.95,51805.16,92060.7955
000999.SZ,20120417,17.65,17.86,17.65,17.81,17.71,0.1,0.56,27935.23,49672.1366
000999.SZ,20120416,17.72,18.08,17.55,17.71,17.81,-0.1,-0.56,15869.04,28508.7443
000999.SZ,20120413,17.8,17.9,17.47,17.81,17.8,0.01,0.06,20232.78,35919.0088
000999.SZ,20120412,17.4,17.87,17.4,17.8,17.5,0.3,1.71,13471.53,23855.7186
000999.SZ,20120411,17.2,17.58,17.06,17.5,17.36,0.14,0.81,19003.21,33099.4062
000999.SZ,20120410,16.81,17.36,16.73,17.36,16.9,0.46,2.72,52581.13,90214.129
000999.SZ,20120409,16.6,16.98,16.26,16.9,16.61,0.29,1.75,35260.27,58323.7057
000999.SZ,20120406,16.77,16.84,16.55,16.61,16.91,-0.3,-1.77,32068.09,53492.3843
000999.SZ,20120405,16.25,16.98,16.25,16.91,16.6,0.31,1.87,23255.52,38683.7547
000999.SZ,20120330,16.9,16.97,16.55,16.6,16.9,-0.3,-1.78,19218.73,32148.5078
000999.SZ,20120329,17.27,17.49,16.6,16.9,17.43,-0.53,-3.04,61838.08,104239.173
000999.SZ,20120328,17.56,17.84,17.23,17.43,17.71,-0.28,-1.58,33777.47,59187.2072
000999.SZ,20120327,17.99,18.05,17.63,17.71,17.79,-0.08,-0.45,16809.18,29812.0946
000999.SZ,20120326,17.71,17.96,17.61,17.79,17.72,0.07,0.4,12052.58,21441.6571
000999.SZ,20120323,17.6,17.78,17.42,17.72,17.86,-0.14,-0.78,25268.25,44386.1577
000999.SZ,20120322,17.64,17.95,17.48,17.86,17.65,0.21,1.19,28796.6,51142.1112
000999.SZ,20120321,18.03,18.15,17.33,17.65,17.9,-0.25,-1.4,29236.08,51467.1369
000999.SZ,20120320,18.37,18.53,17.86,17.9,18.49,-0.59,-3.19,30521.96,55425.5857
000999.SZ,20120319,18.35,18.74,18.15,18.49,18.35,0.14,0.76,52191.9,96614.5572
000999.SZ,20120316,18.19,18.42,17.98,18.35,18.15,0.2,1.1,56623.65,103203.6893
000999.SZ,20120315,17.65,18.15,17.18,18.15,17.65,0.5,2.83,66389.11,118934.1545
000999.SZ,20120314,18.06,18.33,17.47,17.65,18.1,-0.45,-2.49,81651.68,146637.0748
000999.SZ,20120313,17.88,18.12,17.71,18.1,17.96,0.14,0.78,59886.87,107455.2107
000999.SZ,20120312,16.86,18.14,16.84,17.96,16.86,1.1,6.52,115987.83,204444.1554
000999.SZ,20120309,16.51,16.87,16.38,16.86,16.51,0.35,2.12,52487.28,87238.0749
000999.SZ,20120308,16.45,16.55,16.31,16.51,16.36,0.15,0.92,23705.96,38999.0216
000999.SZ,20120307,16.19,16.45,16.12,16.36,16.17,0.19,1.18,43750.5,71478.4377
000999.SZ,20120306,16.47,16.59,16.12,16.17,16.47,-0.3,-1.82,27725.67,45083.8996
000999.SZ,20120305,16.83,16.95,16.45,16.47,16.8,-0.33,-1.96,67446.16,112101.7617
000999.SZ,20120302,16.75,16.81,16.46,16.8,16.73,0.07,0.42,57711.15,96299.0322
000999.SZ,20120301,16.78,16.84,16.65,16.73,16.84,-0.11,-0.65,23942.9,40062.1308
000999.SZ,20120229,16.85,16.98,16.74,16.84,16.85,-0.01,-0.06,25624.7,43192.3781
000999.SZ,20120228,17.1,17.29,16.61,16.85,17.15,-0.3,-1.75,46269.42,78110.0935
000999.SZ,20120227,17.13,17.46,17.01,17.15,17.1,0.05,0.29,45582.7,78704.6475
000999.SZ,20120224,16.85,17.16,16.82,17.1,16.92,0.18,1.06,58210.1,99101.3456
000999.SZ,20120223,16.5,16.93,16.39,16.92,16.6,0.32,1.93,68192.42,113443.6647
000999.SZ,20120222,16.15,16.6,15.8,16.6,16.2,0.4,2.47,67646.58,109489.2153
000999.SZ,20120221,16.18,16.25,15.78,16.2,16.09,0.11,0.68,27852.74,44492.179
000999.SZ,20120220,16.68,16.69,16.0,16.09,16.45,-0.36,-2.19,38487.27,62819.1738
000999.SZ,20120217,16.65,16.78,16.29,16.45,16.54,-0.09,-0.54,21403.87,35369.538
000999.SZ,20120216,16.47,16.69,16.2,16.54,16.56,-0.02,-0.12,30367.45,50081.9976
000999.SZ,20120215,16.48,16.67,16.3,16.56,16.4,0.16,0.98,30859.59,51004.0443
000999.SZ,20120214,16.56,16.62,16.28,16.4,16.54,-0.14,-0.85,15615.09,25604.6458
000999.SZ,20120213,16.34,16.68,16.2,16.54,16.46,0.08,0.49,18768.6,30986.0671
000999.SZ,20120210,16.59,16.74,16.33,16.46,16.58,-0.12,-0.72,25914.95,42837.2881
000999.SZ,20120209,16.38,16.72,16.3,16.58,16.43,0.15,0.91,33184.72,54995.8094
000999.SZ,20120208,16.06,16.5,15.99,16.43,16.25,0.18,1.11,33005.89,53414.0883
000999.SZ,20120207,16.46,16.7,16.07,16.25,16.47,-0.22,-1.34,21846.02,35852.0293
000999.SZ,20120206,16.18,16.6,16.12,16.47,16.23,0.24,1.48,38743.51,63707.4768
000999.SZ,20120203,15.69,16.28,15.65,16.23,15.59,0.64,4.11,45287.08,72057.1205
000999.SZ,20120201,15.6,15.9,15.51,15.59,15.6,-0.01,-0.06,19899.33,31327.3204
000999.SZ,20120131,15.87,15.87,15.41,15.6,15.9,-0.3,-1.89,20500.24,31925.1434
000999.SZ,20120130,15.71,15.95,15.26,15.9,15.7,0.2,1.27,25891.33,40554.1558
000999.SZ,20120120,14.85,15.75,14.77,15.7,14.7,1.0,6.8,41486.02,64030.4018
000999.SZ,20120119,14.66,15.08,14.5,14.7,14.7,0.0,0.0,42234.04,62358.0138
000999.SZ,20120118,15.4,15.46,14.44,14.7,15.48,-0.78,-5.04,89121.56,132210.9136
000999.SZ,20120117,14.71,15.49,14.27,15.48,14.6,0.88,6.03,92486.36,137001.1249
000999.SZ,20120116,15.54,15.54,14.41,14.6,15.7,-1.1,-7.01,92667.53,137820.8099
000999.SZ,20120113,16.66,16.72,15.5,15.7,16.65,-0.95,-5.71,58796.46,93914.3777
000999.SZ,20120112,16.76,16.92,16.6,16.65,16.86,-0.21,-1.25,22193.42,37123.9021
000999.SZ,20120111,17.32,17.56,16.6,16.86,17.5,-0.64,-3.66,46772.41,78946.655
000999.SZ,20120110,17.0,17.5,16.56,17.5,16.95,0.55,3.24,40126.96,68355.0922
000999.SZ,20120109,16.51,17.0,16.13,16.95,16.51,0.44,2.67,24063.56,39902.8821
000999.SZ,20120106,15.95,16.6,15.4,16.51,16.1,0.41,2.55,44564.04,70868.5414
000999.SZ,20120105,16.06,16.18,15.18,16.1,16.18,-0.08,-0.49,77579.66,121576.3132
000999.SZ,20120104,17.3,17.6,16.09,16.18,17.3,-1.12,-6.47,63575.95,105453.9903
000999.SZ,20111230,16.82,17.3,16.82,17.3,17.09,0.21,1.23,27678.99,47515.483
000999.SZ,20111229,16.9,17.28,16.3,17.09,17.1,-0.01,-0.06,37482.25,63046.3416
000999.SZ,20111228,17.41,17.57,16.56,17.1,17.67,-0.57,-3.23,31660.18,53694.8046
000999.SZ,20111227,18.34,18.34,17.08,17.67,18.35,-0.68,-3.71,48706.52,85683.8608
000999.SZ,20111226,18.21,18.77,17.91,18.35,18.6,-0.25,-1.34,25913.21,47344.5873
000999.SZ,20111223,18.78,18.92,18.43,18.6,18.8,-0.2,-1.06,25045.45,46613.9384
000999.SZ,20111222,19.0,19.08,18.26,18.8,19.08,-0.28,-1.47,18608.83,34665.1662
000999.SZ,20111221,19.5,19.79,18.77,19.08,19.4,-0.32,-1.65,31525.58,60116.5842
000999.SZ,20111220,19.03,19.5,19.03,19.4,19.16,0.24,1.25,31236.19,60267.4721
000999.SZ,20111219,19.01,19.34,18.6,19.16,19.16,0.0,0.0,20129.2,38155.5253
000999.SZ,20111216,18.88,19.45,18.38,19.16,19.19,-0.03,-0.16,18743.88,35345.9357
000999.SZ,20111215,19.33,19.8,17.98,19.19,19.5,-0.31,-1.59,29622.27,55472.7568
000999.SZ,20111214,20.0,20.13,19.49,19.5,19.97,-0.47,-2.35,14216.44,28130.6293
000999.SZ,20111213,20.47,20.5,19.8,19.97,20.5,-0.53,-2.59,14453.8,29121.2241
000999.SZ,20111212,20.69,20.69,20.33,20.5,20.8,-0.3,-1.44,12108.8,24784.7867
000999.SZ,20111209,20.23,20.9,20.02,20.8,20.21,0.59,2.92,13724.49,28040.2244
000999.SZ,20111208,20.01,20.45,19.9,20.21,20.1,0.11,0.55,5125.09,10353.0217
000999.SZ,20111207,20.25,20.34,20.01,20.1,20.25,-0.15,-0.74,10135.38,20386.3625
000999.SZ,20111206,19.91,20.35,19.51,20.25,19.91,0.34,1.71,16829.85,33771.9822
000999.SZ,20111205,20.0,20.2,19.78,19.91,20.03,-0.12,-0.6,15918.55,31798.6435
000999.SZ,20111202,20.78,20.8,19.96,20.03,20.81,-0.78,-3.75,16428.18,33403.6747
000999.SZ,20111201,20.63,21.05,20.35,20.81,20.25,0.56,2.77,25997.5,54171.7201
000999.SZ,20111130,20.55,21.04,20.0,20.25,20.72,-0.47,-2.27,20902.25,43026.9144
000999.SZ,20111129,20.4,20.99,20.3,20.72,20.3,0.42,2.07,30129.04,62701.6954
000999.SZ,20111128,19.86,20.33,19.67,20.3,19.72,0.58,2.94,17342.98,34908.4184
000999.SZ,20111125,19.8,19.9,19.62,19.72,19.8,-0.08,-0.4,9833.72,19443.6483
000999.SZ,20111124,19.71,19.99,19.58,19.8,19.92,-0.12,-0.6,12264.56,24285.9664
000999.SZ,20111123,19.79,19.99,19.7,19.92,19.97,-0.05,-0.25,10149.8,20094.2589
000999.SZ,20111122,19.78,20.2,19.46,19.97,19.97,0.0,0.0,19305.16,38195.4309
000999.SZ,20111121,19.88,20.15,19.71,19.97,19.9,0.07,0.35,19415.02,38793.5959
000999.SZ,20111118,20.01,20.19,19.4,19.9,20.13,-0.23,-1.14,15596.71,30889.138
000999.SZ,20111117,20.19,20.35,20.03,20.13,20.12,0.01,0.05,12027.34,24325.3095
000999.SZ,20111116,20.6,20.82,20.08,20.12,20.66,-0.54,-2.61,26977.3,55340.8527
000999.SZ,20111114,20.81,21.22,20.57,20.66,20.57,0.09,0.44,39400.68,81986.5703
000999.SZ,20111111,20.28,20.75,20.22,20.57,20.2,0.37,1.83,39820.42,81391.7402
000999.SZ,20111110,20.25,20.52,20.0,20.2,20.45,-0.25,-1.22,27350.73,55424.8511
000999.SZ,20111109,19.71,20.5,19.71,20.45,19.85,0.6,3.02,31388.44,63271.8348
000999.SZ,20111108,20.19,20.19,19.68,19.85,20.03,-0.18,-0.9,16365.6,32688.6845
000999.SZ,20111107,20.38,20.62,19.92,20.03,20.4,-0.37,-1.81,35546.53,72109.9154
000999.SZ,20111104,20.68,20.75,20.34,20.4,20.52,-0.12,-0.58,20627.4,42276.7121
000999.SZ,20111103,20.2,21.18,20.12,20.52,20.03,0.49,2.45,55525.22,114671.6484
000999.SZ,20111102,19.3,20.1,19.22,20.03,19.52,0.51,2.61,28109.06,55243.4267
000999.SZ,20111101,19.18,19.6,19.03,19.52,19.27,0.25,1.3,43311.95,84224.6947
000999.SZ,20111031,19.12,19.43,18.9,19.27,19.05,0.22,1.15,24038.37,46172.4223
000999.SZ,20111028,18.91,19.21,18.74,19.05,18.91,0.14,0.74,20961.56,39622.9301
000999.SZ,20111027,19.06,19.35,18.73,18.91,19.06,-0.15,-0.79,18953.66,36141.4336
000999.SZ,20111026,18.73,19.2,18.7,19.06,18.79,0.27,1.44,22961.8,43598.5092
000999.SZ,20111025,18.3,19.03,18.2,18.79,18.31,0.48,2.62,20000.39,37427.1332
000999.SZ,20111024,18.1,18.58,17.95,18.31,18.01,0.3,1.67,11298.56,20631.0439
000999.SZ,20111021,18.2,18.34,17.89,18.01,18.2,-0.19,-1.04,8474.86,15365.2487
000999.SZ,20111020,18.49,18.5,17.6,18.2,18.66,-0.46,-2.47,41352.27,74245.2664
000999.SZ,20111019,18.59,18.84,18.56,18.66,18.6,0.06,0.32,8969.22,16740.8763
000999.SZ,20111018,19.0,19.1,18.6,18.6,19.07,-0.47,-2.46,9173.41,17266.5227
000999.SZ,20111017,19.24,19.39,18.98,19.07,19.15,-0.08,-0.42,9379.2,17934.6194
000999.SZ,20111013,18.7,19.32,18.7,19.15,18.8,0.35,1.86,18710.8,35714.6238
000999.SZ,20111012,18.26,18.99,18.26,18.8,18.33,0.47,2.56,16492.34,30770.6338
000999.SZ,20111011,19.2,19.33,18.0,18.33,18.81,-0.48,-2.55,13021.03,24417.9598
000999.SZ,20111010,18.8,19.03,18.71,18.81,18.65,0.16,0.86,5804.45,10939.9705
000999.SZ,20110930,19.11,19.21,18.55,18.65,18.98,-0.33,-1.74,22886.46,42858.9268
000999.SZ,20110929,19.3,19.44,18.98,18.98,19.25,-0.27,-1.4,20378.68,39108.58
000999.SZ,20110928,19.8,20.15,19.18,19.25,19.9,-0.65,-3.27,18001.39,35038.184
000999.SZ,20110927,19.7,20.21,19.52,19.9,19.58,0.32,1.63,28193.71,55628.7035
000999.SZ,20110926,19.72,20.09,19.42,19.58,19.71,-0.13,-0.66,9525.2,18754.0975
000999.SZ,20110923,19.6,20.27,19.4,19.71,19.82,-0.11,-0.56,17581.74,34644.8643
000999.SZ,20110922,20.22,20.29,19.78,19.82,20.31,-0.49,-2.41,16856.82,33691.4589
000999.SZ,20110921,20.1,20.34,19.47,20.31,19.95,0.36,1.8,27360.43,54844.7557
000999.SZ,20110920,19.85,20.14,19.81,19.95,20.0,-0.05,-0.25,14534.11,28978.5268
000999.SZ,20110919,20.05,20.25,19.78,20.0,20.05,-0.05,-0.25,19079.69,38250.3582
000999.SZ,20110916,20.4,20.43,19.96,20.05,20.22,-0.17,-0.84,16761.78,33645.6738
000999.SZ,20110915,19.85,20.5,19.85,20.22,19.83,0.39,1.97,20963.01,42558.0937
000999.SZ,20110914,19.85,19.93,19.43,19.83,19.65,0.18,0.92,11468.6,22569.058
000999.SZ,20110913,20.08,20.25,19.65,19.65,20.27,-0.62,-3.06,18026.35,35757.5273
000999.SZ,20110909,20.49,20.63,20.01,20.27,20.26,0.01,0.05,22896.54,46412.9658
000999.SZ,20110908,20.81,20.94,20.18,20.26,20.8,-0.54,-2.6,21930.52,45049.1208
000999.SZ,20110907,20.36,20.88,20.2,20.8,20.18,0.62,3.07,20075.32,41378.9599
000999.SZ,20110906,20.01,20.55,20.01,20.18,20.4,-0.22,-1.08,13199.11,26706.7822
000999.SZ,20110905,20.45,20.64,20.0,20.4,20.65,-0.25,-1.21,20497.03,41793.8689
000999.SZ,20110902,20.73,21.0,20.35,20.65,20.81,-0.16,-0.77,17734.45,36616.4573
000999.SZ,20110901,20.85,21.49,20.66,20.81,20.81,0.0,0.0,34732.34,73412.0475
000999.SZ,20110831,21.3,21.49,20.47,20.81,21.38,-0.57,-2.67,42798.64,89556.4897
000999.SZ,20110830,21.71,21.9,21.38,21.38,21.7,-0.32,-1.47,41678.59,89947.5889
000999.SZ,20110829,21.77,21.8,21.3,21.7,21.77,-0.07,-0.32,36889.62,79906.4492
000999.SZ,20110826,21.04,21.95,21.0,21.77,21.04,0.73,3.47,105470.36,228356.3231
000999.SZ,20110825,20.69,21.06,20.5,21.04,20.62,0.42,2.04,51473.5,107055.4688
000999.SZ,20110824,20.55,20.97,20.46,20.62,20.55,0.07,0.34,40255.68,83383.6014
000999.SZ,20110823,20.47,20.58,20.08,20.55,20.21,0.34,1.68,37259.6,75968.9026
000999.SZ,20110822,20.19,20.87,20.02,20.21,20.19,0.02,0.1,44896.87,92340.2567
000999.SZ,20110819,19.91,20.42,19.85,20.19,20.19,0.0,0.0,32761.84,66130.2961
000999.SZ,20110818,20.38,20.59,19.82,20.19,20.58,-0.39,-1.9,47346.14,95298.1909
000999.SZ,20110817,20.5,20.96,20.2,20.58,20.8,-0.22,-1.06,53231.77,110028.4969
000999.SZ,20110816,20.6,21.11,20.5,20.8,20.6,0.2,0.97,141721.82,296313.0567
000999.SZ,20110815,20.15,21.0,19.96,20.6,20.2,0.4,1.98,72923.07,150055.4703
000999.SZ,20110812,20.27,20.35,19.89,20.2,20.27,-0.07,-0.35,83170.95,167543.233
000999.SZ,20110811,19.2,20.5,19.1,20.27,19.56,0.71,3.63,104803.51,210065.8233
000999.SZ,20110810,19.02,19.85,18.9,19.56,18.72,0.84,4.49,66079.93,128004.1557
000999.SZ,20110809,17.91,18.83,17.81,18.72,18.5,0.22,1.19,48609.46,88884.2474
000999.SZ,20110808,18.28,18.86,17.08,18.5,18.47,0.03,0.16,79449.27,145243.3649
000999.SZ,20110805,18.0,18.48,17.02,18.47,18.45,0.02,0.11,28368.94,51483.1625
000999.SZ,20110804,18.4,18.73,18.31,18.45,18.3,0.15,0.82,17336.55,32099.3572
000999.SZ,20110803,18.18,18.47,18.17,18.3,18.33,-0.03,-0.16,14938.23,27396.4824
000999.SZ,20110802,18.77,18.79,18.18,18.33,18.84,-0.51,-2.71,16689.25,30629.2669
000999.SZ,20110801,18.77,19.0,18.65,18.84,18.66,0.18,0.96,14603.71,27531.3691
000999.SZ,20110729,19.07,19.19,18.63,18.66,19.05,-0.39,-2.05,23322.87,43933.5164
000999.SZ,20110728,19.09,19.3,18.9,19.05,19.37,-0.32,-1.65,18881.46,36004.4227
000999.SZ,20110727,18.92,19.59,18.65,19.37,19.04,0.33,1.73,34477.97,65762.5681
000999.SZ,20110726,18.92,19.18,18.81,19.04,19.15,-0.11,-0.57,15595.59,29516.9936
000999.SZ,20110725,19.25,19.69,18.91,19.15,19.38,-0.23,-1.19,28926.06,55876.1041
000999.SZ,20110722,19.6,19.68,19.23,19.38,19.5,-0.12,-0.62,41484.35,80560.1862
000999.SZ,20110721,19.52,19.69,19.5,19.5,19.52,-0.02,-0.1,20191.91,39508.9512
000999.SZ,20110720,19.97,20.08,19.44,19.52,19.88,-0.36,-1.81,30597.28,60154.7216
000999.SZ,20110719,20.0,20.15,19.73,19.88,20.25,-0.37,-1.83,26051.45,51889.7907
000999.SZ,20110718,19.8,20.64,19.8,20.25,20.02,0.23,1.15,103923.37,211570.3896
000999.SZ,20110715,18.93,20.08,18.93,20.02,18.92,1.1,5.81,98929.26,194044.3622
000999.SZ,20110714,19.01,19.1,18.7,18.92,18.92,0.0,0.0,27027.07,51003.5063
000999.SZ,20110713,18.6,19.02,18.6,18.92,18.64,0.28,1.5,22750.21,42949.037
000999.SZ,20110712,18.78,18.79,18.55,18.64,18.84,-0.2,-1.06,23416.45,43720.2224
000999.SZ,20110711,18.74,18.84,18.53,18.84,18.73,0.11,0.59,19405.37,36281.8085
000999.SZ,20110708,18.73,18.9,18.61,18.73,18.74,-0.01,-0.05,22744.05,42665.234
000999.SZ,20110707,18.64,19.0,18.53,18.74,18.65,0.09,0.48,42047.26,78983.9687
000999.SZ,20110706,18.53,18.7,18.4,18.65,18.57,0.08,0.43,23407.18,43349.1773
000999.SZ,20110705,18.62,18.74,18.49,18.57,18.63,-0.06,-0.32,32234.72,59984.6938
000999.SZ,20110704,18.11,18.63,18.09,18.63,18.13,0.5,2.76,43086.19,79646.5289
000999.SZ,20110701,18.05,18.24,17.92,18.13,17.95,0.18,1.0,37509.83,68134.8761
000999.SZ,20110630,17.75,18.04,17.75,17.95,17.77,0.18,1.01,24895.21,44692.1339
000999.SZ,20110629,18.14,18.14,17.77,17.77,18.14,-0.37,-2.04,24040.32,43012.3162
000999.SZ,20110628,18.08,18.22,18.01,18.14,18.11,0.03,0.17,22153.98,40170.84
000999.SZ,20110627,18.02,18.23,17.91,18.11,18.02,0.09,0.5,42710.54,77243.3964
000999.SZ,20110624,17.6,18.18,17.43,18.02,17.65,0.37,2.1,58425.37,104508.682
000999.SZ,20110623,17.44,17.69,17.24,17.65,17.45,0.2,1.15,41076.86,71734.0353
000999.SZ,20110622,17.66,17.79,17.2,17.45,17.66,-0.21,-1.19,19003.93,33092.5935
000999.SZ,20110621,17.6,17.74,17.5,17.66,17.51,0.15,0.86,11392.71,20049.3034
000999.SZ,20110620,17.6,17.75,17.4,17.51,17.6,-0.09,-0.51,17681.7,31012.5131
000999.SZ,20110617,17.77,17.8,17.42,17.6,17.75,-0.15,-0.85,20900.67,36857.2411
000999.SZ,20110616,18.6,18.6,17.75,17.75,18.74,-0.99,-5.28,44586.67,80192.082
000999.SZ,20110614,18.85,18.89,18.65,18.74,18.75,-0.01,-0.05,19144.15,35884.3785
000999.SZ,20110613,18.9,18.97,18.72,18.75,19.07,-0.32,-1.68,9527.75,17910.5727
000999.SZ,20110610,18.86,19.12,18.8,19.07,18.86,0.21,1.11,19870.04,37707.4891
000999.SZ,20110609,19.17,19.17,18.84,18.86,19.12,-0.26,-1.36,14760.86,27966.3929
000999.SZ,20110608,19.39,19.59,19.31,19.42,19.47,-0.05,-0.26,14759.87,28590.9573
000999.SZ,20110607,19.1,19.57,19.01,19.47,19.07,0.4,2.1,33071.75,64301.3877
000999.SZ,20110603,18.4,19.11,18.4,19.07,18.39,0.68,3.7,41000.28,77490.4978
000999.SZ,20110602,18.89,18.99,18.22,18.39,18.99,-0.6,-3.16,29739.72,55432.5609
000999.SZ,20110601,19.0,19.05,18.83,18.99,18.98,0.01,0.05,21317.24,40400.1374
000999.SZ,20110531,18.83,19.0,18.71,18.98,18.72,0.26,1.39,16788.55,31640.4108
000999.SZ,20110530,19.02,19.3,18.68,18.72,18.97,-0.25,-1.32,25107.7,47808.0045
000999.SZ,20110527,19.21,19.43,18.97,18.97,19.2,-0.23,-1.2,18235.28,34893.3459
000999.SZ,20110526,19.45,19.49,19.0,19.2,19.32,-0.12,-0.62,13504.42,26012.4786
000999.SZ,20110525,19.48,19.66,19.31,19.32,19.59,-0.27,-1.38,11632.43,22636.166
000999.SZ,20110524,19.84,19.85,19.38,19.59,19.86,-0.27,-1.36,24012.46,46970.3196
000999.SZ,20110523,20.29,20.3,19.75,19.86,20.25,-0.39,-1.93,31616.43,62949.1865
000999.SZ,20110519,20.36,20.49,20.23,20.25,20.29,-0.04,-0.2,21984.19,44730.228
000999.SZ,20110518,20.22,20.43,20.15,20.29,20.22,0.07,0.35,19950.03,40505.4458
000999.SZ,20110517,20.41,20.6,20.18,20.22,20.47,-0.25,-1.22,29362.81,59696.126
000999.SZ,20110516,20.68,20.83,20.45,20.47,20.84,-0.37,-1.78,25590.03,52889.0392
000999.SZ,20110513,20.61,20.92,20.5,20.84,20.58,0.26,1.26,28537.14,59074.6363
000999.SZ,20110512,20.75,20.94,20.58,20.58,20.79,-0.21,-1.01,32015.16,66429.6541
000999.SZ,20110511,20.79,20.85,20.56,20.79,20.7,0.09,0.43,30939.93,64065.4519
000999.SZ,20110510,20.67,20.9,20.61,20.7,20.67,0.03,0.15,37083.75,76880.1811
000999.SZ,20110509,20.8,20.92,20.48,20.67,20.73,-0.06,-0.29,40206.25,83314.2584
000999.SZ,20110506,20.25,20.85,20.25,20.73,20.4,0.33,1.62,36117.0,74702.8649
000999.SZ,20110505,20.28,20.55,20.14,20.4,20.31,0.09,0.44,38768.26,79032.6263
000999.SZ,20110504,20.21,20.46,19.92,20.31,20.23,0.08,0.4,50416.64,102110.2142
000999.SZ,20110503,20.1,20.31,20.1,20.23,20.14,0.09,0.45,28978.36,58539.8442
000999.SZ,20110429,19.82,20.2,19.82,20.14,19.81,0.33,1.67,24527.59,49124.8066
000999.SZ,20110428,20.04,20.2,19.78,19.81,20.0,-0.19,-0.95,68103.7,136149.0899
000999.SZ,20110427,20.35,20.54,19.8,20.0,20.45,-0.45,-2.2,65551.84,131938.4853
000999.SZ,20110426,20.48,20.78,19.98,20.45,20.48,-0.03,-0.15,64537.06,130724.6356
000999.SZ,20110425,21.35,21.44,20.47,20.48,21.3,-0.82,-3.85,75555.38,157735.5173
000999.SZ,20110422,21.82,21.83,21.2,21.3,21.82,-0.52,-2.38,47949.32,102785.8622
000999.SZ,20110421,21.72,21.98,21.54,21.82,21.82,0.0,0.0,61264.24,133500.6015
000999.SZ,20110420,21.37,21.97,21.25,21.82,21.32,0.5,2.35,54515.49,117581.0245
000999.SZ,20110419,21.24,21.49,21.05,21.32,21.3,0.02,0.09,33789.09,71770.9298
000999.SZ,20110418,21.6,21.74,21.16,21.3,21.66,-0.36,-1.66,78287.98,166639.5782
000999.SZ,20110415,21.9,22.02,21.57,21.66,21.94,-0.28,-1.28,40112.32,87200.5351
000999.SZ,20110414,21.77,22.15,21.68,21.94,21.8,0.14,0.64,57730.67,126696.4731
000999.SZ,20110413,21.45,21.85,21.24,21.8,21.61,0.19,0.88,40569.55,87724.6862
000999.SZ,20110412,21.55,21.81,21.27,21.61,21.61,0.0,0.0,64229.74,138271.9246
000999.SZ,20110411,21.96,22.05,21.55,21.61,21.97,-0.36,-1.64,63009.65,137085.445
000999.SZ,20110408,21.2,22.04,21.2,21.97,21.15,0.82,3.88,112760.0,242929.3836
000999.SZ,20110407,21.36,21.38,21.0,21.15,21.3,-0.15,-0.7,44585.75,94235.6254
000999.SZ,20110406,21.3,21.38,21.06,21.3,21.34,-0.04,-0.19,36289.84,76962.8761
000999.SZ,20110401,21.39,21.47,21.15,21.34,21.38,-0.04,-0.19,30279.02,64367.3456
000999.SZ,20110331,21.2,21.53,21.18,21.38,21.2,0.18,0.85,36756.94,78388.6451
000999.SZ,20110330,21.32,21.4,21.03,21.2,21.28,-0.08,-0.38,36656.58,77753.5601
000999.SZ,20110329,21.71,21.89,21.16,21.28,21.71,-0.43,-1.98,75375.05,161713.674
000999.SZ,20110328,22.4,22.4,21.65,21.71,22.41,-0.7,-3.12,74015.9,162511.5731
000999.SZ,20110325,22.44,22.47,22.24,22.41,22.4,0.01,0.04,42625.11,95187.8109
000999.SZ,20110324,22.22,22.48,22.16,22.4,22.22,0.18,0.81,38962.56,87007.2957
000999.SZ,20110323,22.1,22.25,22.0,22.22,22.07,0.15,0.68,33904.22,75096.5311
000999.SZ,20110322,22.15,22.25,21.95,22.07,22.06,0.01,0.05,28066.83,61964.1347
000999.SZ,20110321,22.4,22.49,22.01,22.06,22.41,-0.35,-1.56,43411.73,96223.9422
000999.SZ,20110318,22.7,22.73,22.25,22.41,22.52,-0.11,-0.49,42273.1,94827.5205
000999.SZ,20110317,23.13,23.13,22.47,22.52,23.25,-0.73,-3.14,80293.6,182190.1406
000999.SZ,20110316,23.34,23.39,23.0,23.25,23.34,-0.09,-0.39,43702.31,101075.5584
000999.SZ,20110315,23.7,23.7,23.02,23.34,23.74,-0.4,-1.68,54024.95,125795.1728
000999.SZ,20110314,23.15,23.76,23.0,23.74,23.3,0.44,1.89,68117.53,159673.089
000999.SZ,20110311,23.5,23.73,23.1,23.3,23.56,-0.26,-1.1,57565.08,134673.6669
000999.SZ,20110310,23.5,23.9,23.33,23.56,23.46,0.1,0.43,65340.59,154593.6413
000999.SZ,20110309,23.2,23.56,23.04,23.46,23.12,0.34,1.47,58940.75,137642.04
000999.SZ,20110308,23.33,23.39,23.0,23.12,23.28,-0.16,-0.69,49516.45,114681.0221
000999.SZ,20110307,23.42,23.53,22.98,23.28,23.34,-0.06,-0.26,91521.06,212047.9257
000999.SZ,20110304,23.06,23.42,22.77,23.34,23.02,0.32,1.39,39698.97,91741.9323
000999.SZ,20110303,23.39,23.53,22.91,23.02,23.4,-0.38,-1.62,45148.76,104989.0294
000999.SZ,20110302,23.6,23.65,23.01,23.4,23.69,-0.29,-1.22,58744.29,136846.6105
000999.SZ,20110301,23.73,23.99,23.45,23.69,23.7,-0.01,-0.04,63042.12,148906.2229
000999.SZ,20110228,23.75,23.8,23.43,23.7,23.8,-0.1,-0.42,48743.46,115049.5435
000999.SZ,20110225,24.0,24.25,23.75,23.8,24.0,-0.2,-0.83,47132.32,112814.9223
000999.SZ,20110224,24.0,24.3,23.66,24.0,24.12,-0.12,-0.5,64651.07,154623.4443
000999.SZ,20110223,23.23,24.12,23.23,24.12,23.18,0.94,4.06,103462.76,246173.8614
000999.SZ,20110222,23.8,23.86,23.0,23.18,23.59,-0.41,-1.74,54313.07,127053.4954
000999.SZ,20110221,23.14,23.65,22.89,23.59,23.1,0.49,2.12,100749.63,235102.3392
000999.SZ,20110218,22.53,23.52,22.1,23.1,22.53,0.57,2.53,124518.38,283860.3047
000999.SZ,20110217,23.09,23.28,22.53,22.53,23.08,-0.55,-2.38,105314.62,238985.5286
000999.SZ,20110216,23.2,23.44,22.95,23.08,23.1,-0.02,-0.09,55534.08,128300.1251
000999.SZ,20110215,23.2,23.62,23.02,23.1,23.1,0.0,0.0,65437.34,152730.9775
000999.SZ,20110214,22.63,23.32,22.63,23.1,22.83,0.27,1.18,67807.66,156368.1908
000999.SZ,20110211,22.78,23.11,22.6,22.83,22.51,0.32,1.42,86076.92,197076.8718
000999.SZ,20110210,22.0,22.53,21.75,22.51,22.0,0.51,2.32,56890.59,127039.4313
000999.SZ,20110209,22.01,22.28,21.75,22.0,22.04,-0.04,-0.18,27634.24,60846.5884
000999.SZ,20110201,21.91,22.15,21.79,22.04,21.9,0.14,0.64,27698.75,61030.267
000999.SZ,20110131,21.91,21.98,21.58,21.9,21.89,0.01,0.05,31690.42,69095.679
000999.SZ,20110128,21.5,21.98,21.5,21.89,21.43,0.46,2.15,55706.57,121171.7387
000999.SZ,20110127,21.31,21.93,21.07,21.43,21.35,0.08,0.37,63983.11,137345.0224
000999.SZ,20110126,21.41,21.64,21.19,21.35,21.35,0.0,0.0,40379.71,85981.8279
000999.SZ,20110125,21.3,21.62,21.18,21.35,21.34,0.01,0.05,28817.16,61665.5281
000999.SZ,20110124,21.98,22.15,21.33,21.34,21.98,-0.64,-2.91,35127.29,75861.4574
000999.SZ,20110121,22.78,22.79,21.75,21.98,22.8,-0.82,-3.6,64122.0,141830.8115
000999.SZ,20110120,22.82,22.93,22.08,22.8,22.92,-0.12,-0.52,28690.56,64626.1724
000999.SZ,20110119,22.49,23.11,22.46,22.92,22.7,0.22,0.97,48152.07,110235.4786
000999.SZ,20110118,22.2,22.77,21.86,22.7,22.2,0.5,2.25,31245.17,69402.2823
000999.SZ,20110117,22.9,23.14,22.12,22.2,22.92,-0.72,-3.14,40331.22,91219.0479
000999.SZ,20110114,23.44,23.44,22.78,22.92,23.5,-0.58,-2.47,32667.74,75147.1325
000999.SZ,20110113,23.02,23.75,23.02,23.5,23.02,0.48,2.09,39720.73,93044.3169
000999.SZ,20110112,23.1,23.31,22.75,23.02,23.15,-0.13,-0.56,50321.17,115616.8674
000999.SZ,20110111,23.37,23.53,22.7,23.15,23.3,-0.15,-0.64,75499.13,173442.1795
000999.SZ,20110110,24.25,24.38,23.26,23.3,24.29,-0.99,-4.08,53049.15,125732.4723
000999.SZ,20110107,24.3,24.59,24.16,24.29,24.5,-0.21,-0.86,40383.87,98690.7651
000999.SZ,20110106,24.7,24.84,23.99,24.5,24.78,-0.28,-1.13,95491.17,232333.0469
000999.SZ,20110105,25.13,25.4,24.77,24.78,25.25,-0.47,-1.86,49345.24,123359.0708
000999.SZ,20110104,25.5,25.5,24.79,25.25,25.55,-0.3,-1.17,99197.02,248349.2822
000999.SZ,20101231,25.22,25.85,24.66,25.55,25.09,0.46,1.83,86227.92,216715.2727
000999.SZ,20101230,24.9,25.51,24.68,25.09,24.9,0.19,0.76,54137.49,136598.5692
000999.SZ,20101229,24.39,24.94,24.2,24.9,24.39,0.51,2.09,42187.88,103626.1289
000999.SZ,20101228,24.35,24.6,23.86,24.39,24.5,-0.11,-0.45,34697.94,84115.0707
000999.SZ,20101227,24.42,25.0,24.15,24.5,24.37,0.13,0.53,48866.21,120242.3665
000999.SZ,20101224,24.15,24.49,24.01,24.37,24.37,0.0,0.0,37959.07,91961.5281
000999.SZ,20101223,24.48,24.68,24.28,24.37,24.39,-0.02,-0.08,29946.55,73168.5929
000999.SZ,20101222,24.95,25.08,24.37,24.39,24.95,-0.56,-2.24,55218.78,135544.8279
000999.SZ,20101221,25.0,25.19,24.71,24.95,25.02,-0.07,-0.28,41323.53,103048.1627
000999.SZ,20101220,25.8,25.9,24.6,25.02,25.6,-0.58,-2.27,45230.48,113940.7194
000999.SZ,20101217,25.65,25.8,25.2,25.6,25.4,0.2,0.79,80872.66,206348.6368
000999.SZ,20101216,25.02,25.6,25.01,25.4,25.02,0.38,1.52,53434.15,135462.226
000999.SZ,20101215,25.15,25.15,24.69,25.02,25.19,-0.17,-0.67,43010.25,107304.4872
000999.SZ,20101214,25.25,25.65,25.0,25.19,25.2,-0.01,-0.04,97347.0,246307.6421
000999.SZ,20101213,25.05,25.6,25.01,25.2,24.88,0.32,1.29,85470.09,215526.3659
000999.SZ,20101210,24.33,25.18,24.27,24.88,24.57,0.31,1.26,41666.65,103911.7643
000999.SZ,20101209,25.19,25.2,24.4,24.57,25.19,-0.62,-2.46,49080.28,120908.434
000999.SZ,20101208,25.85,25.86,25.16,25.19,25.92,-0.73,-2.82,48951.15,124378.9331
000999.SZ,20101207,25.28,25.99,25.1,25.92,25.55,0.37,1.45,48937.22,125644.7182
000999.SZ,20101206,25.33,25.77,24.8,25.55,25.3,0.25,0.99,55183.93,138772.1712
000999.SZ,20101203,25.78,25.9,25.01,25.3,25.7,-0.4,-1.56,33844.2,85799.7208
000999.SZ,20101202,26.2,26.29,25.66,25.7,25.86,-0.16,-0.62,49380.71,127830.973
000999.SZ,20101201,25.82,26.33,25.81,25.86,26.2,-0.34,-1.3,54408.93,141821.1289
000999.SZ,20101130,27.58,27.85,25.9,26.2,27.49,-1.29,-4.69,124123.92,328410.7991
000999.SZ,20101129,28.07,28.15,27.0,27.49,27.96,-0.47,-1.68,95459.59,262616.5491
000999.SZ,20101126,28.02,28.38,27.59,27.96,28.1,-0.14,-0.5,51576.79,143757.1723
000999.SZ,20101125,28.5,28.9,27.99,28.1,28.49,-0.39,-1.37,66623.74,189643.5644
000999.SZ,20101124,27.25,28.62,27.25,28.49,27.68,0.81,2.93,86411.76,243497.518
000999.SZ,20101123,27.12,27.9,26.5,27.68,27.35,0.33,1.21,70564.8,191740.1986
000999.SZ,20101122,27.5,28.08,27.1,27.35,27.5,-0.15,-0.55,71918.4,197742.935
000999.SZ,20101119,26.31,27.59,26.03,27.5,26.19,1.31,5.0,67330.17,179964.5032
000999.SZ,20101118,26.13,26.35,25.75,26.19,25.8,0.39,1.51,52643.94,137422.7823
000999.SZ,20101117,27.18,27.58,25.28,25.8,27.18,-1.38,-5.08,151180.09,396797.0633
000999.SZ,20101116,29.05,29.38,26.8,27.18,28.9,-1.72,-5.95,181902.51,516344.1608
000999.SZ,20101115,27.38,28.95,27.38,28.9,27.21,1.69,6.21,150288.09,424247.4386
000999.SZ,20101112,27.6,28.66,26.9,27.21,27.88,-0.67,-2.4,224339.47,622058.5972
000999.SZ,20101111,27.33,28.7,27.07,27.88,26.9,0.98,3.64,272975.58,758714.6042
000999.SZ,20101109,26.32,26.9,25.84,26.9,26.31,0.59,2.24,138692.92,365960.5151
000999.SZ,20101108,25.3,26.38,25.17,26.31,25.3,1.01,3.99,131182.59,339082.9179
000999.SZ,20101105,25.46,25.58,25.11,25.3,25.35,-0.05,-0.2,87665.94,222046.3692
000999.SZ,20101104,25.18,25.35,24.78,25.35,25.0,0.35,1.4,87529.11,219505.6849
000999.SZ,20101103,24.9,25.39,24.68,25.0,24.91,0.09,0.36,86995.07,218453.906
000999.SZ,20101102,24.9,25.68,24.89,24.91,24.89,0.02,0.08,164856.05,416375.4917
000999.SZ,20101101,24.35,24.95,24.23,24.89,24.34,0.55,2.26,114821.18,282970.9601
000999.SZ,20101029,24.26,24.47,23.93,24.34,24.35,-0.01,-0.04,63729.56,154410.5144
000999.SZ,20101028,24.28,24.5,24.1,24.35,24.4,-0.05,-0.2,60937.61,147809.607
000999.SZ,20101027,24.57,25.39,24.26,24.4,24.38,0.02,0.08,125533.18,311271.4275
000999.SZ,20101026,24.49,24.5,23.88,24.38,24.3,0.08,0.33,132316.4,320678.327
000999.SZ,20101025,24.5,24.55,23.9,24.3,24.32,-0.02,-0.08,170465.23,411782.0943
000999.SZ,20101022,24.78,25.0,24.3,24.32,24.73,-0.41,-1.66,120055.09,295339.3187
000999.SZ,20101021,24.74,24.88,24.4,24.73,24.63,0.1,0.41,95073.31,234257.0791
000999.SZ,20101020,23.66,24.96,23.51,24.63,24.02,0.61,2.54,169005.8,413183.1985
000999.SZ,20101019,23.32,24.09,22.9,24.02,23.3,0.72,3.09,120771.09,285665.9888
000999.SZ,20101018,23.0,23.59,21.88,23.3,23.0,0.3,1.3,173950.89,390641.3507
000999.SZ,20101015,23.87,24.3,22.6,23.0,23.98,-0.98,-4.09,202634.84,473650.9592
000999.SZ,20101014,24.65,24.77,23.78,23.98,24.6,-0.62,-2.52,109375.76,262136.6958
000999.SZ,20101013,24.23,25.0,24.18,24.6,24.16,0.44,1.82,83203.26,203718.6185
000999.SZ,20101012,24.78,24.97,24.0,24.16,24.9,-0.74,-2.97,117114.86,286286.4595
000999.SZ,20101011,26.48,26.76,24.18,24.9,26.48,-1.58,-5.97,168207.81,419825.5085
000999.SZ,20101008,26.4,27.32,26.11,26.48,26.37,0.11,0.42,54513.57,145720.7582
000999.SZ,20100930,25.95,26.56,25.88,26.37,26.26,0.11,0.42,48886.67,128410.9389
000999.SZ,20100929,26.84,26.98,25.6,26.26,26.8,-0.54,-2.01,93251.38,243024.7932
000999.SZ,20100928,27.61,27.62,26.8,26.8,27.62,-0.82,-2.97,58809.43,160011.7654
000999.SZ,20100927,27.48,27.98,26.92,27.62,27.14,0.48,1.77,47909.49,132107.0821
000999.SZ,20100921,26.84,27.24,26.38,27.14,26.84,0.3,1.12,31819.35,85566.1514
000999.SZ,20100920,26.94,27.3,26.31,26.84,26.93,-0.09,-0.33,32004.87,85780.843
000999.SZ,20100917,26.49,27.48,26.09,26.93,26.49,0.44,1.66,53965.13,145576.6224
000999.SZ,20100916,27.03,27.16,25.5,26.49,27.0,-0.51,-1.89,68722.22,180154.8606
000999.SZ,20100915,27.01,27.93,26.75,27.0,26.99,0.01,0.04,82892.71,227826.5835
000999.SZ,20100914,27.63,27.8,26.85,26.99,27.63,-0.64,-2.32,71488.65,193889.1335
000999.SZ,20100913,26.7,28.09,26.5,27.63,26.7,0.93,3.48,181415.55,499688.5234
000999.SZ,20100910,24.6,26.95,24.56,26.7,24.6,2.1,8.54,184843.79,476967.1899
000999.SZ,20100909,24.82,25.52,24.55,24.6,24.9,-0.3,-1.2,81082.5,203074.8259
000999.SZ,20100908,24.69,24.94,24.51,24.9,24.78,0.12,0.48,47780.57,118122.9019
000999.SZ,20100907,24.65,25.08,24.55,24.78,24.85,-0.07,-0.28,27520.66,68042.4438
000999.SZ,20100906,25.22,25.48,24.5,24.85,25.11,-0.26,-1.04,68550.77,170841.0502
000999.SZ,20100903,24.65,25.6,24.65,25.11,24.29,0.82,3.38,126755.82,319804.3461
000999.SZ,20100902,24.06,24.47,23.85,24.29,23.81,0.48,2.02,70575.55,170581.2576
000999.SZ,20100901,24.43,24.6,23.45,23.81,24.33,-0.52,-2.14,74482.58,179561.8629
000999.SZ,20100831,23.89,24.6,23.72,24.33,23.95,0.38,1.59,94315.96,228529.4128
000999.SZ,20100830,23.6,24.51,23.54,23.95,23.49,0.46,1.96,94050.39,226466.0432
000999.SZ,20100827,23.2,23.7,23.0,23.49,23.47,0.02,0.09,55138.79,129117.0812
000999.SZ,20100826,23.15,23.57,22.64,23.47,23.12,0.35,1.51,97977.72,224792.0396
000999.SZ,20100825,23.91,23.91,23.0,23.12,24.05,-0.93,-3.87,72450.06,169386.1185
000999.SZ,20100824,23.48,24.14,23.32,24.05,23.51,0.54,2.3,53012.64,126219.1835
000999.SZ,20100823,23.99,24.17,23.3,23.51,23.99,-0.48,-2.0,64662.55,152647.9732
000999.SZ,20100820,25.38,25.55,23.8,23.99,25.46,-1.47,-5.77,128619.33,312548.6394
000999.SZ,20100819,25.21,25.52,25.06,25.46,25.2,0.26,1.03,42783.53,108239.2326
000999.SZ,20100818,25.8,25.99,25.19,25.2,25.8,-0.6,-2.33,54884.59,140070.5859
000999.SZ,20100817,26.17,26.3,25.68,25.8,26.13,-0.33,-1.26,57027.44,148057.0261
000999.SZ,20100816,24.93,26.35,24.87,26.13,24.92,1.21,4.86,92993.44,239566.7182
000999.SZ,20100813,24.38,24.93,24.08,24.92,24.28,0.64,2.64,41196.08,100957.5131
000999.SZ,20100812,24.35,24.71,24.0,24.28,24.5,-0.22,-0.9,30437.06,73918.819
000999.SZ,20100811,24.2,24.75,24.16,24.5,24.38,0.12,0.49,49120.47,120103.6649
000999.SZ,20100810,25.5,25.52,24.38,24.38,25.55,-1.17,-4.58,61450.83,153469.333
000999.SZ,20100809,25.45,25.99,25.22,25.55,25.31,0.24,0.95,75351.5,192919.3237
000999.SZ,20100806,24.84,25.45,24.4,25.31,24.8,0.51,2.06,84158.98,210100.5607
000999.SZ,20100805,24.4,25.1,24.16,24.8,24.46,0.34,1.39,89929.33,223300.2807
000999.SZ,20100804,24.0,24.46,23.72,24.46,24.15,0.31,1.28,100318.53,240823.2361
000999.SZ,20100803,24.86,24.86,23.99,24.15,24.93,-0.78,-3.13,164928.68,400424.5199
000999.SZ,20100802,25.26,25.8,24.38,24.93,24.55,0.38,1.55,137329.46,342328.0182
000999.SZ,20100730,25.2,25.2,24.39,24.55,25.3,-0.75,-2.96,66848.28,164639.285
000999.SZ,20100729,25.85,25.98,25.2,25.3,25.85,-0.55,-2.13,33355.1,84950.4662
000999.SZ,20100728,25.3,26.15,24.77,25.85,25.01,0.84,3.36,59360.15,150513.7029
000999.SZ,20100727,25.2,25.5,24.9,25.01,25.25,-0.24,-0.95,45619.32,115119.4651
000999.SZ,20100726,24.45,25.25,24.24,25.25,24.49,0.76,3.1,62622.07,155549.4963
000999.SZ,20100723,23.8,24.49,23.7,24.49,23.79,0.7,2.94,56712.72,137355.1489
000999.SZ,20100722,23.53,23.84,23.4,23.79,23.42,0.37,1.58,32637.99,77260.5765
000999.SZ,20100721,24.31,24.31,23.4,23.42,24.26,-0.84,-3.46,46344.68,110801.6459
000999.SZ,20100720,23.63,24.3,23.5,24.26,23.42,0.84,3.59,30318.66,73166.8931
000999.SZ,20100719,23.05,23.5,22.85,23.42,23.24,0.18,0.77,21532.22,49957.9678
000999.SZ,20100716,22.89,23.38,22.75,23.24,23.0,0.24,1.04,22628.09,52151.8423
000999.SZ,20100715,22.65,23.28,22.43,23.0,22.65,0.35,1.55,35390.73,81617.5548
000999.SZ,20100714,22.34,22.68,22.34,22.65,22.33,0.32,1.43,37055.71,83431.2117
000999.SZ,20100713,22.8,22.88,22.28,22.33,22.88,-0.55,-2.4,28226.82,63294.097
000999.SZ,20100712,23.8,24.14,22.8,22.88,23.8,-0.92,-3.87,43041.37,100290.9503
000999.SZ,20100709,23.39,24.04,22.81,23.8,23.35,0.45,1.93,21501.02,50893.9194
000999.SZ,20100708,23.33,23.58,23.1,23.35,23.33,0.02,0.09,20662.49,48082.7024
000999.SZ,20100707,23.0,23.65,23.0,23.33,23.13,0.2,0.86,28574.06,66480.8655
000999.SZ,20100706,22.28,23.3,22.28,23.13,22.45,0.68,3.03,19166.38,44067.3453
000999.SZ,20100705,21.99,22.56,21.21,22.45,22.13,0.32,1.45,21471.92,47650.5676
000999.SZ,20100702,22.37,22.8,21.56,22.13,22.41,-0.28,-1.25,35144.41,77669.8621
000999.SZ,20100701,23.0,23.0,22.3,22.41,22.95,-0.54,-2.35,25110.49,56663.0311
000999.SZ,20100630,23.0,23.28,22.21,22.95,23.0,-0.05,-0.22,66053.36,150683.2541
000999.SZ,20100629,23.99,24.12,22.62,23.0,23.95,-0.95,-3.97,56611.22,131540.2552
000999.SZ,20100628,23.8,23.99,23.5,23.95,23.8,0.15,0.63,34568.86,81976.9469
000999.SZ,20100625,24.86,24.99,23.76,23.8,24.86,-1.06,-4.26,76381.74,184105.9658
000999.SZ,20100624,25.0,25.13,24.7,24.86,24.94,-0.08,-0.32,25594.63,63711.5335
000999.SZ,20100623,24.82,25.34,24.8,24.94,25.1,-0.16,-0.64,26889.1,67440.4189
000999.SZ,20100622,24.87,25.13,24.7,25.1,25.01,0.09,0.36,46990.19,117158.5017
000999.SZ,20100621,24.25,25.54,24.01,25.01,25.55,-0.54,-2.11,95760.14,237736.1248
000999.SZ,20100617,27.8,27.89,25.45,25.55,27.4,-1.85,-6.75,118067.44,310831.7006
000999.SZ,20100611,29.02,29.35,27.4,27.4,29.0,-1.6,-5.52,28674.06,81299.1391
000999.SZ,20100610,29.25,29.7,28.78,29.0,29.25,-0.25,-0.85,27269.93,79443.2507
000999.SZ,20100609,29.0,29.3,28.7,29.25,28.85,0.4,1.39,22174.7,64284.7654
000999.SZ,20100608,28.58,29.35,28.41,28.85,28.84,0.01,0.03,36315.29,105145.2427
000999.SZ,20100607,27.55,29.24,26.88,28.84,28.01,0.83,2.96,56790.83,158563.8931
000999.SZ,20100604,27.8,28.28,27.65,28.01,28.05,-0.04,-0.14,20068.2,55950.2353
000999.SZ,20100603,28.45,28.86,28.04,28.05,28.44,-0.39,-1.37,30349.11,86318.1262
000999.SZ,20100602,28.44,28.88,27.81,28.44,28.41,0.03,0.11,27065.57,76435.122
000999.SZ,20100601,29.3,29.47,27.8,28.41,29.33,-0.92,-3.14,34827.97,99150.0057
000999.SZ,20100531,29.9,30.27,28.76,29.33,29.77,-0.44,-1.48,49653.65,147084.1812
000999.SZ,20100528,28.76,30.35,28.31,29.77,28.55,1.22,4.27,75110.15,222442.4161
000999.SZ,20100527,27.14,28.59,27.14,28.55,27.36,1.19,4.35,65751.96,183737.4846
000999.SZ,20100526,27.75,28.26,27.11,27.36,27.99,-0.63,-2.25,46771.7,128882.2414
000999.SZ,20100525,27.29,28.1,26.9,27.99,27.4,0.59,2.15,43706.62,120892.1158
000999.SZ,20100524,26.52,27.56,26.52,27.4,26.59,0.81,3.05,48824.78,132262.837
000999.SZ,20100521,25.8,26.77,25.5,26.59,26.56,0.03,0.11,25286.3,66453.256
000999.SZ,20100520,27.02,27.64,26.5,26.56,27.35,-0.79,-2.89,20546.36,55459.5185
000999.SZ,20100519,27.2,27.91,26.5,27.35,27.5,-0.15,-0.55,26869.31,72706.0662
000999.SZ,20100518,27.51,27.98,25.88,27.5,27.75,-0.25,-0.9,44042.91,118730.449
000999.SZ,20100517,28.2,28.4,27.65,27.75,28.3,-0.55,-1.94,30994.25,86795.7424
000999.SZ,20100514,27.4,29.19,27.0,28.3,27.5,0.8,2.91,54566.57,155413.3166
000999.SZ,20100513,25.4,28.05,25.4,27.5,25.5,2.0,7.84,54734.7,147415.8795
000999.SZ,20100512,25.99,25.99,25.2,25.5,26.1,-0.6,-2.3,28998.35,73899.1083
000999.SZ,20100511,27.77,27.77,25.83,26.1,26.65,-0.55,-2.06,50794.24,132744.5456
000999.SZ,20100510,27.27,27.63,25.28,26.65,27.27,-0.62,-2.27,33965.64,89620.4697
000999.SZ,20100507,27.88,28.3,27.2,27.27,28.3,-1.03,-3.64,37551.73,104232.0621
000999.SZ,20100506,28.0,29.0,28.0,28.3,27.98,0.32,1.14,58882.92,168283.0368
000999.SZ,20100505,27.2,28.18,27.11,27.98,27.6,0.38,1.38,45236.04,125946.7151
000999.SZ,20100504,26.75,28.08,26.1,27.6,27.23,0.37,1.36,26390.13,72537.9767
000999.SZ,20100430,27.02,27.3,24.56,27.23,27.02,0.21,0.78,97186.12,252899.0627
000999.SZ,20100429,27.9,28.4,27.02,27.02,27.9,-0.88,-3.15,22167.34,61774.6322
000999.SZ,20100428,27.6,27.99,27.3,27.9,27.48,0.42,1.53,16582.76,46010.9077
000999.SZ,20100427,28.0,28.3,26.81,27.48,28.2,-0.72,-2.55,31093.54,85120.5525
000999.SZ,20100426,28.5,28.94,28.01,28.2,28.05,0.15,0.53,26342.61,74969.277
000999.SZ,20100423,28.2,28.88,28.05,28.05,28.6,-0.55,-1.92,18245.14,51823.2936
000999.SZ,20100422,28.4,29.25,28.0,28.6,28.5,0.1,0.35,34377.88,98196.0295
000999.SZ,20100421,28.19,29.59,27.61,28.5,28.0,0.5,1.79,54698.17,158310.3422
000999.SZ,20100420,26.89,28.67,26.25,28.3,26.92,1.38,5.13,71049.64,199124.2925
000999.SZ,20100419,26.8,27.63,26.61,26.92,26.99,-0.07,-0.26,48176.5,131899.8277
000999.SZ,20100416,27.48,27.48,26.88,26.99,27.61,-0.62,-2.25,20395.01,55212.2787
000999.SZ,20100415,27.81,28.0,26.98,27.61,27.8,-0.19,-0.68,24638.03,67576.0693
000999.SZ,20100414,27.68,28.3,27.13,27.8,27.69,0.11,0.4,38122.54,106089.9916
000999.SZ,20100413,28.15,28.6,26.97,27.69,28.09,-0.4,-1.42,70798.98,195690.8496
000999.SZ,20100412,26.4,28.78,26.4,28.09,26.4,1.69,6.4,121246.8,334716.6039
000999.SZ,20100409,25.11,26.85,25.11,26.4,25.0,1.4,5.6,85518.92,224677.1898
000999.SZ,20100408,24.1,25.34,24.01,25.0,24.1,0.9,3.73,85222.19,212417.5374
000999.SZ,20100407,24.05,24.44,24.0,24.1,24.06,0.04,0.17,40401.11,97896.0285
000999.SZ,20100406,24.09,24.55,23.98,24.06,23.93,0.13,0.54,19238.51,46653.6581
000999.SZ,20100402,24.12,24.18,23.83,23.93,24.05,-0.12,-0.5,21267.0,51001.0514
000999.SZ,20100401,24.01,24.2,23.82,24.05,24.1,-0.05,-0.21,24909.71,59794.5855
000999.SZ,20100331,24.31,24.53,23.7,24.1,24.31,-0.21,-0.86,41218.18,99511.0931
000999.SZ,20100330,24.68,24.84,24.23,24.31,24.8,-0.49,-1.98,28989.23,70825.7824
000999.SZ,20100329,24.35,24.8,24.18,24.8,24.29,0.51,2.1,29499.94,72334.4364
000999.SZ,20100326,24.1,24.45,23.53,24.29,24.4,-0.11,-0.45,11660.9,28063.9895
000999.SZ,20100324,24.2,24.6,24.09,24.4,24.04,0.36,1.5,25101.85,61365.3509
000999.SZ,20100323,24.12,24.32,23.9,24.04,24.12,-0.08,-0.33,31568.7,76266.4298
000999.SZ,20100322,23.82,24.27,23.6,24.12,23.9,0.22,0.92,30711.54,73669.7458
000999.SZ,20100319,23.8,23.9,23.49,23.9,23.8,0.1,0.42,22411.27,52982.5368
000999.SZ,20100318,24.34,24.34,23.55,23.8,24.34,-0.54,-2.22,45027.23,107020.338
000999.SZ,20100317,24.16,24.4,23.9,24.34,24.18,0.16,0.66,22299.05,53960.9423
000999.SZ,20100316,23.7,24.22,23.53,24.18,23.7,0.48,2.03,17762.39,42491.9478
000999.SZ,20100315,23.75,24.07,23.45,23.7,23.83,-0.13,-0.55,30844.87,73214.4356
000999.SZ,20100312,23.99,24.2,23.46,23.83,23.99,-0.16,-0.67,28928.72,69120.5424
000999.SZ,20100311,24.01,24.35,23.69,23.99,24.25,-0.26,-1.07,18154.42,43465.3034
000999.SZ,20100310,24.0,24.29,23.86,24.25,24.0,0.25,1.04,20486.68,49352.2177
000999.SZ,20100309,24.62,24.62,23.9,24.0,24.72,-0.72,-2.91,45339.81,109236.2795
000999.SZ,20100308,25.05,25.35,24.33,24.72,25.11,-0.39,-1.55,35225.2,86871.7045
000999.SZ,20100305,24.69,25.13,24.21,25.11,24.82,0.29,1.17,32796.91,81384.7054
000999.SZ,20100304,24.72,25.6,24.71,24.82,24.8,0.02,0.08,73779.66,185677.0444
000999.SZ,20100303,24.7,25.18,24.7,24.8,24.93,-0.13,-0.52,39584.96,98731.4501
000999.SZ,20100302,24.97,25.38,24.48,24.93,24.96,-0.03,-0.12,73038.52,182116.9267
000999.SZ,20100301,24.8,25.19,24.71,24.96,24.78,0.18,0.73,53380.17,133273.5291
000999.SZ,20100226,23.81,25.09,23.81,24.78,24.08,0.7,2.91,47013.03,115787.0818
000999.SZ,20100225,24.37,24.7,23.85,24.08,24.28,-0.2,-0.82,59497.07,143723.7028
000999.SZ,20100224,23.85,24.4,23.66,24.28,23.85,0.43,1.8,74501.7,179038.0451
000999.SZ,20100223,23.03,24.0,23.03,23.85,23.25,0.6,2.58,73678.88,174957.9568
000999.SZ,20100222,23.6,23.66,22.72,23.25,23.55,-0.3,-1.27,32922.84,76308.4947
000999.SZ,20100212,23.18,23.59,23.08,23.55,23.2,0.35,1.51,34266.54,80315.1088
000999.SZ,20100211,22.79,23.28,22.62,23.2,22.65,0.55,2.43,49456.13,114031.6028
000999.SZ,20100210,22.2,22.9,22.2,22.65,22.11,0.54,2.44,36243.35,81781.4871
000999.SZ,20100209,22.25,22.45,21.96,22.11,22.3,-0.19,-0.85,14140.49,31263.322
000999.SZ,20100208,21.95,22.59,21.88,22.3,22.02,0.28,1.27,27694.32,61904.7829
000999.SZ,20100205,21.88,22.9,21.88,22.02,22.39,-0.37,-1.65,57679.29,129129.7248
000999.SZ,20100204,22.38,22.99,22.0,22.39,22.33,0.06,0.27,43120.49,97617.52
000999.SZ,20100203,22.36,22.8,21.51,22.33,22.58,-0.25,-1.11,53937.04,120857.6824
000999.SZ,20100202,22.2,22.83,21.9,22.58,22.4,0.18,0.8,43099.07,96872.4729
000999.SZ,20100201,21.88,23.0,21.75,22.4,22.0,0.4,1.82,100167.19,225032.1683
000999.SZ,20100129,20.75,22.15,20.75,22.0,20.91,1.09,5.21,87592.89,190876.9512
000999.SZ,20100128,20.45,21.05,20.11,20.91,20.49,0.42,2.05,30893.46,63944.1624
000999.SZ,20100127,20.18,20.67,20.11,20.49,20.43,0.06,0.29,26922.31,55100.2837
000999.SZ,20100126,21.15,21.31,20.0,20.43,21.15,-0.72,-3.4,48346.45,101571.2847
000999.SZ,20100125,20.85,21.28,20.7,21.15,20.9,0.25,1.2,24465.37,51525.1438
000999.SZ,20100122,21.01,21.36,20.45,20.9,21.16,-0.26,-1.23,26257.23,55055.3445
000999.SZ,20100121,20.8,21.31,20.7,21.16,20.8,0.36,1.73,17265.12,36369.1235
000999.SZ,20100120,21.5,21.82,20.66,20.8,21.35,-0.55,-2.58,64044.01,136614.6453
000999.SZ,20100119,21.89,21.99,21.24,21.35,21.89,-0.54,-2.47,48437.14,104287.3546
000999.SZ,20100118,21.73,22.02,21.4,21.89,21.71,0.18,0.83,46001.88,100246.1655
000999.SZ,20100115,21.46,21.89,21.4,21.71,21.46,0.25,1.17,74837.77,162480.1171
000999.SZ,20100114,20.75,21.8,20.63,21.46,20.83,0.63,3.02,79276.94,169335.6052
000999.SZ,20100113,19.98,20.98,19.75,20.83,20.22,0.61,3.02,90856.27,187579.7102
000999.SZ,20100112,20.1,20.3,19.0,20.22,20.15,0.07,0.35,64174.39,128227.0115
000999.SZ,20100111,20.05,20.25,19.4,20.15,19.99,0.16,0.8,65857.65,129484.8599
000999.SZ,20100108,19.8,20.18,19.7,19.99,19.92,0.07,0.35,35213.75,70379.3583
000999.SZ,20100107,20.75,20.76,19.8,19.92,20.69,-0.77,-3.72,68107.63,136902.1912
000999.SZ,20100106,20.33,20.87,20.25,20.69,20.31,0.38,1.87,59943.79,123994.6957
000999.SZ,20100105,20.05,20.66,20.0,20.31,19.98,0.33,1.65,53191.36,108510.153
000999.SZ,20100104,20.07,20.29,19.92,19.98,19.96,0.02,0.1,56898.28,114423.3504
000999.SZ,20091231,20.0,20.15,19.81,19.96,20.15,-0.19,-0.94,43990.45,87757.706
000999.SZ,20091230,20.18,20.3,19.59,20.15,20.28,-0.13,-0.64,88790.24,176116.1197
000999.SZ,20091229,20.28,20.48,20.02,20.28,20.3,-0.02,-0.1,38367.81,77774.7929
000999.SZ,20091228,20.68,20.78,20.26,20.3,20.59,-0.29,-1.41,62959.55,128993.5688
000999.SZ,20091225,20.48,20.65,20.25,20.59,20.4,0.19,0.93,29948.3,61421.2787
000999.SZ,20091224,19.83,20.45,19.83,20.4,19.85,0.55,2.77,37813.09,76575.0189
000999.SZ,20091223,19.65,19.92,19.51,19.85,19.78,0.07,0.35,22082.74,43660.8214
000999.SZ,20091222,20.26,20.34,19.55,19.78,20.05,-0.27,-1.35,34697.47,69334.3661
000999.SZ,20091221,19.6,20.11,19.6,20.05,19.61,0.44,2.24,38955.67,77643.959
000999.SZ,20091218,19.8,20.4,19.55,19.61,20.0,-0.39,-1.95,61297.98,122372.305
000999.SZ,20091217,20.98,21.17,19.9,20.0,21.0,-1.0,-4.76,57703.2,117294.8484
000999.SZ,20091216,21.0,21.39,20.75,21.0,21.0,0.0,0.0,38005.42,80113.1181
000999.SZ,20091215,21.29,21.43,20.96,21.0,21.29,-0.29,-1.36,45731.62,96977.4978
000999.SZ,20091214,21.1,21.34,20.66,21.29,21.1,0.19,0.9,49184.75,103327.6598
000999.SZ,20091211,21.12,21.46,21.01,21.1,21.1,0.0,0.0,30090.1,63957.2392
000999.SZ,20091210,21.16,21.37,20.91,21.1,21.12,-0.02,-0.09,33090.2,69753.5692
000999.SZ,20091209,21.4,21.77,21.0,21.12,21.65,-0.53,-2.45,52096.95,111094.9776
000999.SZ,20091208,21.35,21.82,21.06,21.65,21.35,0.3,1.41,82187.77,175372.1987
000999.SZ,20091207,21.57,21.57,20.96,21.35,21.39,-0.04,-0.19,60792.01,129396.7865
000999.SZ,20091204,22.25,22.53,21.1,21.39,22.35,-0.96,-4.3,70847.45,152994.0806
000999.SZ,20091203,21.91,22.5,21.6,22.35,22.04,0.31,1.41,76092.57,168264.5559
000999.SZ,20091202,21.8,22.25,21.6,22.04,22.0,0.04,0.18,78036.09,171633.7768
000999.SZ,20091201,20.92,22.16,20.9,22.0,20.6,1.4,6.8,180333.23,390946.1399
000999.SZ,20091130,20.4,20.78,20.08,20.6,20.0,0.6,3.0,63532.23,130165.4637
000999.SZ,20091127,19.88,20.9,19.8,20.0,20.97,-0.97,-4.63,119458.29,243346.0842
000999.SZ,20091125,20.78,20.99,20.16,20.97,20.8,0.17,0.82,152338.72,313527.3076
000999.SZ,20091124,22.2,22.58,20.65,20.8,21.98,-1.18,-5.37,115814.75,250612.2021
000999.SZ,20091123,21.1,22.17,20.87,21.98,21.15,0.83,3.92,116126.8,248715.1915
000999.SZ,20091120,21.5,21.92,21.13,21.15,21.5,-0.35,-1.63,80048.13,171713.001
000999.SZ,20091119,21.45,21.9,21.1,21.5,21.42,0.08,0.37,76877.35,165223.0041
000999.SZ,20091118,20.8,21.7,20.76,21.42,20.96,0.46,2.19,102052.53,217051.8217
000999.SZ,20091117,20.66,21.18,20.22,20.96,20.7,0.26,1.26,98625.97,204298.4645
000999.SZ,20091116,20.56,20.96,20.47,20.7,20.36,0.34,1.67,68992.91,142423.9375
000999.SZ,20091113,20.56,20.6,20.16,20.36,20.56,-0.2,-0.97,52787.96,107321.4487
000999.SZ,20091112,20.6,20.89,20.39,20.56,20.42,0.14,0.69,63177.78,130224.748
000999.SZ,20091111,20.15,20.95,20.15,20.42,20.14,0.28,1.39,64246.58,131986.4519
000999.SZ,20091110,20.25,20.44,20.1,20.14,20.08,0.06,0.3,53991.66,109486.7733
000999.SZ,20091109,20.45,20.49,19.9,20.08,20.4,-0.32,-1.57,41046.73,82229.3432
000999.SZ,20091106,20.35,20.9,20.03,20.4,20.22,0.18,0.89,71948.63,147622.4045
000999.SZ,20091105,20.6,20.74,20.01,20.22,20.66,-0.44,-2.13,72990.04,148683.6079
000999.SZ,20091104,20.5,20.9,20.4,20.66,20.65,0.01,0.05,84941.21,175375.6027
000999.SZ,20091103,20.79,21.0,20.35,20.65,20.79,-0.14,-0.67,95503.14,197102.3337
000999.SZ,20091102,19.05,21.0,19.0,20.79,19.38,1.41,7.28,182088.77,371959.1588
000999.SZ,20091030,19.08,19.49,18.87,19.38,18.86,0.52,2.76,91145.29,175382.5092
000999.SZ,20091029,18.55,19.21,18.37,18.86,18.79,0.07,0.37,101986.49,193595.1423
000999.SZ,20091028,18.7,18.95,18.38,18.79,18.8,-0.01,-0.05,47289.07,88050.0163
000999.SZ,20091027,19.5,19.5,18.8,18.8,19.49,-0.69,-3.54,48657.86,92370.789
000999.SZ,20091026,19.17,19.56,19.14,19.49,19.17,0.32,1.67,73010.02,141773.2814
000999.SZ,20091023,19.11,19.22,18.97,19.17,19.09,0.08,0.42,92512.69,176619.0584
000999.SZ,20091022,18.73,19.09,18.66,19.09,18.83,0.26,1.38,39516.49,74509.5943
000999.SZ,20091021,19.08,19.1,18.7,18.83,19.0,-0.17,-0.89,45499.62,85760.7302
000999.SZ,20091020,19.42,19.58,18.87,19.0,19.41,-0.41,-2.11,87657.51,166871.668
000999.SZ,20091019,19.0,19.5,18.91,19.41,18.96,0.45,2.37,48165.47,92628.2736
000999.SZ,20091016,19.49,19.7,18.6,18.96,19.45,-0.49,-2.52,56913.64,108360.5751
000999.SZ,20091014,19.75,19.95,19.36,19.45,19.71,-0.26,-1.32,55226.94,108449.6697
000999.SZ,20091013,19.0,19.99,18.79,19.71,19.05,0.66,3.46,62488.79,120975.6062
000999.SZ,20091012,19.49,19.49,18.82,19.05,19.2,-0.15,-0.78,66547.43,127340.2638
000999.SZ,20091009,18.17,19.29,18.17,19.2,18.14,1.06,5.84,48634.98,91436.104
000999.SZ,20090930,18.0,18.5,17.93,18.14,17.91,0.23,1.28,32487.16,59169.7407
000999.SZ,20090929,18.56,18.9,17.66,17.91,18.56,-0.65,-3.5,34330.7,62287.0315
000999.SZ,20090928,19.11,19.39,18.51,18.56,19.1,-0.54,-2.83,31558.82,59901.1607
000999.SZ,20090925,18.9,19.24,18.71,19.1,19.01,0.09,0.47,57052.61,108715.7675
000999.SZ,20090924,19.2,19.58,18.58,19.01,19.34,-0.33,-1.71,72553.08,138493.5237
000999.SZ,20090923,19.75,19.75,18.8,19.34,19.79,-0.45,-2.27,74302.96,143574.3525
000999.SZ,20090922,20.09,20.1,19.35,19.79,19.92,-0.13,-0.65,109900.31,216325.3478
000999.SZ,20090921,19.0,20.2,18.73,19.92,18.7,1.22,6.52,259577.12,510856.1416
000999.SZ,20090918,18.01,19.11,17.97,18.7,18.0,0.7,3.89,239989.6,448931.4766
000999.SZ,20090917,17.75,18.15,17.69,18.0,17.78,0.22,1.24,67283.14,120547.2578
000999.SZ,20090916,17.92,18.1,17.57,17.78,18.15,-0.37,-2.04,66858.56,118494.5525
000999.SZ,20090915,18.3,18.3,18.02,18.15,18.21,-0.06,-0.33,49654.01,90117.4369
000999.SZ,20090914,18.2,18.43,17.81,18.21,18.0,0.21,1.17,60428.87,109477.0005
000999.SZ,20090911,17.66,18.22,17.62,18.0,17.86,0.14,0.78,56055.87,100826.8089
000999.SZ,20090910,17.94,18.21,17.51,17.86,18.1,-0.24,-1.33,75935.96,134314.4533
000999.SZ,20090909,18.21,18.55,17.88,18.1,18.25,-0.15,-0.82,67380.63,122111.3049
000999.SZ,20090908,18.29,18.44,17.88,18.25,18.4,-0.15,-0.82,50829.98,92308.1668
000999.SZ,20090907,18.19,19.05,18.11,18.4,18.18,0.22,1.21,108490.88,202223.5846
000999.SZ,20090904,17.61,18.25,17.61,18.18,17.78,0.4,2.25,72678.97,130876.5141
000999.SZ,20090903,17.34,17.86,17.11,17.78,17.33,0.45,2.6,65637.77,115286.4266
000999.SZ,20090902,17.3,17.45,16.9,17.33,17.45,-0.12,-0.69,37412.13,64147.2317
000999.SZ,20090901,17.13,17.5,16.97,17.45,17.3,0.15,0.87,49607.43,85634.6109
000999.SZ,20090831,17.75,17.85,16.63,17.3,18.04,-0.74,-4.1,84343.15,146150.3268
000999.SZ,20090828,18.39,18.4,17.51,18.04,18.5,-0.46,-2.49,91298.37,163597.5557
000999.SZ,20090827,18.26,19.49,18.25,18.5,18.41,0.09,0.49,144673.95,272638.3876
000999.SZ,20090826,18.5,18.7,18.2,18.41,18.69,-0.28,-1.5,123677.9,228674.7354
000999.SZ,20090825,18.25,18.77,17.59,18.69,18.3,0.39,2.13,187414.87,340313.7626
000999.SZ,20090824,17.01,18.65,17.01,18.3,17.23,1.07,6.21,198706.73,355071.8492
000999.SZ,20090821,16.83,17.35,16.61,17.23,17.01,0.22,1.29,91272.31,155806.6368
000999.SZ,20090820,16.59,17.14,16.2,17.01,16.61,0.4,2.41,85426.54,143053.5142
000999.SZ,20090819,16.5,17.2,16.38,16.61,16.07,0.54,3.36,218139.25,366707.41
000999.SZ,20090818,15.78,16.19,15.55,16.07,15.9,0.17,1.07,56280.05,89703.0319
000999.SZ,20090817,16.15,16.49,15.86,15.9,16.2,-0.3,-1.85,77429.6,124744.3222
000999.SZ,20090814,16.91,16.92,16.13,16.2,16.96,-0.76,-4.48,73350.2,120835.5726
000999.SZ,20090813,16.71,17.22,16.71,16.96,16.7,0.26,1.56,79712.79,135268.9289
000999.SZ,20090812,17.16,17.24,16.6,16.7,17.22,-0.52,-3.02,98003.91,165590.6162
000999.SZ,20090811,17.75,17.79,17.18,17.22,17.61,-0.39,-2.21,83678.25,145588.8485
000999.SZ,20090810,17.63,17.85,17.31,17.61,17.31,0.3,1.73,187477.18,329639.6111
000999.SZ,20090807,17.12,17.75,17.12,17.31,17.06,0.25,1.47,233716.31,407380.3017
000999.SZ,20090806,16.69,17.7,16.58,17.06,16.93,0.13,0.77,281050.27,484173.9954
000999.SZ,20090805,16.4,16.98,16.4,16.93,16.18,0.75,4.64,193257.21,324847.1708
000999.SZ,20090804,16.19,16.22,15.94,16.18,16.19,-0.01,-0.06,100365.65,160985.702
000999.SZ,20090803,16.16,16.28,15.89,16.19,16.16,0.03,0.19,70612.81,113738.8668
000999.SZ,20090731,15.84,16.18,15.71,16.16,15.77,0.39,2.47,72692.82,115902.5265
000999.SZ,20090730,15.72,15.98,15.45,15.77,15.71,0.06,0.38,70591.74,110625.4316
000999.SZ,20090729,16.61,16.65,15.14,15.71,16.6,-0.89,-5.36,105171.59,169715.2201
000999.SZ,20090728,16.61,16.71,16.44,16.6,16.59,0.01,0.06,88864.23,147177.4548
000999.SZ,20090727,16.45,16.84,16.45,16.59,16.4,0.19,1.16,97349.05,161927.8412
000999.SZ,20090724,16.75,16.8,16.22,16.4,16.7,-0.3,-1.8,90152.41,148195.939
000999.SZ,20090723,16.37,16.71,16.3,16.7,16.37,0.33,2.02,92337.22,151957.3598
000999.SZ,20090722,16.2,16.58,16.18,16.37,16.23,0.14,0.86,58304.61,95419.773
000999.SZ,20090721,16.8,16.87,16.21,16.23,16.73,-0.5,-2.99,89659.65,147883.4866
000999.SZ,20090720,16.68,17.0,16.63,16.73,16.65,0.08,0.48,88901.82,149128.5252
000999.SZ,20090717,16.7,16.85,16.46,16.65,16.67,-0.02,-0.12,66278.19,110175.9919
000999.SZ,20090716,17.01,17.28,16.6,16.67,16.92,-0.25,-1.48,127523.96,216295.1705
000999.SZ,20090715,16.9,17.65,16.75,16.92,17.01,-0.09,-0.53,180202.14,310615.1011
000999.SZ,20090714,16.25,17.11,16.06,17.01,15.99,1.02,6.38,228710.68,377642.8684
000999.SZ,20090713,15.88,16.13,15.8,15.99,15.82,0.17,1.07,103288.57,165194.0307
000999.SZ,20090710,16.09,16.1,15.81,15.82,15.99,-0.17,-1.06,117048.89,186139.8792
000999.SZ,20090709,15.7,16.08,15.69,15.99,15.58,0.41,2.63,120310.19,191696.1255
000999.SZ,20090708,15.59,15.73,15.41,15.58,15.65,-0.07,-0.45,58583.09,91141.2288
000999.SZ,20090707,15.39,15.68,15.3,15.65,15.4,0.25,1.62,112869.35,175076.6723
000999.SZ,20090706,15.7,15.75,15.25,15.4,15.67,-0.27,-1.72,149423.8,230104.8472
000999.SZ,20090703,15.65,15.83,15.59,15.67,15.72,-0.05,-0.32,142286.73,223779.4932
000999.SZ,20090702,15.8,15.9,15.56,15.72,15.77,-0.05,-0.32,157293.14,246616.5609
000999.SZ,20090701,15.76,15.91,15.65,15.77,15.75,0.02,0.13,54058.14,85420.8948
000999.SZ,20090630,16.1,16.1,15.63,15.75,16.06,-0.31,-1.93,66340.71,104912.829
000999.SZ,20090629,16.27,16.47,15.97,16.06,16.16,-0.1,-0.62,97902.8,158439.6927
000999.SZ,20090626,15.88,16.3,15.8,16.16,15.67,0.49,3.13,126530.71,203469.0125
000999.SZ,20090625,15.92,15.95,15.66,15.67,15.82,-0.15,-0.95,40046.99,63089.5223
000999.SZ,20090624,15.56,16.07,15.53,15.82,15.62,0.2,1.28,65453.91,103475.4309
000999.SZ,20090623,15.55,15.76,15.5,15.62,15.53,0.09,0.58,53096.67,82992.7788
000999.SZ,20090622,15.8,15.91,15.43,15.53,15.78,-0.25,-1.58,106433.19,165687.8258
000999.SZ,20090619,15.83,16.26,15.69,15.78,15.83,-0.05,-0.32,115128.05,183676.0889
000999.SZ,20090618,15.88,16.25,15.75,15.83,16.02,-0.19,-1.19,123399.17,196716.2917
000999.SZ,20090617,15.8,16.28,15.8,16.02,15.81,0.21,1.33,141990.17,228194.5154
000999.SZ,20090616,15.5,15.99,15.4,15.81,15.59,0.22,1.41,131261.13,208131.3398
000999.SZ,20090615,15.5,15.75,15.38,15.59,15.41,0.18,1.17,70946.27,110484.6747
000999.SZ,20090612,15.7,16.06,15.3,15.41,15.67,-0.26,-1.66,186516.73,294241.9876
000999.SZ,20090611,15.32,15.93,15.25,15.67,15.3,0.37,2.42,248201.4,388616.7305
000999.SZ,20090610,14.63,15.35,14.58,15.3,14.64,0.66,4.51,146770.82,220852.1622
000999.SZ,20090609,14.82,14.88,14.47,14.64,14.82,-0.18,-1.21,83127.48,121287.5954
000999.SZ,20090608,14.87,15.09,14.79,14.82,14.84,-0.02,-0.13,73198.25,109164.4811
000999.SZ,20090605,14.97,15.09,14.82,14.84,14.97,-0.13,-0.87,89550.92,133446.3418
000999.SZ,20090604,15.1,15.19,14.94,14.97,15.1,-0.13,-0.86,82943.49,124654.9599
000999.SZ,20090603,15.03,15.15,14.98,15.1,15.03,0.07,0.47,96035.03,144458.7467
000999.SZ,20090602,15.12,15.17,14.93,15.03,15.01,0.02,0.13,72935.49,109642.9725
000999.SZ,20090601,14.91,15.13,14.8,15.01,14.85,0.16,1.08,52940.11,79197.2092
000999.SZ,20090527,15.06,15.09,14.83,14.85,15.04,-0.19,-1.26,33298.2,49621.4781
000999.SZ,20090526,14.87,15.19,14.75,15.04,14.87,0.17,1.14,59297.84,88521.516
000999.SZ,20090525,15.0,15.0,14.64,14.87,15.11,-0.24,-1.59,52228.46,77089.3163
000999.SZ,20090522,15.06,15.2,15.03,15.11,15.05,0.06,0.4,42487.57,64156.7639
000999.SZ,20090521,15.25,15.35,15.0,15.05,15.31,-0.26,-1.7,60072.08,90798.5214
000999.SZ,20090520,15.53,15.56,15.3,15.31,15.51,-0.2,-1.29,68550.87,105429.9557
000999.SZ,20090519,15.6,15.7,15.5,15.51,15.53,-0.02,-0.13,70435.74,109580.1771
000999.SZ,20090518,15.79,15.86,15.42,15.53,15.73,-0.2,-1.27,73258.59,113867.898
000999.SZ,20090515,15.58,15.99,15.5,15.73,15.55,0.18,1.16,110380.05,174506.3665
000999.SZ,20090514,15.58,15.66,15.39,15.55,15.53,0.02,0.13,67866.68,105341.0727
000999.SZ,20090513,15.61,15.75,15.45,15.53,15.6,-0.07,-0.45,74320.84,115515.6833
000999.SZ,20090512,15.7,15.7,15.4,15.6,15.85,-0.25,-1.58,67951.62,105390.2429
000999.SZ,20090511,15.79,16.2,15.33,15.85,15.6,0.25,1.6,208550.05,329659.4694
000999.SZ,20090508,15.81,16.11,15.55,15.6,15.58,0.02,0.13,163796.61,258118.4833
000999.SZ,20090507,16.08,16.08,15.45,15.58,16.01,-0.43,-2.69,126954.27,198814.2039
000999.SZ,20090506,16.19,16.27,15.9,16.01,16.2,-0.19,-1.17,95625.4,153011.3376
000999.SZ,20090505,16.23,16.25,15.86,16.2,16.21,-0.01,-0.06,105083.41,168153.6682
000999.SZ,20090504,16.1,16.45,16.08,16.21,16.0,0.21,1.31,83440.6,135079.2615
000999.SZ,20090430,15.92,16.29,15.62,16.0,15.87,0.13,0.82,126337.0,201623.4786
000999.SZ,20090429,16.53,16.55,15.78,15.87,16.48,-0.61,-3.7,138209.4,221078.5844
000999.SZ,20090428,15.6,16.5,15.37,16.48,15.36,1.12,7.29,167424.42,266502.037
000999.SZ,20090427,15.3,15.69,15.2,15.36,15.2,0.16,1.05,66341.93,102378.136
000999.SZ,20090424,15.21,15.43,15.0,15.2,15.31,-0.11,-0.72,54856.49,83364.423
000999.SZ,20090423,15.4,15.7,15.25,15.31,15.55,-0.24,-1.54,82016.31,125867.7744
000999.SZ,20090422,16.24,16.45,15.5,15.75,16.1,-0.35,-2.17,86002.64,138269.6791
000999.SZ,20090421,16.15,16.21,15.95,16.1,16.31,-0.21,-1.29,78539.54,126233.1413
000999.SZ,20090420,16.08,16.31,15.9,16.31,16.13,0.18,1.12,88464.73,142994.5826
000999.SZ,20090417,16.51,16.54,16.0,16.13,16.58,-0.45,-2.71,84422.78,136645.4525
000999.SZ,20090416,15.93,17.06,15.92,16.58,15.84,0.74,4.67,190070.09,314343.1689
000999.SZ,20090415,15.8,15.85,15.53,15.84,15.86,-0.02,-0.13,65096.5,102096.171
000999.SZ,20090414,15.87,16.03,15.75,15.86,15.85,0.01,0.06,88860.24,140886.2129
000999.SZ,20090413,15.75,16.08,15.72,15.85,15.68,0.17,1.08,99562.85,158228.8996
000999.SZ,20090410,15.78,15.78,15.43,15.68,15.4,0.28,1.82,79370.74,123360.0194
000999.SZ,20090408,15.8,15.99,15.38,15.4,15.73,-0.33,-2.1,47947.23,75303.1322
000999.SZ,20090407,15.87,16.1,15.6,15.73,15.57,0.16,1.03,76907.6,122121.073
000999.SZ,20090403,15.82,15.9,15.46,15.57,15.73,-0.16,-1.02,68506.11,106948.9993
000999.SZ,20090402,15.81,16.08,15.7,15.73,15.73,0.0,0.0,60917.57,96526.1272
000999.SZ,20090401,15.36,15.95,15.36,15.73,15.34,0.39,2.54,68985.19,108595.6263
000999.SZ,20090331,15.41,15.41,15.1,15.34,15.48,-0.14,-0.9,34810.9,53065.6326
000999.SZ,20090330,15.35,15.59,15.32,15.48,15.4,0.08,0.52,29480.61,45669.8711
000999.SZ,20090327,15.45,15.55,15.31,15.4,15.47,-0.07,-0.45,44041.57,67917.9149
000999.SZ,20090326,15.6,15.7,15.0,15.47,15.65,-0.18,-1.15,71161.27,108967.2457
000999.SZ,20090325,15.89,16.11,15.52,15.65,15.95,-0.3,-1.88,65318.93,103216.8645
000999.SZ,20090324,15.85,16.12,15.56,15.95,15.73,0.22,1.4,68379.67,108326.1109
000999.SZ,20090323,15.6,15.79,15.44,15.73,15.6,0.13,0.83,58843.9,91639.3539
000999.SZ,20090320,15.93,15.94,15.5,15.6,15.95,-0.35,-2.19,37114.27,58017.9503
000999.SZ,20090319,15.95,15.98,15.5,15.95,15.82,0.13,0.82,51610.45,81166.9682
000999.SZ,20090318,16.12,16.27,15.73,15.82,15.98,-0.16,-1.0,60939.32,97269.2692
000999.SZ,20090317,15.3,16.15,15.3,15.98,15.3,0.68,4.44,93205.99,147688.3072
000999.SZ,20090316,15.29,15.47,15.02,15.3,15.28,0.02,0.13,22707.73,34661.7284
000999.SZ,20090313,15.36,15.63,15.28,15.28,15.32,-0.04,-0.26,41159.92,63538.1773
000999.SZ,20090312,14.7,15.43,14.35,15.32,14.85,0.47,3.17,46583.64,69151.5881
000999.SZ,20090311,15.1,15.1,14.75,14.85,14.79,0.06,0.41,24703.89,36655.2383
000999.SZ,20090310,14.56,14.79,14.45,14.79,14.7,0.09,0.61,15606.95,22722.1847
000999.SZ,20090309,15.12,15.29,14.68,14.7,15.0,-0.3,-2.0,29657.37,44197.7947
000999.SZ,20090306,15.06,15.1,14.8,15.0,15.2,-0.2,-1.32,23271.2,34767.0511
000999.SZ,20090305,15.66,15.68,14.98,15.2,15.57,-0.37,-2.38,46680.88,71548.2405
000999.SZ,20090304,14.85,15.6,14.85,15.57,15.0,0.57,3.8,40970.4,62723.4544
000999.SZ,20090303,14.2,15.15,14.15,15.0,14.54,0.46,3.16,51738.87,76802.1283
000999.SZ,20090302,14.21,14.68,14.21,14.54,14.45,0.09,0.62,35746.11,51880.4926
000999.SZ,20090227,14.72,14.75,14.09,14.45,14.83,-0.38,-2.56,61689.19,88664.4659
000999.SZ,20090226,15.99,15.99,14.5,14.83,15.94,-1.11,-6.96,82518.28,126594.9632
000999.SZ,20090225,16.01,16.34,15.81,15.94,16.0,-0.06,-0.38,71243.2,114466.8344
000999.SZ,20090224,16.28,16.34,15.72,16.0,16.35,-0.35,-2.14,103939.42,166982.7145
000999.SZ,20090223,16.17,16.35,16.0,16.35,16.17,0.18,1.11,72813.93,118039.0956
000999.SZ,20090220,15.97,16.27,15.91,16.17,15.99,0.18,1.13,37430.61,60226.5261
000999.SZ,20090219,16.42,16.55,15.8,15.99,16.35,-0.36,-2.2,56283.73,90605.6133
000999.SZ,20090218,16.4,16.98,16.33,16.35,16.7,-0.35,-2.1,62274.97,103982.5394
000999.SZ,20090217,16.8,16.87,16.26,16.7,16.81,-0.11,-0.65,70498.23,116902.8649
000999.SZ,20090216,17.0,17.1,16.59,16.81,16.8,0.01,0.06,78725.25,131760.3278
000999.SZ,20090213,16.64,17.11,16.64,16.8,16.56,0.24,1.45,97687.48,164895.0182
000999.SZ,20090212,15.85,16.64,15.78,16.56,15.87,0.69,4.35,89296.83,145001.0202
000999.SZ,20090211,16.13,16.3,15.7,15.87,16.21,-0.34,-2.1,84577.5,135227.7853
000999.SZ,20090210,16.18,16.6,15.96,16.21,16.3,-0.09,-0.55,82566.19,134170.058
000999.SZ,20090209,16.25,16.55,15.83,16.3,16.17,0.13,0.8,94672.45,152884.6031
000999.SZ,20090206,15.89,16.38,15.65,16.17,15.82,0.35,2.21,92956.01,148952.0695
000999.SZ,20090205,15.45,16.04,15.2,15.82,15.41,0.41,2.66,114411.65,178853.2601
000999.SZ,20090204,15.39,15.43,15.19,15.41,15.3,0.11,0.72,52516.1,80420.3801
000999.SZ,20090203,15.3,15.37,15.08,15.3,15.31,-0.01,-0.07,43900.45,67069.4422
000999.SZ,20090202,14.88,15.44,14.72,15.31,14.81,0.5,3.38,36232.71,54450.5778
000999.SZ,20090123,15.0,15.06,14.76,14.81,14.88,-0.07,-0.47,25243.3,37684.7353
000999.SZ,20090122,15.15,15.39,14.8,14.88,14.8,0.08,0.54,47240.85,71197.8938
000999.SZ,20090121,14.79,14.99,14.7,14.8,14.95,-0.15,-1.0,18392.62,27381.7199
000999.SZ,20090120,14.72,15.02,14.72,14.95,14.89,0.06,0.4,18807.26,28073.1811
000999.SZ,20090119,14.95,15.14,14.53,14.89,14.95,-0.06,-0.4,50534.17,74951.0131
000999.SZ,20090116,15.25,15.4,14.88,14.95,15.25,-0.3,-1.97,59430.15,90163.9342
000999.SZ,20090115,15.08,15.47,14.96,15.25,15.14,0.11,0.73,55377.19,84183.8281
000999.SZ,20090114,14.89,15.19,14.88,15.14,15.0,0.14,0.93,23977.0,36223.5666
000999.SZ,20090113,15.38,15.38,14.88,15.0,15.45,-0.45,-2.91,53920.95,81075.0225
000999.SZ,20090112,15.6,16.22,15.38,15.45,15.7,-0.25,-1.59,48234.35,76353.9386
000999.SZ,20090109,15.2,15.79,15.08,15.7,15.26,0.44,2.88,49258.12,76267.9334
000999.SZ,20090108,15.28,15.6,15.11,15.26,15.48,-0.22,-1.42,47358.06,72848.3796
000999.SZ,20090107,14.74,15.88,14.55,15.48,14.68,0.8,5.45,86180.51,131090.0553
000999.SZ,20090106,14.65,14.73,14.5,14.68,14.62,0.06,0.41,62793.49,91657.7672
000999.SZ,20090105,14.6,14.66,14.4,14.62,14.45,0.17,1.18,33431.39,48660.8061
000999.SZ,20081231,14.33,14.76,14.28,14.45,14.33,0.12,0.84,59738.25,87201.823
000999.SZ,20081230,14.07,14.56,14.06,14.33,14.08,0.25,1.78,39332.44,56561.6342
000999.SZ,20081229,13.61,14.19,13.61,14.08,13.96,0.12,0.86,28769.78,40256.5203
000999.SZ,20081226,13.88,14.0,13.73,13.96,13.78,0.18,1.31,25705.0,35809.1168
000999.SZ,20081225,13.85,14.05,13.76,13.78,13.85,-0.07,-0.51,72644.92,100621.3144
000999.SZ,20081224,13.78,14.03,13.65,13.85,14.0,-0.15,-1.07,70963.32,98433.5267
000999.SZ,20081223,14.5,14.58,13.86,14.0,14.6,-0.6,-4.11,77112.75,108719.5376
000999.SZ,20081222,14.57,14.72,14.36,14.6,14.55,0.05,0.34,62988.16,92010.8618
000999.SZ,20081219,14.5,14.84,14.19,14.55,14.63,-0.08,-0.55,71224.76,103380.5276
000999.SZ,20081218,14.69,14.7,14.39,14.63,14.7,-0.07,-0.48,63699.68,92573.2713
000999.SZ,20081217,14.66,14.87,14.48,14.7,14.66,0.04,0.27,116456.31,170979.988
000999.SZ,20081216,14.1,14.76,13.9,14.66,14.16,0.5,3.53,146772.48,211901.8882
000999.SZ,20081215,13.75,14.16,13.7,14.16,13.61,0.55,4.04,85295.82,119037.9663
000999.SZ,20081212,13.99,13.99,13.32,13.61,14.02,-0.41,-2.92,75773.53,102640.45
000999.SZ,20081211,14.43,14.65,13.96,14.02,14.4,-0.38,-2.64,95779.75,136112.8772
000999.SZ,20081210,13.77,14.57,13.65,14.4,13.83,0.57,4.12,133783.76,191338.6871
000999.SZ,20081209,14.75,14.75,13.78,13.83,14.51,-0.68,-4.69,203353.18,290707.3345
000999.SZ,20081208,13.4,14.51,13.4,14.51,13.19,1.32,10.01,212717.35,298740.636
000999.SZ,20081205,13.05,13.9,12.65,13.19,14.01,-0.82,-5.85,325150.26,430897.5921
000999.SZ,20080918,14.39,14.4,13.78,14.01,14.5,-0.49,-3.38,46001.79,64038.0036
000999.SZ,20080917,14.5,14.9,14.16,14.5,14.51,-0.01,-0.07,22513.42,32760.1657
000999.SZ,20080916,13.82,14.64,13.3,14.51,13.94,0.57,4.09,38026.41,54366.2324
000999.SZ,20080912,13.9,14.07,13.76,13.94,14.0,-0.06,-0.43,6838.02,9532.4187
000999.SZ,20080911,13.91,14.23,13.81,14.0,13.9,0.1,0.72,14436.2,20244.2891
000999.SZ,20080910,13.65,14.14,13.33,13.9,13.75,0.15,1.09,23974.25,33359.4692
000999.SZ,20080909,13.61,13.99,13.61,13.75,14.33,-0.58,-4.05,102753.19,140181.1579
000999.SZ,20080908,14.33,14.33,14.33,14.33,15.08,-0.75,-4.97,22279.0,31925.807
000999.SZ,20080905,15.08,15.08,15.08,15.08,15.87,-0.79,-4.98,384.0,579.072
000999.SZ,20080904,15.87,15.87,15.87,15.87,16.71,-0.84,-5.03,110.0,174.57
000999.SZ,20080903,16.71,16.71,16.71,16.71,17.59,-0.88,-5.0,829.0,1385.259
000999.SZ,20080702,16.8,17.59,16.75,17.59,16.75,0.84,5.01,36723.19,64501.9435
000999.SZ,20080701,16.5,16.97,16.35,16.75,16.61,0.14,0.84,6833.2,11414.1379
000999.SZ,20080627,16.8,16.9,16.5,16.61,17.1,-0.49,-2.87,12402.29,20724.8117
000999.SZ,20080626,17.3,17.4,16.8,17.1,17.31,-0.21,-1.21,8554.09,14612.34
000999.SZ,20080625,16.6,17.39,16.6,17.31,16.82,0.49,2.91,4685.21,8062.1029
000999.SZ,20080624,16.4,17.13,16.35,16.82,16.5,0.32,1.94,7994.15,13372.8167
000999.SZ,20080623,16.36,16.6,16.0,16.5,16.55,-0.05,-0.3,8991.18,14637.3994
000999.SZ,20080620,15.9,16.56,15.6,16.55,15.87,0.68,4.28,22216.91,36361.4796
000999.SZ,20080619,16.7,16.7,15.87,15.87,16.71,-0.84,-5.03,17753.93,28592.4555
000999.SZ,20080618,16.0,16.8,15.69,16.71,16.0,0.71,4.44,35115.54,57093.5383
000999.SZ,20080617,16.75,16.98,15.99,16.0,16.68,-0.68,-4.08,20651.44,33998.1922
000999.SZ,20080616,16.8,17.1,16.22,16.68,16.95,-0.27,-1.59,17829.64,29588.8265
000999.SZ,20080613,17.78,17.78,16.84,16.95,17.5,-0.55,-3.14,10847.0,18648.9273
000999.SZ,20080612,17.52,17.99,17.38,17.5,17.75,-0.25,-1.41,13645.52,24038.7169
000999.SZ,20080611,17.99,18.14,17.21,17.75,18.12,-0.37,-2.04,17295.38,30376.1107
000999.SZ,20080610,18.42,18.42,18.12,18.12,19.07,-0.95,-4.98,29098.4,52870.912
000999.SZ,20080606,19.39,19.4,18.92,19.07,19.32,-0.25,-1.29,11688.54,22303.2239
000999.SZ,20080605,18.85,19.48,18.62,19.32,18.9,0.42,2.22,12410.87,23810.7413
000999.SZ,20080604,18.62,19.05,18.6,18.9,18.82,0.08,0.43,15978.9,30051.3816
000999.SZ,20080603,19.5,19.7,18.6,18.82,19.5,-0.68,-3.49,24673.33,46925.363
000999.SZ,20080602,20.08,20.08,19.4,19.5,20.31,-0.81,-3.99,18425.49,36236.5621
000999.SZ,20080530,20.6,21.0,20.26,20.31,20.48,-0.17,-0.83,43883.7,90420.1126
000999.SZ,20080529,19.44,20.48,19.2,20.48,19.5,0.98,5.03,30872.36,61516.1977
000999.SZ,20080528,19.08,19.66,18.87,19.5,18.98,0.52,2.74,15577.48,30219.0934
000999.SZ,20080527,18.8,19.1,18.68,18.98,18.84,0.14,0.74,11091.29,21009.5967
000999.SZ,20080526,18.79,19.6,18.3,18.84,18.82,0.02,0.11,16594.11,31311.5001
000999.SZ,20080523,18.39,18.96,18.21,18.82,18.75,0.07,0.37,13635.12,25514.5104
000999.SZ,20080522,18.68,18.9,18.25,18.75,18.9,-0.15,-0.79,14435.15,26722.7708
000999.SZ,20080521,18.3,19.0,17.73,18.9,18.5,0.4,2.16,19530.42,35707.1781
000999.SZ,20080520,19.35,19.7,18.49,18.5,19.46,-0.96,-4.93,20952.09,39685.5547
000999.SZ,20080519,19.68,19.79,19.22,19.46,19.68,-0.22,-1.12,12400.38,24179.6778
000999.SZ,20080516,20.14,20.43,19.45,19.68,20.2,-0.52,-2.57,20951.0,41632.2132
000999.SZ,20080515,20.85,21.46,20.16,20.2,20.88,-0.68,-3.26,66347.91,139131.5887
000999.SZ,20080514,20.9,20.96,20.27,20.88,20.8,0.08,0.38,48799.77,100428.5831
000999.SZ,20080513,20.08,21.36,20.0,20.8,20.6,0.2,0.97,58969.76,122191.0033
000999.SZ,20080512,19.22,20.73,19.02,20.6,19.74,0.86,4.36,48105.43,97933.0576
000999.SZ,20080509,19.53,20.0,19.28,19.74,19.11,0.63,3.3,32850.56,64698.1649
000999.SZ,20080508,18.4,19.15,18.28,19.11,18.69,0.42,2.25,18374.7,34384.6664
000999.SZ,20080507,19.52,19.7,18.69,18.69,19.67,-0.98,-4.98,40007.48,76129.4872
000999.SZ,20080506,19.48,19.92,19.15,19.67,19.58,0.09,0.46,35942.68,70572.321
000999.SZ,20080505,18.8,19.58,18.8,19.58,18.65,0.93,4.99,60265.14,116746.5717
000999.SZ,20080430,18.7,18.72,18.21,18.65,17.84,0.81,4.54,26907.11,49824.5166
000999.SZ,20080428,17.64,18.26,17.52,17.84,18.0,-0.16,-0.89,29972.39,53596.0602
000999.SZ,20080425,17.49,18.06,17.2,18.0,17.2,0.8,4.65,33565.61,59379.8882
000999.SZ,20080424,17.2,17.2,17.01,17.2,16.38,0.82,5.01,28311.5,48639.4899
000999.SZ,20080423,16.09,16.6,15.8,16.38,15.96,0.42,2.63,9118.52,14827.5308
000999.SZ,20080422,16.1,16.12,15.51,15.96,16.28,-0.32,-1.97,15110.44,23783.483
000999.SZ,20080421,16.95,16.99,15.69,16.28,16.18,0.1,0.62,16397.08,27029.7553
000999.SZ,20080418,16.26,16.53,15.88,16.18,16.59,-0.41,-2.47,9421.49,15321.7172
000999.SZ,20080417,17.2,17.4,16.21,16.59,17.05,-0.46,-2.7,10864.06,18161.665
000999.SZ,20080416,17.38,17.5,17.05,17.05,17.38,-0.33,-1.9,9833.17,16920.1273
000999.SZ,20080415,16.82,17.39,16.5,17.38,16.82,0.56,3.33,14556.42,24621.6417
000999.SZ,20080414,17.4,17.4,16.82,16.82,17.7,-0.88,-4.97,13941.31,23803.6351
000999.SZ,20080411,17.37,17.74,17.1,17.7,17.15,0.55,3.21,12128.98,21194.0962
000999.SZ,20080410,16.6,17.2,16.4,17.15,16.9,0.25,1.48,12863.64,21790.9168
000999.SZ,20080409,17.25,17.58,16.64,16.9,17.52,-0.62,-3.54,17544.67,30003.2247
000999.SZ,20080408,17.13,17.67,17.0,17.52,17.12,0.4,2.34,21173.05,36870.8436
000999.SZ,20080407,16.0,17.12,15.85,17.12,16.3,0.82,5.03,16231.22,27247.2505
000999.SZ,20080403,15.82,16.45,15.5,16.3,15.82,0.48,3.03,13561.96,21895.6953
000999.SZ,20080402,15.99,16.5,15.8,15.82,16.63,-0.81,-4.87,30939.9,49479.5984
000999.SZ,20080401,17.5,17.83,16.63,16.63,17.51,-0.88,-5.03,9864.78,16704.16
000999.SZ,20080331,17.6,18.08,17.4,17.51,18.08,-0.57,-3.15,13887.91,24552.9259
000999.SZ,20080328,17.55,18.2,17.42,18.08,17.83,0.25,1.4,14624.57,26151.4906
000999.SZ,20080327,18.2,18.6,17.77,17.83,18.44,-0.61,-3.31,24466.64,44291.2631
000999.SZ,20080326,18.59,18.9,18.28,18.44,18.42,0.02,0.11,35691.55,66190.5684
000999.SZ,20080325,17.45,18.44,16.9,18.42,17.56,0.86,4.9,33666.69,60812.0689
000999.SZ,20080324,18.5,18.5,17.55,17.56,17.62,-0.06,-0.34,40726.55,73390.7688
000999.SZ,20080321,16.7,17.62,16.22,17.62,16.78,0.84,5.01,44496.6,77721.6719
000999.SZ,20080320,16.15,16.87,15.55,16.78,16.27,0.51,3.13,19162.51,31075.1467
000999.SZ,20080319,16.02,16.5,15.51,16.27,15.78,0.49,3.11,25407.91,40928.7826
000999.SZ,20080318,16.1,16.77,15.7,15.78,16.53,-0.75,-4.54,50796.55,80949.5077
000999.SZ,20080317,17.39,17.39,16.53,16.53,17.4,-0.87,-5.0,22647.09,38000.7283
000999.SZ,20080314,18.25,18.5,17.34,17.4,18.25,-0.85,-4.66,46548.91,81484.7835
000999.SZ,20080313,18.99,18.99,18.25,18.25,19.21,-0.96,-5.0,21429.6,39640.7818
000999.SZ,20080312,19.75,19.99,19.05,19.21,19.68,-0.47,-2.39,12129.99,23522.8439
000999.SZ,20080311,19.3,19.71,19.04,19.68,19.42,0.26,1.34,11745.49,22819.0943
000999.SZ,20080310,20.16,20.8,19.38,19.42,20.33,-0.91,-4.48,22485.29,44689.7964
000999.SZ,20080307,20.69,20.98,20.33,20.33,20.87,-0.54,-2.59,14332.72,29434.4983
000999.SZ,20080306,21.5,21.5,20.83,20.87,21.0,-0.13,-0.62,13951.78,29355.7809
000999.SZ,20080305,20.76,21.45,20.56,21.0,20.98,0.02,0.1,17935.49,37618.1647
000999.SZ,20080304,20.61,21.58,20.61,20.98,20.62,0.36,1.75,26064.49,54949.6847
000999.SZ,20080303,20.35,20.87,20.15,20.62,20.27,0.35,1.73,15976.37,32897.0085
000999.SZ,20080229,20.25,20.49,20.08,20.27,20.25,0.02,0.1,9733.24,19753.2998
000999.SZ,20080228,20.2,20.4,19.94,20.25,20.24,0.01,0.05,8724.38,17603.1775
000999.SZ,20080227,20.08,20.4,19.71,20.24,19.65,0.59,3.0,9744.3,19616.7265
000999.SZ,20080226,20.1,20.21,19.14,19.65,19.45,0.2,1.03,14338.42,28225.3983
000999.SZ,20080225,20.28,20.57,19.39,19.45,20.24,-0.79,-3.9,16866.25,33352.1128
000999.SZ,20080222,20.88,21.35,20.0,20.24,20.99,-0.75,-3.57,14361.44,29531.0675
000999.SZ,20080221,20.91,21.01,20.5,20.99,21.01,-0.02,-0.1,17638.14,36666.2442
000999.SZ,20080220,21.82,21.83,21.0,21.01,21.82,-0.81,-3.71,26731.74,57027.1063
000999.SZ,20080219,21.13,22.05,21.01,21.82,21.13,0.69,3.27,29716.35,64636.3445
000999.SZ,20080218,20.5,21.42,20.5,21.13,20.4,0.73,3.58,37816.75,80197.2924
000999.SZ,20080214,20.15,20.65,20.09,20.4,19.89,0.51,2.56,23986.87,48730.7251
000999.SZ,20080213,19.99,20.2,19.65,19.89,20.29,-0.4,-1.97,8304.59,16554.2297
000999.SZ,20080205,19.7,20.49,19.5,20.29,19.64,0.65,3.31,17164.75,34498.5427
000999.SZ,20080204,19.1,19.64,19.1,19.64,18.7,0.94,5.03,17467.44,34029.9684
000999.SZ,20080201,19.38,19.99,18.59,18.7,19.57,-0.87,-4.45,22815.54,43215.7059
000999.SZ,20080131,20.71,20.91,19.53,19.57,20.56,-0.99,-4.82,26995.54,54573.4549
000999.SZ,20080130,20.2,20.56,20.0,20.56,19.58,0.98,5.01,35117.23,71964.3169
000999.SZ,20080129,19.5,19.86,19.01,19.58,18.91,0.67,3.54,23403.52,46054.7007
000999.SZ,20080128,19.7,19.75,18.91,18.91,19.9,-0.99,-4.97,20940.92,39988.9713
000999.SZ,20080125,20.3,20.3,19.85,19.9,20.15,-0.25,-1.24,22205.17,44416.1231
000999.SZ,20080124,20.02,20.48,19.8,20.15,20.03,0.12,0.6,26285.95,52852.8615
000999.SZ,20080123,19.4,20.3,19.4,20.03,20.42,-0.39,-1.91,43326.89,85414.8075
000999.SZ,20080122,21.08,21.1,20.42,20.42,21.49,-1.07,-4.98,20705.52,42382.9848
000999.SZ,20080121,22.26,22.26,21.16,21.49,22.27,-0.78,-3.5,28574.02,62181.8452
000999.SZ,20080118,21.72,22.76,21.6,22.27,21.73,0.54,2.49,18276.42,40478.331
000999.SZ,20080117,22.7,22.99,21.57,21.73,22.7,-0.97,-4.27,29360.18,65013.5479
000999.SZ,20080116,22.5,23.13,22.1,22.7,22.72,-0.02,-0.09,37140.63,83868.5269
000999.SZ,20080115,23.37,23.42,22.66,22.72,23.32,-0.6,-2.57,25521.24,58413.3184
000999.SZ,20080114,23.0,23.47,22.8,23.32,22.77,0.55,2.42,31526.14,72872.7454
000999.SZ,20080111,22.25,22.8,22.21,22.77,22.32,0.45,2.02,26933.12,60559.8732
000999.SZ,20080110,22.4,22.77,22.05,22.32,22.54,-0.22,-0.98,27210.76,61149.3493
000999.SZ,20080109,22.3,22.78,22.01,22.54,22.33,0.21,0.94,18562.46,41761.1412
000999.SZ,20080108,22.41,22.98,21.85,22.33,22.56,-0.23,-1.02,44787.5,99855.9709
000999.SZ,20080107,23.38,23.38,22.47,22.56,23.63,-1.07,-4.53,54860.51,125123.3168
000999.SZ,20080104,23.75,23.98,23.35,23.63,23.78,-0.15,-0.63,21318.74,50440.5933
000999.SZ,20080103,23.71,23.84,23.35,23.78,23.75,0.03,0.13,23875.76,56151.3269
000999.SZ,20080102,23.3,24.5,23.3,23.75,23.84,-0.09,-0.38,29057.18,69555.8128
000999.SZ,20071228,23.0,23.85,22.3,23.84,22.72,1.12,4.93,60130.99,139113.8648
000999.SZ,20071226,22.9,23.21,22.3,22.72,22.1,0.62,2.81,62291.7,141750.8735
000999.SZ,20071225,21.67,22.1,21.67,22.1,21.05,1.05,4.99,13848.56,30509.9097
000999.SZ,20071224,21.25,21.49,20.9,21.05,21.01,0.04,0.19,28743.14,60699.8627
000999.SZ,20071221,20.6,21.25,20.54,21.01,20.71,0.3,1.45,25854.56,53842.4902
000999.SZ,20071220,20.41,20.98,20.41,20.71,20.41,0.3,1.47,19518.04,40562.0331
000999.SZ,20071219,20.23,20.69,20.06,20.41,20.17,0.24,1.19,18079.67,36847.5642
000999.SZ,20071218,21.78,21.8,20.04,20.17,20.93,-0.76,-3.63,25572.11,52991.0492
000999.SZ,20071217,20.88,21.5,20.61,20.93,20.94,-0.01,-0.05,30611.71,64284.183
000999.SZ,20071214,20.2,20.98,20.2,20.94,20.08,0.86,4.28,28943.81,59849.4449
000999.SZ,20071213,19.8,21.01,19.8,20.08,20.01,0.07,0.35,33870.48,69906.2265
000999.SZ,20071212,20.4,20.77,19.99,20.01,20.51,-0.5,-2.44,29737.18,60446.0468
000999.SZ,20071211,19.8,20.51,19.72,20.51,19.53,0.98,5.02,44777.62,90850.7382
000999.SZ,20071210,18.36,19.53,18.1,19.53,18.6,0.93,5.0,42214.16,81265.596
000999.SZ,20071207,18.89,18.89,18.4,18.6,18.65,-0.05,-0.27,22418.32,41827.3809
000999.SZ,20071206,18.73,18.73,18.4,18.65,18.56,0.09,0.48,11412.17,21152.4285
000999.SZ,20071205,18.3,18.8,18.07,18.56,18.25,0.31,1.7,15104.97,27768.5197
000999.SZ,20071204,18.99,19.0,17.98,18.25,18.29,-0.04,-0.22,23120.23,42812.0597
000999.SZ,20071203,17.6,18.29,17.16,18.29,17.42,0.87,4.99,12777.26,23215.422
000999.SZ,20071130,17.8,17.99,17.4,17.42,17.97,-0.55,-3.06,15190.64,26751.8766
000999.SZ,20071129,17.57,18.0,17.0,17.97,17.5,0.47,2.69,28777.62,50292.2742
000999.SZ,20071128,18.11,18.59,17.39,17.5,18.31,-0.81,-4.42,27919.89,49810.8503
000999.SZ,20071127,19.0,19.07,18.22,18.31,19.18,-0.87,-4.54,22107.28,41098.0927
000999.SZ,20071126,19.55,19.79,19.0,19.18,19.6,-0.42,-2.14,13400.72,26071.9299
000999.SZ,20071123,18.95,19.75,18.43,19.6,19.15,0.45,2.35,14105.01,26896.5478
000999.SZ,20071122,20.11,20.11,19.11,19.15,20.12,-0.97,-4.82,14137.5,27610.0007
000999.SZ,20071121,20.5,20.6,20.11,20.12,20.4,-0.28,-1.37,8604.62,17522.592
000999.SZ,20071120,20.25,20.6,20.06,20.4,20.4,0.0,0.0,10052.73,20443.7432
000999.SZ,20071119,20.35,20.85,20.1,20.4,19.86,0.54,2.72,14357.32,29420.3802
000999.SZ,20071116,19.74,19.97,19.3,19.86,20.0,-0.14,-0.7,19386.53,37840.3507
000999.SZ,20071115,20.68,20.68,19.95,20.0,20.68,-0.68,-3.29,14139.23,28494.2767
000999.SZ,20071114,20.15,20.86,20.15,20.68,20.11,0.57,2.83,12453.07,25520.5578
000999.SZ,20071113,19.95,20.88,19.85,20.11,19.95,0.16,0.8,18766.34,37800.3292
000999.SZ,20071112,20.43,20.43,19.95,19.95,21.0,-1.05,-5.0,23911.37,47884.4007
000999.SZ,20071109,21.5,21.5,20.55,21.0,21.54,-0.54,-2.51,20142.76,42339.3753
000999.SZ,20071108,21.45,21.94,21.21,21.54,21.45,0.09,0.42,23607.38,51061.0152
000999.SZ,20071107,22.0,22.15,21.15,21.45,22.14,-0.69,-3.12,23610.51,50961.5751
000999.SZ,20071106,22.68,23.28,21.8,22.14,22.22,-0.08,-0.36,35284.37,79316.3343
000999.SZ,20071105,22.22,22.22,21.36,22.22,21.16,1.06,5.01,58998.27,130921.9896
000999.SZ,20071102,19.85,21.16,19.7,21.16,20.15,1.01,5.01,23384.96,47236.7611
000999.SZ,20071101,20.4,20.77,20.15,20.15,20.36,-0.21,-1.03,17212.49,35181.7939
000999.SZ,20071031,20.04,20.65,19.98,20.36,19.94,0.42,2.11,24802.44,50676.3669
000999.SZ,20071030,19.75,19.99,19.35,19.94,19.79,0.15,0.76,17758.58,35081.5335
000999.SZ,20071029,19.39,20.0,19.35,19.79,19.3,0.49,2.54,14436.0,28369.9543
000999.SZ,20071026,20.09,20.09,19.29,19.3,20.31,-1.01,-4.97,26872.11,52307.3217
000999.SZ,20071025,21.38,21.38,20.31,20.31,21.38,-1.07,-5.0,31103.09,63529.6094
000999.SZ,20071024,20.86,21.78,20.86,21.38,20.75,0.63,3.04,27380.46,58792.5969
000999.SZ,20071023,20.55,21.2,20.0,20.75,20.78,-0.03,-0.14,21425.16,43950.6078
000999.SZ,20071022,21.48,21.68,20.78,20.78,21.7,-0.92,-4.24,23414.38,49328.5447
000999.SZ,20071019,22.35,22.69,21.41,21.7,22.2,-0.5,-2.25,31448.78,69521.184
000999.SZ,20071018,22.1,22.6,22.0,22.2,22.12,0.08,0.36,30988.12,69061.0572
000999.SZ,20071017,23.19,23.19,22.05,22.12,22.97,-0.85,-3.7,34114.57,76375.5712
000999.SZ,20071016,22.6,23.25,22.32,22.97,22.63,0.34,1.5,26730.83,60754.7644
000999.SZ,20071015,23.58,23.58,22.58,22.63,23.77,-1.14,-4.8,51429.05,116970.7879
000999.SZ,20071012,24.8,24.8,23.4,23.77,24.63,-0.86,-3.49,49096.34,116038.427
000999.SZ,20071010,24.5,24.88,24.22,24.63,24.1,0.53,2.2,41303.83,101095.6419
000999.SZ,20071009,23.35,24.38,23.35,24.1,23.31,0.79,3.39,35723.95,85622.9858
000999.SZ,20071008,24.8,24.8,23.3,23.31,24.53,-1.22,-4.97,55747.28,132763.6964
000999.SZ,20070928,24.75,24.75,23.99,24.53,23.65,0.88,3.72,113312.25,277405.4413
000999.SZ,20070927,23.65,23.65,23.18,23.65,22.52,1.13,5.02,58710.42,138805.7037
000999.SZ,20070926,22.52,22.52,22.52,22.52,21.45,1.07,4.99,5301.43,11938.8204
000999.SZ,20070925,21.4,22.0,21.03,21.45,21.56,-0.11,-0.51,26981.67,58103.2701
000999.SZ,20070924,21.88,21.88,21.07,21.56,21.9,-0.34,-1.55,40836.23,86921.0495
000999.SZ,20070921,22.48,22.8,21.5,21.9,22.49,-0.59,-2.62,47513.9,104133.6623
000999.SZ,20070920,23.0,23.31,22.24,22.49,22.5,-0.01,-0.04,50638.53,114838.1804
000999.SZ,20070919,22.12,23.18,22.0,22.5,22.12,0.38,1.72,57577.96,131114.3031
000999.SZ,20070918,22.63,22.75,21.61,22.12,22.62,-0.5,-2.21,63170.69,139301.4744
000999.SZ,20070917,22.9,23.46,22.31,22.62,22.88,-0.26,-1.14,64401.74,146387.5022
000999.SZ,20070914,24.07,24.08,21.89,22.88,22.93,-0.05,-0.22,183230.73,424859.0399
000999.SZ,20070913,22.2,22.93,22.18,22.93,21.84,1.09,4.99,51031.94,116283.0034
000999.SZ,20070912,20.9,21.84,20.88,21.84,20.8,1.04,5.0,135364.81,291985.4227
000999.SZ,20070911,20.78,21.45,20.48,20.8,20.43,0.37,1.81,129594.06,274817.8747
000999.SZ,20070910,19.43,20.43,19.22,20.43,19.46,0.97,4.98,118142.57,239353.7207
000999.SZ,20070907,19.5,19.88,19.3,19.46,19.6,-0.14,-0.71,62070.54,121626.9598
000999.SZ,20070906,19.7,19.8,19.35,19.6,19.58,0.02,0.1,47541.32,92838.5231
000999.SZ,20070905,19.16,19.89,19.03,19.58,19.1,0.48,2.51,63132.46,123172.488
000999.SZ,20070904,18.9,19.32,18.53,19.1,18.93,0.17,0.9,49176.45,92820.3101
000999.SZ,20070903,19.04,19.19,18.68,18.93,18.95,-0.02,-0.11,46996.53,88535.3204
000999.SZ,20070831,19.49,19.5,18.89,18.95,19.27,-0.32,-1.66,46593.29,88912.9047
000999.SZ,20070830,18.35,19.27,18.35,19.27,18.35,0.92,5.01,59626.38,112658.6172
000999.SZ,20070829,18.85,18.96,18.0,18.35,18.82,-0.47,-2.5,57115.82,105174.1871
000999.SZ,20070828,19.25,19.25,18.31,18.82,19.27,-0.45,-2.34,49633.44,92989.0669
000999.SZ,20070827,19.39,20.0,19.19,19.27,19.4,-0.13,-0.67,38730.27,75461.0547
000999.SZ,20070824,19.8,20.0,19.2,19.4,20.02,-0.62,-3.1,59529.06,116027.1981
000999.SZ,20070823,19.12,20.08,19.02,20.02,19.12,0.9,4.71,85326.72,169509.2623
000999.SZ,20070822,18.91,19.29,18.85,19.12,19.14,-0.02,-0.1,27062.91,51772.1345
000999.SZ,20070821,19.3,19.46,19.0,19.14,19.22,-0.08,-0.42,30351.53,58130.0237
000999.SZ,20070820,19.09,19.38,19.08,19.22,19.04,0.18,0.95,32151.68,61726.915
000999.SZ,20070817,19.49,19.53,18.92,19.04,19.39,-0.35,-1.81,29289.86,56082.7344
000999.SZ,20070816,19.35,19.48,18.95,19.39,19.35,0.04,0.21,24542.61,47118.3716
000999.SZ,20070815,20.01,20.1,19.02,19.35,19.93,-0.58,-2.91,38948.71,75972.6187
000999.SZ,20070814,20.01,20.09,19.83,19.93,19.99,-0.06,-0.3,29588.55,58970.4769
000999.SZ,20070813,20.58,20.58,19.8,19.99,20.0,-0.01,-0.05,35551.96,71479.2085
000999.SZ,20070810,20.33,20.4,19.62,20.0,20.28,-0.28,-1.38,36167.18,72300.7958
000999.SZ,20070809,19.75,20.65,19.75,20.28,19.94,0.34,1.71,48527.49,97586.6488
000999.SZ,20070808,20.35,20.75,19.6,19.94,20.22,-0.28,-1.38,55389.08,111820.415
000999.SZ,20070807,19.26,20.22,18.9,20.22,19.26,0.96,4.98,108779.79,218766.2263
000999.SZ,20070806,19.3,19.5,19.1,19.26,19.2,0.06,0.31,40319.22,77555.1982
000999.SZ,20070803,19.0,19.3,18.98,19.2,19.06,0.14,0.73,43863.46,83844.1583
000999.SZ,20070802,18.8,19.3,18.6,19.06,18.51,0.55,2.97,29777.51,56565.803
000999.SZ,20070801,19.01,19.55,18.5,18.51,19.04,-0.53,-2.78,39300.88,74758.0182
000999.SZ,20070731,19.27,19.3,18.89,19.04,19.33,-0.29,-1.5,33270.29,63338.4184
000999.SZ,20070730,19.7,19.7,19.25,19.33,19.38,-0.05,-0.26,43381.68,84117.0906
000999.SZ,20070727,18.83,19.58,18.68,19.38,18.98,0.4,2.11,38299.87,73652.1324
000999.SZ,20070726,19.26,19.3,18.88,18.98,19.26,-0.28,-1.45,37739.64,71698.3523
000999.SZ,20070725,19.19,19.58,19.1,19.26,19.19,0.07,0.36,25119.31,48526.3303
000999.SZ,20070724,18.96,19.86,18.96,19.19,18.93,0.26,1.37,48259.52,93539.5018
000999.SZ,20070723,19.51,19.51,18.88,18.93,18.58,0.35,1.88,70616.3,136068.6354
000999.SZ,20070719,18.76,18.94,18.43,18.58,18.79,-0.21,-1.12,21451.47,40074.2876
000999.SZ,20070718,18.28,19.0,18.0,18.79,18.2,0.59,3.24,38716.9,72026.326
000999.SZ,20070717,17.86,18.38,17.76,18.2,17.96,0.24,1.34,20365.23,37124.3968
000999.SZ,20070716,18.0,18.35,17.8,17.96,18.0,-0.04,-0.22,21179.95,38371.45
000999.SZ,20070713,18.31,18.31,17.79,18.0,18.1,-0.1,-0.55,15282.14,27416.8217
000999.SZ,20070712,18.2,18.4,17.91,18.1,18.08,0.02,0.11,22428.27,40777.8109
000999.SZ,20070711,17.55,18.09,17.47,18.08,17.8,0.28,1.57,21439.28,38218.9297
000999.SZ,20070710,18.0,18.48,17.7,17.8,18.09,-0.29,-1.6,28926.55,52152.6917
000999.SZ,20070709,18.0,18.34,17.58,18.09,18.2,-0.11,-0.6,42949.8,77219.0882
000999.SZ,20070706,17.51,18.58,17.51,18.2,18.43,-0.23,-1.25,73905.48,130857.579
000999.SZ,20070705,18.5,18.5,18.43,18.43,19.4,-0.97,-5.0,6745.0,12436.983
000999.SZ,20070703,19.48,19.96,19.0,19.4,19.01,0.39,2.05,79320.01,155356.2412
000999.SZ,20070702,18.16,19.01,17.58,19.01,18.1,0.91,5.03,63138.19,115541.9479
000999.SZ,20070629,16.92,18.65,16.9,18.1,17.79,0.31,1.74,67265.08,119284.1857
000999.SZ,20070628,18.64,18.99,17.79,17.79,18.73,-0.94,-5.02,60669.75,111868.6966
000999.SZ,20070627,18.01,18.73,17.5,18.73,17.84,0.89,4.99,68146.26,123710.633
000999.SZ,20070626,17.48,17.98,17.48,17.84,18.4,-0.56,-3.04,74853.77,131228.5075
000999.SZ,20070625,19.08,19.08,18.4,18.4,19.37,-0.97,-5.01,69830.68,129616.2885
000999.SZ,20070622,20.38,20.38,19.37,19.37,20.39,-1.02,-5.0,78004.35,153353.8492
000999.SZ,20070621,19.99,20.58,19.3,20.39,19.69,0.7,3.56,159484.85,319005.142
000999.SZ,20070620,19.74,19.74,18.85,19.69,18.8,0.89,4.73,84443.89,166144.1538
000999.SZ,20070619,18.8,18.8,18.8,18.8,17.9,0.9,5.03,18605.22,34977.8136
000999.SZ,20070618,17.55,18.29,17.55,17.9,17.42,0.48,2.76,61163.25,110139.668
000999.SZ,20070615,17.29,17.97,17.16,17.42,17.6,-0.18,-1.02,47355.16,82720.7924
000999.SZ,20070614,18.02,18.2,17.6,17.6,18.2,-0.6,-3.3,58905.45,104952.5481
000999.SZ,20070613,17.7,18.48,17.4,18.2,17.6,0.6,3.41,88224.7,159590.4952
000999.SZ,20070612,17.48,17.85,16.69,17.6,17.57,0.03,0.17,88716.22,152602.9803
000999.SZ,20070611,18.54,18.54,17.21,17.57,17.66,-0.09,-0.51,129141.21,231974.7518
000999.SZ,20070608,17.66,17.66,17.66,17.66,16.82,0.84,4.99,16695.73,29484.6592
000999.SZ,20070607,16.02,16.82,16.02,16.82,16.02,0.8,4.99,30309.41,50531.8392
000999.SZ,20070606,15.1,16.47,15.1,16.02,15.75,0.27,1.71,85992.12,137851.0512
000999.SZ,20070605,15.75,15.75,15.75,15.75,16.58,-0.83,-5.01,13102.0,20635.65
000999.SZ,20070604,17.25,17.25,16.58,16.58,17.45,-0.87,-4.99,23346.0,38998.3618
000999.SZ,20070601,18.14,18.55,17.45,17.45,18.37,-0.92,-5.01,103436.65,183182.268
000999.SZ,20070531,18.37,18.98,18.37,18.37,19.34,-0.97,-5.02,105685.46,195279.7815
000999.SZ,20070530,19.34,19.8,19.34,19.34,20.36,-1.02,-5.01,69204.0,134161.7392
000999.SZ,20070529,20.4,20.58,20.0,20.36,20.37,-0.01,-0.05,69480.35,140594.0534
000999.SZ,20070528,19.51,20.42,19.51,20.37,19.45,0.92,4.73,127634.53,256816.8646
000999.SZ,20070525,19.75,19.8,19.3,19.45,19.94,-0.49,-2.46,107977.52,210190.6909
000999.SZ,20070524,21.57,21.57,19.51,19.94,20.54,-0.6,-2.92,240864.79,487226.4248
000999.SZ,20070523,20.54,20.54,20.54,20.54,19.56,0.98,5.01,11591.37,23808.674
000999.SZ,20070522,19.56,19.56,19.4,19.56,18.63,0.93,4.99,36115.93,70617.4017
000999.SZ,20070518,17.72,18.63,17.62,18.63,17.74,0.89,5.02,92649.73,171878.0983
000999.SZ,20070517,17.38,17.84,17.15,17.74,17.33,0.41,2.37,68017.33,120100.476
000999.SZ,20070516,16.89,17.48,16.62,17.33,16.93,0.4,2.36,74127.12,126277.2982
000999.SZ,20070515,17.5,17.89,16.93,16.93,17.55,-0.62,-3.53,84745.43,145994.515
000999.SZ,20070514,17.28,18.0,16.92,17.55,17.55,0.0,0.0,67711.54,119060.9178
000999.SZ,20070511,17.5,17.84,17.23,17.55,17.89,-0.34,-1.9,80222.18,140087.0003
000999.SZ,20070510,17.56,18.32,17.22,17.89,17.7,0.19,1.07,91816.65,164349.737
000999.SZ,20070509,17.99,17.99,17.12,17.7,18.02,-0.32,-1.78,135767.92,236638.3819
000999.SZ,20070508,18.8,18.85,17.83,18.02,18.25,-0.23,-1.26,142077.13,259709.9306
000999.SZ,20070430,17.6,18.25,17.58,18.25,17.38,0.87,5.01,131571.47,237726.8698
000999.SZ,20070427,16.78,17.49,16.78,17.38,16.78,0.6,3.58,102252.0,176235.6221
000999.SZ,20070426,16.73,17.14,16.4,16.78,16.77,0.01,0.06,81933.22,137533.5735
000999.SZ,20070425,16.5,17.19,16.02,16.77,16.38,0.39,2.38,129999.8,217109.7353
000999.SZ,20070424,15.63,16.38,15.63,16.38,15.6,0.78,5.0,161858.65,259242.3778
000999.SZ,20070423,15.53,15.72,15.35,15.6,15.51,0.09,0.58,100902.94,157272.8996
000999.SZ,20070420,15.01,15.66,15.01,15.51,15.13,0.38,2.51,81441.74,125253.5148
000999.SZ,20070419,15.93,15.93,15.13,15.13,15.93,-0.8,-5.02,90547.14,139541.6145
000999.SZ,20070418,16.33,16.33,15.78,15.93,16.42,-0.49,-2.98,82382.91,131695.1621
000999.SZ,20070417,16.2,16.63,15.47,16.42,15.84,0.58,3.66,184709.28,298730.4129
000999.SZ,20070416,15.58,15.84,15.51,15.84,15.09,0.75,4.97,125236.47,197853.298
000999.SZ,20070413,14.71,15.31,14.7,15.09,14.71,0.38,2.58,93060.07,139451.5021
000999.SZ,20070412,14.89,15.0,14.51,14.71,14.9,-0.19,-1.28,75102.79,110617.1021
000999.SZ,20070411,15.65,15.65,14.83,14.9,15.48,-0.58,-3.75,83504.55,125583.3824
000999.SZ,20070410,15.0,15.48,14.8,15.48,14.74,0.74,5.02,125465.83,193607.6023
000999.SZ,20070406,14.42,14.87,14.26,14.74,14.42,0.32,2.22,73853.31,108546.1345
000999.SZ,20070405,14.33,14.45,14.11,14.42,14.31,0.11,0.77,52116.01,74558.4071
000999.SZ,20070404,14.2,14.42,14.0,14.31,14.19,0.12,0.85,66871.86,94680.6608
000999.SZ,20070403,14.39,14.55,13.99,14.19,14.34,-0.15,-1.05,78817.66,111655.3197
000999.SZ,20070402,14.11,14.47,13.88,14.34,14.05,0.29,2.06,78054.32,110295.033
000999.SZ,20070330,13.58,14.45,13.56,14.05,13.76,0.29,2.11,69949.12,98768.9007
000999.SZ,20070329,14.38,14.59,13.75,13.76,14.38,-0.62,-4.31,78805.41,110276.8614
000999.SZ,20070328,15.1,15.1,14.29,14.38,15.04,-0.66,-4.39,109991.94,158819.5715
000999.SZ,20070327,14.69,15.18,14.48,15.04,14.69,0.35,2.38,77264.35,115360.5899
000999.SZ,20070326,14.7,15.0,14.35,14.69,15.1,-0.41,-2.72,98402.85,143991.4478
000999.SZ,20070323,15.45,15.82,14.68,15.1,15.45,-0.35,-2.27,99322.59,149882.5753
000999.SZ,20070322,16.51,16.51,15.3,15.45,15.72,-0.27,-1.72,215134.38,342545.5129
000999.SZ,20070321,15.72,15.72,15.72,15.72,14.97,0.75,5.01,7815.7,12286.2804
000999.SZ,20070320,14.97,14.97,14.97,14.97,14.26,0.71,4.98,7258.82,10866.4535
000999.SZ,20070319,13.59,14.26,13.32,14.26,13.58,0.68,5.01,40946.1,57646.9852
000999.SZ,20070316,13.0,13.58,13.0,13.58,12.93,0.65,5.03,158153.16,212626.4756
000999.SZ,20070315,12.84,12.98,12.7,12.93,12.84,0.09,0.7,42259.49,54299.2511
000999.SZ,20070314,13.2,13.2,12.55,12.84,13.17,-0.33,-2.51,65685.63,83665.4918
000999.SZ,20070313,13.09,13.34,12.91,13.17,12.85,0.32,2.49,38797.55,51197.6351
000999.SZ,20070312,12.4,12.98,12.28,12.85,12.4,0.45,3.63,46953.8,59788.2445
000999.SZ,20070309,12.38,12.85,12.37,12.4,12.56,-0.16,-1.27,34603.62,43593.9447
000999.SZ,20070308,12.64,12.64,12.36,12.56,12.75,-0.19,-1.49,36731.93,45943.8155
000999.SZ,20070307,12.56,13.0,12.05,12.75,12.68,0.07,0.55,60602.71,75797.2618
000999.SZ,20070306,13.5,13.5,12.65,12.68,13.13,-0.45,-3.43,55200.17,70975.2306
000999.SZ,20070305,12.8,13.13,12.14,13.13,12.5,0.63,5.04,104622.34,134285.6727
000999.SZ,20070302,11.98,12.5,11.9,12.5,11.9,0.6,5.04,103400.23,128708.7222
000999.SZ,20070301,11.9,12.1,11.52,11.9,11.52,0.38,3.3,129390.38,153747.73
000999.SZ,20070228,10.8,11.52,10.7,11.52,10.97,0.55,5.01,65527.2,73364.162
000999.SZ,20070227,11.73,11.88,10.97,10.97,11.55,-0.58,-5.02,100074.13,114959.4236
000999.SZ,20070226,11.12,11.55,10.88,11.55,11.0,0.55,5.0,73988.73,83047.9039
000999.SZ,20070216,11.12,11.27,10.92,11.0,11.07,-0.07,-0.63,76564.18,84671.6389
000999.SZ,20070215,11.0,11.3,10.82,11.07,11.0,0.07,0.64,117913.31,131250.435
000999.SZ,20070214,11.4,11.9,10.82,11.0,11.39,-0.39,-3.42,87172.0,99936.6952
000999.SZ,20070212,11.4,11.48,11.21,11.39,10.93,0.46,4.21,68052.09,77789.3593
000999.SZ,20070209,10.4,10.93,10.28,10.93,10.41,0.52,5.0,48318.74,52374.3976
000999.SZ,20070208,10.28,10.58,9.98,10.41,10.3,0.11,1.07,44647.58,45513.0528
000999.SZ,20070207,10.15,10.6,10.0,10.3,10.2,0.1,0.98,57978.8,60437.6843
000999.SZ,20070206,10.0,10.35,9.71,10.2,10.22,-0.02,-0.2,65794.95,65093.179
000999.SZ,20070205,10.38,10.58,10.22,10.22,10.76,-0.54,-5.02,49112.26,50401.2533
000999.SZ,20070202,11.4,11.45,10.76,10.76,11.33,-0.57,-5.03,62104.24,69211.7175
000999.SZ,20070201,11.0,11.5,11.0,11.33,11.4,-0.07,-0.61,77888.81,87440.2327
000999.SZ,20070131,11.0,11.76,10.64,11.4,11.2,0.2,1.79,120277.48,131047.5288
000999.SZ,20070130,11.61,11.8,11.2,11.2,11.79,-0.59,-5.0,72200.95,82180.2496
000999.SZ,20070129,12.17,12.36,11.63,11.79,12.19,-0.4,-3.28,74497.52,89209.7163
000999.SZ,20070126,11.65,12.32,11.36,12.19,11.9,0.29,2.44,77354.5,91829.6603
000999.SZ,20070125,11.7,12.37,11.19,11.9,11.78,0.12,1.02,116560.63,140579.7284
000999.SZ,20070124,11.9,12.13,11.56,11.78,11.55,0.23,1.99,76197.6,91936.1575
000999.SZ,20070123,11.0,11.55,11.0,11.55,11.0,0.55,5.0,62127.38,71598.5446
000999.SZ,20070122,10.57,11.0,10.44,11.0,10.48,0.52,4.96,76890.99,82999.6849
000999.SZ,20070119,10.2,10.57,10.02,10.48,10.07,0.41,4.07,66059.39,68293.7306
000999.SZ,20070118,9.46,10.07,9.36,10.07,9.59,0.48,5.01,78221.83,76521.4662
000999.SZ,20070117,9.56,9.59,9.31,9.59,9.64,-0.05,-0.52,72781.93,68573.5311
000999.SZ,20070116,9.4,9.73,9.2,9.64,9.41,0.23,2.44,62489.6,58974.249
000999.SZ,20070115,9.2,9.48,9.01,9.41,9.17,0.24,2.62,60805.54,56578.3469
000999.SZ,20070112,8.88,9.27,8.72,9.17,8.88,0.29,3.27,91840.78,83650.7102
000999.SZ,20070111,9.12,9.12,8.84,8.88,8.69,0.19,2.19,149906.19,135929.4059
000999.SZ,20070110,8.69,8.69,8.6,8.69,8.28,0.41,4.95,30585.55,26577.4145
000999.SZ,20070109,8.07,8.28,8.07,8.28,7.89,0.39,4.94,48621.99,40080.6592
000999.SZ,20070108,7.29,7.9,7.29,7.89,7.67,0.22,2.87,94763.22,72878.8345
000999.SZ,20070105,7.6,7.88,7.52,7.67,7.71,-0.04,-0.52,26458.97,20396.5272
000999.SZ,20070104,7.72,8.05,7.44,7.71,7.71,0.0,0.0,109207.16,84116.971
000999.SZ,20061229,7.69,7.85,7.65,7.71,7.7,0.01,0.13,68816.37,53309.9836
000999.SZ,20061228,7.9,8.01,7.65,7.7,7.9,-0.2,-2.53,66364.71,51898.1937
000999.SZ,20061227,7.55,8.01,7.54,7.9,7.61,0.29,3.81,68023.99,53489.6018
000999.SZ,20061226,7.6,7.86,7.41,7.61,7.62,-0.01,-0.13,95442.12,73488.7074
000999.SZ,20061225,7.48,7.98,7.48,7.62,7.32,0.3,4.1,119080.85,91119.4691
000999.SZ,20061222,6.49,7.32,6.45,7.32,6.65,0.67,10.08,238801.79,172099.4154
000999.SZ,20061220,6.07,6.71,5.88,6.65,6.1,0.55,9.02,156962.09,101642.232
000999.SZ,20061219,6.23,6.27,5.96,6.1,6.25,-0.15,-2.4,70837.6,43101.4038
000999.SZ,20061218,6.46,6.49,6.01,6.25,6.31,-0.06,-0.95,151922.36,94754.2304
000999.SZ,20061215,6.31,6.31,5.99,6.31,5.74,0.57,9.93,154037.9,96891.7671
000999.SZ,20061213,5.74,5.74,5.74,5.74,5.22,0.52,9.96,8058.14,4625.3724
000999.SZ,20060831,5.26,5.35,5.19,5.22,5.2,0.02,0.38,21060.9,11061.7013
000999.SZ,20060830,5.18,5.29,5.12,5.2,5.18,0.02,0.39,21521.65,11185.0916
000999.SZ,20060829,5.3,5.38,5.18,5.18,5.34,-0.16,-3.0,54048.31,28623.692
000999.SZ,20060828,5.32,5.44,5.24,5.34,5.3,0.04,0.75,44240.35,23665.2238
000999.SZ,20060825,5.04,5.39,5.01,5.3,5.04,0.26,5.16,92060.17,48475.075
000999.SZ,20060824,4.95,5.08,4.81,5.04,4.95,0.09,1.82,32199.38,16040.7669
000999.SZ,20060823,5.03,5.08,4.95,4.95,5.02,-0.07,-1.39,20175.99,10101.9537
000999.SZ,20060822,4.94,5.15,4.86,5.02,4.92,0.1,2.03,35411.72,17916.065
000999.SZ,20060821,4.7,4.97,4.68,4.92,4.92,0.0,0.0,29516.61,14424.4972
000999.SZ,20060818,4.92,5.09,4.81,4.92,4.91,0.01,0.2,61090.78,30362.4728
000999.SZ,20060817,4.45,4.91,4.37,4.91,4.46,0.45,10.09,61174.76,29023.1587
000999.SZ,20060816,4.33,4.49,4.33,4.46,4.33,0.13,3.0,17617.4,7819.0064
000999.SZ,20060815,4.23,4.33,4.21,4.33,4.23,0.1,2.36,7869.96,3383.7241
000999.SZ,20060814,4.4,4.45,4.19,4.23,4.41,-0.18,-4.08,17627.81,7617.2165
000999.SZ,20060811,4.3,4.44,4.3,4.41,4.3,0.11,2.56,11659.92,5090.4124
000999.SZ,20060810,4.28,4.37,4.28,4.3,4.29,0.01,0.23,12975.51,5601.3533
000999.SZ,20060809,4.32,4.35,4.26,4.29,4.35,-0.06,-1.38,7292.4,3135.8028
000999.SZ,20060808,4.06,4.36,4.06,4.35,4.17,0.18,4.32,21768.26,9213.2973
000999.SZ,20060807,4.47,4.47,4.15,4.17,4.45,-0.28,-6.29,22748.5,9777.038
000999.SZ,20060804,4.68,4.71,4.45,4.45,4.68,-0.23,-4.91,19164.47,8759.2162
000999.SZ,20060803,4.75,4.79,4.65,4.68,4.75,-0.07,-1.47,9530.89,4486.2203
000999.SZ,20060802,4.73,4.77,4.65,4.75,4.76,-0.01,-0.21,15399.24,7262.194
000999.SZ,20060801,4.78,4.86,4.7,4.76,4.78,-0.02,-0.42,16872.83,8079.3996
000999.SZ,20060731,5.0,5.0,4.74,4.78,5.02,-0.24,-4.78,24844.42,12056.8964
000999.SZ,20060728,5.1,5.13,4.91,5.02,5.1,-0.08,-1.57,40820.11,20364.1313
000999.SZ,20060727,5.21,5.21,5.09,5.1,5.2,-0.1,-1.92,22344.23,11478.7184
000999.SZ,20060726,5.19,5.24,5.1,5.2,5.19,0.01,0.19,19109.97,9878.6138
000999.SZ,20060725,5.16,5.23,5.1,5.19,5.15,0.04,0.78,17422.31,9025.0386
000999.SZ,20060724,5.17,5.21,5.05,5.15,5.23,-0.08,-1.53,12121.12,6223.398
000999.SZ,20060721,5.18,5.24,5.15,5.23,5.17,0.06,1.16,21819.6,11361.9769
000999.SZ,20060720,5.18,5.25,5.11,5.17,5.19,-0.02,-0.39,17348.67,8966.5591
000999.SZ,20060719,5.06,5.25,5.01,5.19,5.06,0.13,2.57,32953.16,16975.0745
000999.SZ,20060718,5.05,5.08,5.0,5.06,5.05,0.01,0.2,18840.31,9494.0268
000999.SZ,20060717,5.0,5.08,4.95,5.05,5.0,0.05,1.0,20717.06,10409.4844
000999.SZ,20060714,4.98,5.1,4.9,5.0,5.01,-0.01,-0.2,39563.06,19868.362
000999.SZ,20060713,5.44,5.44,5.0,5.01,5.46,-0.45,-8.24,66233.47,34306.5288
000999.SZ,20060712,5.5,5.66,5.44,5.46,5.5,-0.04,-0.73,54249.78,30048.0833
000999.SZ,20060711,5.4,5.51,5.28,5.5,5.35,0.15,2.8,44044.8,23859.2554
000999.SZ,20060710,5.25,5.39,5.24,5.35,5.27,0.08,1.52,29842.66,15884.6051
000999.SZ,20060707,5.36,5.4,5.19,5.27,5.36,-0.09,-1.68,33995.02,17991.8536
000999.SZ,20060706,5.25,5.4,5.25,5.36,5.29,0.07,1.32,27180.93,14545.564
000999.SZ,20060705,5.34,5.41,5.24,5.29,5.34,-0.05,-0.94,34156.28,18073.5617
000999.SZ,20060704,5.53,5.55,5.28,5.34,5.53,-0.19,-3.44,50547.18,27295.8559
000999.SZ,20060703,5.5,5.59,5.44,5.53,5.57,-0.04,-0.72,46398.52,25506.5101
000999.SZ,20060630,5.6,5.67,5.5,5.57,5.5,0.07,1.27,58476.58,32503.5287
000999.SZ,20060628,5.38,5.64,5.36,5.5,5.39,0.11,2.04,54725.49,30185.5677
000999.SZ,20060627,5.2,5.44,5.18,5.39,5.22,0.17,3.26,43496.27,23269.1186
000999.SZ,20060626,5.17,5.24,5.1,5.22,5.17,0.05,0.97,28884.15,14989.6826
000999.SZ,20060623,5.18,5.21,5.06,5.17,5.2,-0.03,-0.58,37120.78,18995.5037
000999.SZ,20060622,5.28,5.3,5.19,5.2,5.29,-0.09,-1.7,21884.56,11458.2142
000999.SZ,20060621,5.27,5.36,5.17,5.29,5.27,0.02,0.38,44459.31,23428.9664
000999.SZ,20060620,5.24,5.3,5.17,5.27,5.26,0.01,0.19,34959.84,18287.1386
000999.SZ,20060619,5.2,5.37,5.15,5.26,5.25,0.01,0.19,38233.9,20072.8407
000999.SZ,20060616,5.15,5.27,5.15,5.25,5.17,0.08,1.55,29346.94,15341.9422
000999.SZ,20060615,5.17,5.26,5.13,5.17,5.17,0.0,0.0,28459.79,14770.471
000999.SZ,20060614,5.13,5.21,4.99,5.17,5.13,0.04,0.78,34388.62,17492.9464
000999.SZ,20060613,5.06,5.19,5.03,5.13,5.09,0.04,0.79,27881.27,14263.9348
000999.SZ,20060612,4.98,5.25,4.92,5.09,4.98,0.11,2.21,44172.18,22651.8399
000999.SZ,20060609,5.29,5.38,4.96,4.98,5.3,-0.32,-6.04,53893.11,27948.2492
000999.SZ,20060608,5.21,5.37,5.01,5.3,5.35,-0.05,-0.93,75668.27,39523.6369
000999.SZ,20060607,5.92,5.92,5.35,5.35,5.94,-0.59,-9.93,93915.28,52125.7515
000999.SZ,20060606,5.91,6.0,5.72,5.94,5.91,0.03,0.51,89171.98,52289.2121
000999.SZ,20060605,5.58,5.94,5.3,5.91,5.48,0.43,7.85,85095.61,47774.2763
000999.SZ,20060602,5.56,5.62,5.4,5.48,5.56,-0.08,-1.44,88182.93,48485.6713
000999.SZ,20060601,5.06,5.58,5.03,5.56,5.07,0.49,9.66,125784.92,67387.3285
000999.SZ,20060531,5.16,5.28,5.01,5.07,5.23,-0.16,-3.06,61067.01,31262.7625
000999.SZ,20060530,5.12,5.29,5.04,5.23,5.12,0.11,2.15,70994.21,36752.5528
000999.SZ,20060529,5.1,5.15,4.97,5.12,5.07,0.05,0.99,49488.85,25129.8306
000999.SZ,20060526,4.9,5.08,4.88,5.07,4.88,0.19,3.89,61867.84,31001.0591
000999.SZ,20060525,4.66,4.91,4.66,4.88,4.66,0.22,4.72,54029.23,25919.2101
000999.SZ,20060524,4.85,4.97,4.57,4.66,4.82,-0.16,-3.32,72438.1,34278.7217
000999.SZ,20060523,5.1,5.12,4.8,4.82,5.18,-0.36,-6.95,95704.45,47452.77
000999.SZ,20060522,5.12,5.26,4.99,5.18,5.07,0.11,2.17,76713.49,39523.1691
000999.SZ,20060519,5.07,5.15,4.98,5.07,5.07,0.0,0.0,81580.95,41243.554
000999.SZ,20060518,4.98,5.18,4.85,5.07,5.01,0.06,1.2,96459.36,48616.9113
000999.SZ,20060517,4.61,5.09,4.61,5.01,4.63,0.38,8.21,129728.56,63674.8786
000999.SZ,20060516,4.8,4.98,4.56,4.63,4.83,-0.2,-4.14,121657.0,57569.4953
000999.SZ,20060515,4.52,4.9,4.42,4.83,4.5,0.33,7.33,130706.2,60437.2222
000999.SZ,20060512,4.3,4.52,4.26,4.5,4.36,0.14,3.21,70587.26,31058.4954
000999.SZ,20060511,4.55,4.65,4.33,4.36,4.56,-0.2,-4.39,92737.76,41834.2583
000999.SZ,20060510,4.51,4.66,4.4,4.56,4.55,0.01,0.22,77541.01,35084.1495
000999.SZ,20060509,4.4,4.73,4.37,4.55,4.39,0.16,3.64,102550.5,46774.799
000999.SZ,20060508,4.28,4.44,4.21,4.39,4.26,0.13,3.05,63541.66,27487.8933
000999.SZ,20060428,4.3,4.45,4.11,4.26,4.34,-0.08,-1.84,68101.97,29268.2368
000999.SZ,20060427,4.18,4.35,4.1,4.34,4.15,0.19,4.58,80710.5,34001.0889
000999.SZ,20060426,4.0,4.18,3.95,4.15,4.01,0.14,3.49,65234.45,26766.5387
000999.SZ,20060425,3.91,4.1,3.76,4.01,3.92,0.09,2.3,56061.65,22036.2311
000999.SZ,20060424,4.07,4.1,3.9,3.92,4.07,-0.15,-3.69,52771.2,21013.9714
000999.SZ,20060421,4.05,4.13,3.93,4.07,4.07,0.0,0.0,52556.33,21236.3675
000999.SZ,20060420,4.14,4.23,3.97,4.07,4.16,-0.09,-2.16,58220.1,23764.1629
000999.SZ,20060419,4.09,4.16,4.04,4.16,4.11,0.05,1.22,62339.77,25578.7579
000999.SZ,20060418,4.36,4.38,4.02,4.11,4.24,-0.13,-3.07,145859.84,61588.4118
000999.SZ,20060417,3.88,4.24,3.88,4.24,3.85,0.39,10.13,104136.05,42939.5531
000999.SZ,20060414,3.79,3.87,3.75,3.85,3.8,0.05,1.32,41265.25,15722.7144
000999.SZ,20060413,3.95,4.02,3.8,3.8,3.97,-0.17,-4.28,54488.26,21255.6403
000999.SZ,20060412,4.0,4.05,3.96,3.97,4.0,-0.03,-0.75,55983.2,22399.4032
000999.SZ,20060411,3.9,4.08,3.82,4.0,3.89,0.11,2.83,108634.09,42992.4744
000999.SZ,20060410,3.7,3.98,3.68,3.89,3.7,0.19,5.14,83662.27,32088.9954
000999.SZ,20060407,3.76,3.78,3.68,3.7,3.78,-0.08,-2.12,32903.59,12208.7017
000999.SZ,20060406,3.77,3.8,3.73,3.78,3.77,0.01,0.27,32589.23,12271.4973
000999.SZ,20060405,3.78,3.85,3.74,3.77,3.78,-0.01,-0.26,27889.18,10550.2712
000999.SZ,20060404,3.7,3.8,3.67,3.78,3.7,0.08,2.16,35456.09,13240.5917
000999.SZ,20060403,3.65,3.7,3.61,3.7,3.64,0.06,1.65,22724.44,8330.4382
000999.SZ,20060331,3.68,3.7,3.61,3.64,3.68,-0.04,-1.09,25131.2,9151.1879
000999.SZ,20060330,3.71,3.72,3.64,3.68,3.71,-0.03,-0.81,23964.34,8811.2493
000999.SZ,20060329,3.72,3.74,3.67,3.71,3.72,-0.01,-0.27,28992.03,10714.2556
000999.SZ,20060328,3.69,3.75,3.65,3.72,3.7,0.02,0.54,14260.33,5280.3269
000999.SZ,20060327,3.72,3.76,3.65,3.7,3.76,-0.06,-1.6,26105.84,9629.1716
000999.SZ,20060324,3.84,3.86,3.74,3.76,3.86,-0.1,-2.59,22394.72,8509.0123
000999.SZ,20060323,3.8,3.91,3.75,3.86,3.8,0.06,1.58,36036.37,13835.2593
000999.SZ,20060322,3.76,3.8,3.73,3.8,3.79,0.01,0.26,19753.3,7431.8223
000999.SZ,20060321,3.82,3.83,3.76,3.79,3.82,-0.03,-0.79,19246.85,7293.6034
000999.SZ,20060320,3.78,3.84,3.73,3.82,3.8,0.02,0.53,25257.42,9562.2774
000999.SZ,20060317,3.7,3.89,3.68,3.8,3.68,0.12,3.26,46481.12,17710.2794
000999.SZ,20060316,3.68,3.7,3.65,3.68,3.71,-0.03,-0.81,14080.93,5171.4587
000999.SZ,20060315,3.67,3.71,3.62,3.71,3.69,0.02,0.54,18711.45,6871.4848
000999.SZ,20060314,3.71,3.71,3.65,3.69,3.72,-0.03,-0.81,9624.84,3542.6588
000999.SZ,20060313,3.7,3.73,3.63,3.72,3.69,0.03,0.81,27723.13,10179.486
000999.SZ,20060310,3.7,3.7,3.61,3.69,3.69,0.0,0.0,25364.33,9265.1394
000999.SZ,20060309,3.82,3.83,3.58,3.69,3.77,-0.08,-2.12,52254.36,19336.8498
000999.SZ,20060308,3.74,3.77,3.65,3.77,3.71,0.06,1.62,26721.74,9895.1939
000999.SZ,20060307,3.79,3.79,3.69,3.71,3.76,-0.05,-1.33,24383.05,9070.2803
000999.SZ,20060306,3.8,3.8,3.7,3.76,3.76,0.0,0.0,13964.4,5228.2177
000999.SZ,20060303,3.8,3.84,3.7,3.76,3.81,-0.05,-1.31,26790.37,10099.6865
000999.SZ,20060302,3.92,3.94,3.75,3.81,3.89,-0.08,-2.06,32959.14,12692.4604
000999.SZ,20060301,3.87,3.9,3.81,3.89,3.85,0.04,1.04,21420.92,8291.3923
000999.SZ,20060228,3.89,3.9,3.76,3.85,3.87,-0.02,-0.52,29900.68,11392.9422
000999.SZ,20060227,4.02,4.05,3.84,3.87,3.96,-0.09,-2.27,32064.93,12573.2739
000999.SZ,20060224,4.0,4.06,3.94,3.96,4.0,-0.04,-1.0,23521.51,9332.5358
000999.SZ,20060223,3.95,4.06,3.89,4.0,3.89,0.11,2.83,59114.8,23544.681
000999.SZ,20060222,3.82,3.92,3.77,3.89,3.84,0.05,1.3,34450.32,13343.1573
000999.SZ,20060221,3.85,3.87,3.66,3.84,3.89,-0.05,-1.29,59822.5,22475.3244
000999.SZ,20060220,3.98,4.09,3.86,3.89,3.95,-0.06,-1.52,44305.99,17640.778
000999.SZ,20060217,3.86,4.13,3.81,3.95,3.83,0.12,3.13,72751.85,29086.5583
000999.SZ,20060216,3.89,3.97,3.82,3.83,3.87,-0.04,-1.03,39296.94,15328.1498
000999.SZ,20060215,3.95,3.95,3.86,3.87,3.92,-0.05,-1.28,24826.92,9647.8099
000999.SZ,20060214,3.96,3.98,3.9,3.92,3.96,-0.04,-1.01,27408.49,10794.1082
000999.SZ,20060213,3.85,3.99,3.79,3.96,3.85,0.11,2.86,48829.96,19060.4606
000999.SZ,20060210,3.83,3.97,3.83,3.85,3.82,0.03,0.79,64288.36,25075.622
000999.SZ,20060209,3.8,3.83,3.7,3.82,3.81,0.01,0.26,39980.81,15109.0776
000999.SZ,20060208,3.66,3.85,3.66,3.81,3.66,0.15,4.1,45015.89,16979.5942
000999.SZ,20060207,3.71,3.72,3.6,3.66,3.7,-0.04,-1.08,24143.83,8819.7505
000999.SZ,20060206,3.59,3.7,3.52,3.7,3.6,0.1,2.78,29419.44,10697.0705
000999.SZ,20060125,3.7,3.75,3.55,3.6,3.77,-0.17,-4.51,46357.25,16985.1752
000999.SZ,20060124,3.69,3.83,3.67,3.77,3.69,0.08,2.17,38960.44,14659.2514
000999.SZ,20060123,3.75,3.76,3.62,3.69,3.75,-0.06,-1.6,36160.64,13315.8058
000999.SZ,20060120,3.81,3.81,3.71,3.75,3.81,-0.06,-1.57,33913.27,12710.3097
000999.SZ,20060119,3.7,3.85,3.65,3.81,3.7,0.11,2.97,60406.56,22726.8806
000999.SZ,20060118,3.64,3.73,3.57,3.7,3.64,0.06,1.65,38710.1,14178.1623
000999.SZ,20060117,3.63,3.67,3.56,3.64,3.63,0.01,0.28,35027.37,12660.3588
000999.SZ,20060116,3.51,3.76,3.48,3.63,3.48,0.15,4.31,69288.77,25118.4221
000999.SZ,20060113,3.48,3.53,3.4,3.48,3.47,0.01,0.29,36706.25,12697.2755
000999.SZ,20060112,3.37,3.47,3.36,3.47,3.37,0.1,2.97,27706.68,9519.0894
000999.SZ,20060111,3.44,3.44,3.36,3.37,3.45,-0.08,-2.32,27226.68,9223.251
000999.SZ,20060110,3.42,3.48,3.41,3.45,3.42,0.03,0.88,32625.4,11253.7584
000999.SZ,20060109,3.36,3.43,3.35,3.42,3.38,0.04,1.18,21638.4,7341.2917
000999.SZ,20060106,3.34,3.42,3.3,3.38,3.33,0.05,1.5,38033.66,12836.7734
000999.SZ,20060105,3.28,3.35,3.28,3.33,3.3,0.03,0.91,23417.69,7740.7145
000999.SZ,20060104,3.27,3.33,3.27,3.3,3.27,0.03,0.92,16456.95,5417.0855
000999.SZ,20051230,3.35,3.36,3.24,3.27,3.35,-0.08,-2.39,16107.86,5320.9285
000999.SZ,20051229,3.29,3.37,3.29,3.35,3.28,0.07,2.13,19587.46,6510.4238
000999.SZ,20051228,3.33,3.33,3.25,3.28,3.31,-0.03,-0.91,12211.05,4011.0797
000999.SZ,20051227,3.31,3.33,3.29,3.31,3.31,0.0,0.0,9610.17,3178.9123
000999.SZ,20051226,3.35,3.35,3.3,3.31,3.31,0.0,0.0,17245.79,5729.0997
000999.SZ,20051223,3.3,3.35,3.28,3.31,3.32,-0.01,-0.3,15878.64,5251.3853
000999.SZ,20051222,3.21,3.37,3.19,3.32,3.23,0.09,2.79,29724.37,9761.919
000999.SZ,20051221,3.3,3.33,3.22,3.23,3.28,-0.05,-1.52,7558.8,2459.2729
000999.SZ,20051220,3.33,3.34,3.26,3.28,3.32,-0.04,-1.2,10276.67,3380.0917
000999.SZ,20051219,3.32,3.35,3.3,3.32,3.32,0.0,0.0,9177.58,3053.3361
000999.SZ,20051216,3.33,3.35,3.3,3.32,3.32,0.0,0.0,9817.6,3258.296
000999.SZ,20051215,3.35,3.37,3.3,3.32,3.34,-0.02,-0.6,14924.22,4972.5844
000999.SZ,20051214,3.21,3.34,3.18,3.34,3.22,0.12,3.73,26375.6,8705.6762
000999.SZ,20051213,3.24,3.24,3.19,3.22,3.27,-0.05,-1.53,11367.3,3647.518
000999.SZ,20051212,3.25,3.29,3.2,3.27,3.24,0.03,0.93,8544.65,2784.9209
000999.SZ,20051209,3.25,3.26,3.17,3.24,3.22,0.02,0.62,9081.24,2917.1989
000999.SZ,20051208,3.28,3.28,3.19,3.22,3.23,-0.01,-0.31,5815.63,1870.1319
000999.SZ,20051207,3.29,3.29,3.2,3.23,3.19,0.04,1.25,6074.7,1964.9776
000999.SZ,20051206,3.14,3.2,3.14,3.19,3.16,0.03,0.95,5990.6,1900.5073
000999.SZ,20051205,3.31,3.31,3.1,3.16,3.35,-0.19,-5.67,20426.43,6488.7587
000999.SZ,20051201,3.32,3.36,3.28,3.35,3.34,0.01,0.3,11326.99,3755.1261
000999.SZ,20051130,3.35,3.35,3.29,3.34,3.35,-0.01,-0.3,11625.35,3855.6797
000999.SZ,20051129,3.45,3.45,3.34,3.35,3.45,-0.1,-2.9,12919.1,4362.533
000999.SZ,20051128,3.48,3.48,3.41,3.45,3.49,-0.04,-1.15,7310.36,2519.8381
000999.SZ,20051125,3.55,3.55,3.46,3.49,3.53,-0.04,-1.13,5916.31,2063.1043
000999.SZ,20051124,3.52,3.55,3.49,3.53,3.52,0.01,0.28,11416.57,4023.098
000999.SZ,20051123,3.44,3.52,3.43,3.52,3.47,0.05,1.44,9850.16,3436.5134
000999.SZ,20051122,3.52,3.56,3.46,3.47,3.52,-0.05,-1.42,16248.81,5718.4106
000999.SZ,20051121,3.53,3.56,3.49,3.52,3.52,0.0,0.0,14225.88,5028.9176
000999.SZ,20051118,3.42,3.54,3.4,3.52,3.43,0.09,2.62,17243.21,6020.8983
000999.SZ,20051117,3.47,3.5,3.42,3.43,3.47,-0.04,-1.15,5847.61,2021.1689
000999.SZ,20051116,3.43,3.48,3.37,3.47,3.43,0.04,1.17,8401.2,2864.3022
000999.SZ,20051115,3.46,3.52,3.42,3.43,3.46,-0.03,-0.87,7056.42,2441.8089
000999.SZ,20051114,3.47,3.5,3.41,3.46,3.5,-0.04,-1.14,8518.34,2934.1525
000999.SZ,20051111,3.45,3.52,3.37,3.5,3.45,0.05,1.45,18500.4,6379.1268
000999.SZ,20051110,3.62,3.62,3.43,3.45,3.63,-0.18,-4.96,23951.83,8396.2211
000999.SZ,20051109,3.64,3.7,3.54,3.63,3.6,0.03,0.83,36575.6,13328.4253
000999.SZ,20051108,3.63,3.66,3.58,3.6,3.61,-0.01,-0.28,21037.79,7613.9262
000999.SZ,20051107,3.57,3.67,3.55,3.61,3.57,0.04,1.12,25815.7,9338.5362
000999.SZ,20051104,3.48,3.63,3.48,3.57,3.46,0.11,3.18,27604.6,9841.4787
000999.SZ,20051103,3.53,3.58,3.42,3.46,3.5,-0.04,-1.14,23491.81,8249.8563
000999.SZ,20051102,3.46,3.69,3.45,3.5,3.35,0.15,4.48,29905.78,10476.7346
000999.SZ,20051101,3.36,3.36,3.26,3.35,3.36,-0.01,-0.3,6883.7,2281.7622
000999.SZ,20051031,3.3,3.43,3.3,3.36,3.26,0.1,3.07,17496.1,5911.8839
000999.SZ,20051028,3.3,3.36,3.22,3.26,3.32,-0.06,-1.81,13177.65,4315.4445
000999.SZ,20051027,3.44,3.44,3.29,3.32,3.45,-0.13,-3.77,18251.1,6156.8397
000999.SZ,20051026,3.46,3.58,3.44,3.45,3.49,-0.04,-1.15,17476.3,6110.7894
000999.SZ,20051025,3.6,3.6,3.48,3.49,3.61,-0.12,-3.32,12449.85,4397.679
000999.SZ,20051024,3.57,3.65,3.56,3.61,3.6,0.01,0.28,15373.93,5565.3416
000999.SZ,20051021,3.5,3.63,3.43,3.6,3.47,0.13,3.75,19963.15,7074.4531
000999.SZ,20051020,3.51,3.52,3.4,3.47,3.53,-0.06,-1.7,14868.5,5141.4783
000999.SZ,20051019,3.61,3.62,3.5,3.53,3.59,-0.06,-1.67,16954.47,6058.8892
000999.SZ,20051018,3.45,3.63,3.45,3.59,3.45,0.14,4.06,28962.08,10376.0552
000999.SZ,20051017,3.52,3.56,3.41,3.45,3.52,-0.07,-1.99,20393.56,7064.9954
000999.SZ,20051014,3.66,3.7,3.5,3.52,3.67,-0.15,-4.09,23409.0,8413.2431
000999.SZ,20051013,3.8,3.8,3.66,3.67,3.78,-0.11,-2.91,12605.0,4687.226
000999.SZ,20051012,3.76,3.83,3.7,3.78,3.76,0.02,0.53,11992.64,4500.216
000999.SZ,20051011,3.65,3.78,3.65,3.76,3.66,0.1,2.73,10507.15,3898.3211
000999.SZ,20051010,3.66,3.68,3.62,3.66,3.64,0.02,0.55,9770.22,3563.0527
000999.SZ,20050930,3.71,3.76,3.63,3.64,3.7,-0.06,-1.62,10270.62,3768.494
000999.SZ,20050929,3.64,3.7,3.6,3.7,3.64,0.06,1.65,14931.27,5490.6391
000999.SZ,20050928,3.62,3.67,3.6,3.64,3.62,0.02,0.55,15603.08,5661.1778
000999.SZ,20050927,3.78,3.81,3.61,3.62,3.78,-0.16,-4.23,22365.92,8215.6969
000999.SZ,20050926,3.77,3.83,3.73,3.78,3.77,0.01,0.27,15039.59,5670.3721
000999.SZ,20050923,3.88,3.95,3.72,3.77,3.9,-0.13,-3.33,29581.77,11276.674
000999.SZ,20050922,4.08,4.13,3.88,3.9,4.06,-0.16,-3.94,40457.72,16139.4526
000999.SZ,20050921,4.2,4.2,4.04,4.06,4.2,-0.14,-3.33,38352.26,15718.2938
000999.SZ,20050920,4.13,4.33,4.11,4.2,4.12,0.08,1.94,92014.42,38793.4721
000999.SZ,20050919,4.12,4.13,4.05,4.12,4.1,0.02,0.49,27232.89,11144.7487
000999.SZ,20050916,4.08,4.13,4.03,4.1,4.08,0.02,0.49,29869.94,12186.8782
000999.SZ,20050915,4.11,4.12,4.05,4.08,4.11,-0.03,-0.73,34698.48,14134.3077
000999.SZ,20050914,4.12,4.15,4.05,4.11,4.12,-0.01,-0.24,32143.45,13198.7681
000999.SZ,20050913,4.02,4.14,3.99,4.12,4.01,0.11,2.74,35459.43,14453.2196
000999.SZ,20050912,4.02,4.05,3.97,4.01,4.04,-0.03,-0.74,18614.24,7452.1379
000999.SZ,20050909,4.13,4.13,3.98,4.04,4.14,-0.1,-2.42,37076.81,15000.867
000999.SZ,20050908,4.02,4.23,3.96,4.14,3.99,0.15,3.76,103138.68,42459.9669
000999.SZ,20050907,3.86,3.99,3.81,3.99,3.86,0.13,3.37,33776.12,13238.7284
000999.SZ,20050906,4.03,4.03,3.85,3.86,4.03,-0.17,-4.22,32312.17,12762.8936
000999.SZ,20050905,4.05,4.05,3.94,4.03,4.01,0.02,0.5,29528.04,11799.9647
000999.SZ,20050902,3.97,4.04,3.9,4.01,3.97,0.04,1.01,46170.67,18381.0808
000999.SZ,20050901,3.95,4.05,3.93,3.97,3.86,0.11,2.85,78775.32,31396.253
000999.SZ,20050831,3.75,3.9,3.72,3.86,3.75,0.11,2.93,26137.6,9977.5259
000999.SZ,20050830,3.88,3.88,3.74,3.75,3.87,-0.12,-3.1,25506.52,9717.149
000999.SZ,20050829,4.0,4.03,3.85,3.87,4.0,-0.13,-3.25,30184.31,11791.5599
000999.SZ,20050826,3.92,4.02,3.87,4.0,3.93,0.07,1.78,39837.61,15733.8114
000999.SZ,20050825,4.0,4.01,3.84,3.93,4.02,-0.09,-2.24,51577.47,20112.0734
000999.SZ,20050824,4.04,4.08,3.93,4.02,4.05,-0.03,-0.74,84077.46,33771.8061
000999.SZ,20050823,4.08,4.12,3.97,4.05,4.04,0.01,0.25,64725.88,26167.5981
000999.SZ,20050822,3.9,4.1,3.88,4.04,3.86,0.18,4.66,85573.31,34405.6416
000999.SZ,20050819,3.78,3.94,3.73,3.86,3.78,0.08,2.12,49833.9,19055.5408
000999.SZ,20050818,4.03,4.07,3.78,3.78,4.03,-0.25,-6.2,82282.9,32482.9956
000999.SZ,20050817,3.98,4.04,3.82,4.03,4.01,0.02,0.5,76539.55,29954.7945
000999.SZ,20050816,4.09,4.17,3.96,4.01,4.08,-0.07,-1.72,86563.94,35038.7486
000999.SZ,20050815,4.0,4.12,3.88,4.08,4.05,0.03,0.74,112867.18,45408.453
000999.SZ,20050812,3.95,4.17,3.92,4.05,3.9,0.15,3.85,168135.92,67974.5604
000999.SZ,20050811,3.73,4.01,3.63,3.9,3.7,0.2,5.41,94758.79,36316.1382
000999.SZ,20050810,3.6,3.71,3.54,3.7,3.6,0.1,2.78,42327.25,15372.0081
000999.SZ,20050809,3.6,3.62,3.51,3.6,3.57,0.03,0.84,29125.2,10360.6498
000999.SZ,20050808,3.6,3.69,3.53,3.57,3.59,-0.02,-0.56,41060.91,14883.4914
000999.SZ,20050805,3.49,3.67,3.45,3.59,3.47,0.12,3.46,37391.41,13316.3464
000999.SZ,20050804,3.42,3.49,3.4,3.47,3.42,0.05,1.46,19701.75,6777.9394
000999.SZ,20050803,3.35,3.5,3.32,3.42,3.35,0.07,2.09,36005.49,12368.0785
000999.SZ,20050802,3.33,3.35,3.26,3.35,3.33,0.02,0.6,14136.12,4666.1633
000999.SZ,20050801,3.31,3.37,3.29,3.33,3.31,0.02,0.6,7463.46,2478.6652
000999.SZ,20050729,3.38,3.38,3.29,3.31,3.39,-0.08,-2.36,8830.01,2932.4039
000999.SZ,20050728,3.36,3.42,3.33,3.39,3.37,0.02,0.59,14328.82,4826.5593
000999.SZ,20050727,3.32,3.38,3.3,3.37,3.34,0.03,0.9,16051.72,5345.2429
000999.SZ,20050726,3.31,3.4,3.31,3.34,3.32,0.02,0.6,11157.42,3740.5903
000999.SZ,20050725,3.28,3.35,3.25,3.32,3.28,0.04,1.22,6465.25,2143.0397
000999.SZ,20050722,3.17,3.34,3.17,3.28,3.17,0.11,3.47,11270.55,3694.4616
000999.SZ,20050721,3.24,3.25,3.14,3.17,3.25,-0.08,-2.46,4414.19,1404.3282
000999.SZ,20050720,3.17,3.26,3.16,3.25,3.16,0.09,2.85,6611.67,2137.7384
000999.SZ,20050719,3.17,3.19,3.11,3.16,3.19,-0.03,-0.94,6431.27,2025.4418
000999.SZ,20050718,3.17,3.22,3.13,3.19,3.17,0.02,0.63,4702.83,1492.0161
000999.SZ,20050715,3.28,3.32,3.17,3.17,3.28,-0.11,-3.35,5920.48,1911.8061
000999.SZ,20050714,3.26,3.35,3.26,3.28,3.29,-0.01,-0.3,4088.1,1349.302
000999.SZ,20050713,3.3,3.34,3.25,3.29,3.3,-0.01,-0.3,8228.12,2716.2598
000999.SZ,20050712,3.12,3.33,3.12,3.3,3.16,0.14,4.43,10605.59,3451.656
000999.SZ,20050711,3.21,3.26,3.15,3.16,3.13,0.03,0.96,7371.32,2353.7351
000999.SZ,20050708,3.27,3.27,3.13,3.13,3.27,-0.14,-4.28,10466.5,3335.4699
000999.SZ,20050707,3.31,3.34,3.25,3.27,3.31,-0.04,-1.21,5334.71,1757.9984
000999.SZ,20050706,3.28,3.34,3.26,3.31,3.28,0.03,0.91,8011.93,2639.728
000999.SZ,20050705,3.33,3.35,3.2,3.28,3.31,-0.03,-0.91,5009.52,1635.6183
000999.SZ,20050704,3.41,3.46,3.15,3.31,3.44,-0.13,-3.78,29223.24,9586.8713
000999.SZ,20050701,3.52,3.58,3.42,3.44,3.53,-0.09,-2.55,19978.4,6964.726
000999.SZ,20050630,3.57,3.59,3.48,3.53,3.57,-0.04,-1.12,12675.84,4478.955
000999.SZ,20050629,3.62,3.64,3.53,3.57,3.65,-0.08,-2.19,18072.58,6460.9039
000999.SZ,20050628,3.7,3.79,3.59,3.65,3.65,0.0,0.0,42032.72,15560.025
000999.SZ,20050624,3.46,3.65,3.43,3.65,3.48,0.17,4.89,24048.05,8589.1455
000999.SZ,20050623,3.59,3.6,3.46,3.48,3.6,-0.12,-3.33,15423.59,5452.1123
000999.SZ,20050622,3.67,3.67,3.54,3.6,3.69,-0.09,-2.44,26440.47,9521.1615
000999.SZ,20050621,3.66,3.71,3.59,3.69,3.67,0.02,0.55,30826.86,11287.3041
000999.SZ,20050620,3.61,3.7,3.54,3.67,3.64,0.03,0.82,31509.96,11453.9423
000999.SZ,20050617,3.56,3.72,3.51,3.64,3.52,0.12,3.41,96650.72,35286.7415
000999.SZ,20050616,3.44,3.54,3.4,3.52,3.44,0.08,2.33,19669.03,6821.3583
000999.SZ,20050615,3.4,3.54,3.36,3.44,3.42,0.02,0.58,28389.2,9871.4329
000999.SZ,20050614,3.54,3.57,3.42,3.42,3.52,-0.1,-2.84,22406.28,7859.1142
000999.SZ,20050613,3.4,3.55,3.37,3.52,3.4,0.12,3.53,39055.55,13574.8877
000999.SZ,20050610,3.46,3.47,3.35,3.4,3.48,-0.08,-2.3,19450.38,6632.807
000999.SZ,20050609,3.43,3.54,3.33,3.48,3.43,0.05,1.46,39313.38,13462.9102
000999.SZ,20050608,3.19,3.45,3.17,3.43,3.2,0.23,7.19,38013.24,12785.1765
000999.SZ,20050607,3.31,3.31,3.2,3.2,3.24,-0.04,-1.23,10463.85,3399.0838
000999.SZ,20050606,3.21,3.26,3.11,3.24,3.17,0.07,2.21,7623.13,2428.1759
000999.SZ,20050603,3.23,3.24,3.08,3.17,3.21,-0.04,-1.25,12646.9,3994.9416
000999.SZ,20050602,3.2,3.25,3.18,3.21,3.24,-0.03,-0.93,7106.03,2285.6526
000999.SZ,20050601,3.39,3.4,3.2,3.24,3.41,-0.17,-4.99,17111.99,5614.0897
000999.SZ,20050531,3.44,3.47,3.37,3.41,3.39,0.02,0.59,14407.14,4945.1588
000999.SZ,20050530,3.32,3.42,3.32,3.39,3.37,0.02,0.59,8872.9,3002.3317
000999.SZ,20050527,3.49,3.49,3.33,3.37,3.37,0.0,0.0,11784.72,4018.8908
000999.SZ,20050525,3.35,3.46,3.34,3.37,3.4,-0.03,-0.88,9002.06,3070.0377
000999.SZ,20050524,3.25,3.4,3.25,3.4,3.28,0.12,3.66,12100.76,4037.0068
000999.SZ,20050523,3.38,3.4,3.27,3.28,3.42,-0.14,-4.09,11025.12,3645.675
000999.SZ,20050520,3.45,3.5,3.41,3.42,3.48,-0.06,-1.72,18377.18,6339.3267
000999.SZ,20050519,3.4,3.5,3.32,3.48,3.37,0.11,3.26,26287.02,9037.2404
000999.SZ,20050518,3.37,3.42,3.3,3.37,3.34,0.03,0.9,11537.76,3881.5295
000999.SZ,20050517,3.29,3.37,3.26,3.34,3.29,0.05,1.52,12296.28,4097.2667
000999.SZ,20050516,3.37,3.39,3.25,3.29,3.37,-0.08,-2.37,12734.17,4191.8441
000999.SZ,20050513,3.38,3.42,3.31,3.37,3.39,-0.02,-0.59,11578.3,3901.3913
000999.SZ,20050512,3.33,3.43,3.25,3.39,3.38,0.01,0.3,11960.95,3984.1087
000999.SZ,20050511,3.4,3.58,3.37,3.38,3.41,-0.03,-0.88,30711.36,10684.3457
000999.SZ,20050510,3.24,3.41,3.2,3.41,3.24,0.17,5.25,32201.14,10686.2852
000999.SZ,20050509,3.25,3.39,3.16,3.24,3.15,0.09,2.86,30698.51,10057.1412
000999.SZ,20050429,3.22,3.3,3.15,3.15,3.22,-0.07,-2.17,20990.74,6780.9773
000999.SZ,20050428,3.1,3.26,3.1,3.22,3.18,0.04,1.26,21736.09,6966.4055
000999.SZ,20050427,3.1,3.25,3.01,3.18,3.07,0.11,3.58,34772.72,10980.2399
000999.SZ,20050426,2.7,3.12,2.7,3.07,2.93,0.14,4.78,37826.39,11179.9399
000999.SZ,20050425,3.08,3.09,2.86,2.93,3.09,-0.16,-5.18,21441.79,6275.1184
000999.SZ,20050422,3.19,3.24,3.05,3.09,3.19,-0.1,-3.13,18830.91,5888.6486
000999.SZ,20050421,3.31,3.32,3.17,3.19,3.34,-0.15,-4.49,15190.17,4876.9126
000999.SZ,20050420,3.28,3.45,3.16,3.34,3.25,0.09,2.77,18421.89,6026.8921
000999.SZ,20050419,3.32,3.35,3.16,3.25,3.32,-0.07,-2.11,15282.7,4974.6925
000999.SZ,20050418,3.3,3.41,3.28,3.32,3.35,-0.03,-0.9,9814.95,3285.7982
000999.SZ,20050415,3.46,3.48,3.26,3.35,3.46,-0.11,-3.18,28406.75,9506.6701
000999.SZ,20050414,3.67,3.74,3.44,3.46,3.69,-0.23,-6.23,31023.42,11105.9718
000999.SZ,20050413,3.65,3.76,3.62,3.69,3.62,0.07,1.93,35845.28,13204.1898
000999.SZ,20050412,3.65,3.75,3.54,3.62,3.68,-0.06,-1.63,33040.41,12023.5828
000999.SZ,20050411,3.5,3.79,3.45,3.68,3.52,0.16,4.55,58706.34,21361.3569
000999.SZ,20050408,3.55,3.55,3.43,3.52,3.53,-0.01,-0.28,21328.85,7447.0746
000999.SZ,20050407,3.5,3.68,3.4,3.53,3.48,0.05,1.44,36577.96,13030.5004
000999.SZ,20050406,3.4,3.54,3.29,3.48,3.42,0.06,1.75,31727.23,10792.5455
000999.SZ,20050405,3.35,3.48,3.24,3.42,3.41,0.01,0.29,26080.04,8808.4967
000999.SZ,20050404,3.55,3.65,3.39,3.41,3.51,-0.1,-2.85,60531.67,21412.5252
000999.SZ,20050331,3.4,3.72,3.2,3.51,3.39,0.12,3.54,85489.67,29673.386
000999.SZ,20050329,3.11,3.42,3.06,3.39,3.11,0.28,9.0,69517.39,23188.9452
000999.SZ,20050328,3.1,3.15,3.05,3.11,3.14,-0.03,-0.96,8700.98,2683.5183
000999.SZ,20050325,3.17,3.17,3.1,3.14,3.17,-0.03,-0.95,5240.56,1643.9683
000999.SZ,20050324,3.11,3.18,3.06,3.17,3.11,0.06,1.93,7337.74,2285.8305
000999.SZ,20050323,3.05,3.17,3.04,3.11,3.08,0.03,0.97,8192.58,2532.9492
000999.SZ,20050322,3.2,3.2,3.05,3.08,3.2,-0.12,-3.75,12256.54,3808.4355
000999.SZ,20050321,3.25,3.3,3.13,3.2,3.26,-0.06,-1.84,9133.64,2903.6338
000999.SZ,20050318,3.41,3.41,3.23,3.26,3.42,-0.16,-4.68,14852.39,4921.3534
000999.SZ,20050317,3.35,3.5,3.32,3.42,3.3,0.12,3.64,24249.06,8298.6095
000999.SZ,20050316,3.31,3.35,3.25,3.3,3.31,-0.01,-0.3,8147.52,2683.5931
000999.SZ,20050315,3.26,3.42,3.26,3.31,3.28,0.03,0.91,16914.93,5644.5294
000999.SZ,20050314,3.45,3.45,3.27,3.28,3.43,-0.15,-4.37,19018.6,6365.9816
000999.SZ,20050311,3.42,3.46,3.38,3.43,3.42,0.01,0.29,8688.19,2981.8315
000999.SZ,20050310,3.57,3.57,3.38,3.42,3.57,-0.15,-4.2,12390.7,4306.7596
000999.SZ,20050309,3.53,3.6,3.53,3.57,3.53,0.04,1.13,15207.9,5420.9961
000999.SZ,20050308,3.47,3.53,3.46,3.53,3.47,0.06,1.73,13988.46,4892.8416
000999.SZ,20050307,3.48,3.54,3.45,3.47,3.5,-0.03,-0.86,9826.3,3420.0084
000999.SZ,20050304,3.55,3.55,3.49,3.5,3.55,-0.05,-1.41,12971.71,4553.8816
000999.SZ,20050303,3.61,3.62,3.49,3.55,3.62,-0.07,-1.93,18610.7,6596.6848
000999.SZ,20050302,3.69,3.74,3.61,3.62,3.68,-0.06,-1.63,17348.2,6364.979
000999.SZ,20050301,3.7,3.72,3.61,3.68,3.7,-0.02,-0.54,27415.47,10013.6056
000999.SZ,20050228,3.55,3.78,3.55,3.7,3.51,0.19,5.41,84840.39,31161.2378
000999.SZ,20050225,3.47,3.53,3.43,3.51,3.46,0.05,1.45,37517.4,13082.2279
000999.SZ,20050224,3.52,3.52,3.39,3.46,3.53,-0.07,-1.98,27401.7,9433.0598
000999.SZ,20050223,3.49,3.56,3.37,3.53,3.48,0.05,1.44,32399.86,11353.7463
000999.SZ,20050222,3.35,3.49,3.3,3.48,3.35,0.13,3.88,36851.41,12563.7877
000999.SZ,20050221,3.29,3.36,3.27,3.35,3.29,0.06,1.82,19550.0,6496.547
000999.SZ,20050218,3.3,3.36,3.24,3.29,3.3,-0.01,-0.3,29309.01,9665.1037
000999.SZ,20050217,3.11,3.35,3.1,3.3,3.15,0.15,4.76,51452.07,16612.7104
000999.SZ,20050216,3.03,3.23,3.03,3.15,3.2,-0.05,-1.56,59270.75,18483.5678
000999.SZ,20050204,3.2,3.2,3.2,3.2,3.56,-0.36,-10.11,10050.0,3216.0
000999.SZ,20050203,3.7,3.75,3.54,3.56,3.67,-0.11,-3.0,15055.0,5450.2204
000999.SZ,20050202,3.55,3.68,3.5,3.67,3.47,0.2,5.76,10382.87,3745.9294
000999.SZ,20050201,3.47,3.55,3.46,3.47,3.47,0.0,0.0,9721.51,3406.6033
000999.SZ,20050131,3.75,3.75,3.45,3.47,3.74,-0.27,-7.22,14545.14,5128.5288
000999.SZ,20050128,3.82,3.83,3.72,3.74,3.83,-0.09,-2.35,6630.29,2499.7654
000999.SZ,20050127,3.83,3.89,3.8,3.83,3.87,-0.04,-1.03,6317.22,2433.5575
000999.SZ,20050126,3.9,3.95,3.86,3.87,3.94,-0.07,-1.78,4624.6,1799.7484
000999.SZ,20050125,3.91,3.98,3.88,3.94,3.96,-0.02,-0.51,8061.28,3164.8905
000999.SZ,20050124,3.98,4.0,3.9,3.96,3.89,0.07,1.8,14499.25,5720.3876
000999.SZ,20050121,3.78,3.9,3.74,3.89,3.77,0.12,3.18,9733.55,3730.2124
000999.SZ,20050120,3.8,3.83,3.75,3.77,3.84,-0.07,-1.82,4487.07,1697.5555
000999.SZ,20050119,3.87,3.87,3.8,3.84,3.86,-0.02,-0.52,3216.0,1232.9603
000999.SZ,20050118,3.8,3.87,3.7,3.86,3.77,0.09,2.39,5390.36,2036.6804
000999.SZ,20050117,3.85,3.86,3.76,3.77,3.9,-0.13,-3.33,8280.4,3144.4405
000999.SZ,20050114,3.96,3.96,3.86,3.9,3.92,-0.02,-0.51,5973.02,2332.802
000999.SZ,20050113,3.9,3.93,3.86,3.92,3.9,0.02,0.51,4879.51,1901.6263
000999.SZ,20050112,3.93,3.93,3.85,3.9,3.9,0.0,0.0,4131.0,1601.4022
000999.SZ,20050111,3.97,4.0,3.87,3.9,3.93,-0.03,-0.76,5127.34,2002.2328
000999.SZ,20050110,3.88,3.95,3.83,3.93,3.86,0.07,1.81,5653.96,2211.6045
000999.SZ,20050107,3.83,3.91,3.8,3.86,3.83,0.03,0.78,4012.92,1549.2592
000999.SZ,20050106,3.87,3.89,3.78,3.83,3.88,-0.05,-1.29,5059.7,1938.8577
000999.SZ,20050105,3.79,3.94,3.75,3.88,3.79,0.09,2.37,6731.57,2597.4364
000999.SZ,20050104,3.76,3.83,3.74,3.79,3.76,0.03,0.8,7820.9,2964.1025
000999.SZ,20041231,3.91,3.97,3.7,3.76,3.89,-0.13,-3.34,24171.89,9174.57
000999.SZ,20041230,4.2,4.2,3.86,3.89,4.2,-0.31,-7.38,21264.86,8551.4069
000999.SZ,20041229,4.27,4.27,4.16,4.2,4.23,-0.03,-0.71,6691.3,2813.0819
000999.SZ,20041228,4.3,4.32,4.2,4.23,4.3,-0.07,-1.63,6019.6,2550.9289
000999.SZ,20041227,4.31,4.32,4.26,4.3,4.3,0.0,0.0,4988.4,2139.379
000999.SZ,20041224,4.36,4.36,4.26,4.3,4.3,0.0,0.0,9823.01,4227.5621
000999.SZ,20041223,4.46,4.46,4.3,4.3,4.38,-0.08,-1.83,6331.0,2753.367
000999.SZ,20041222,4.25,4.39,4.25,4.38,4.24,0.14,3.3,12419.97,5385.8467
000999.SZ,20041221,4.21,4.28,4.21,4.24,4.21,0.03,0.71,3892.35,1655.6604
000999.SZ,20041220,4.17,4.29,4.17,4.21,4.19,0.02,0.48,7373.07,3126.2233
000999.SZ,20041217,4.2,4.21,4.15,4.19,4.22,-0.03,-0.71,8638.61,3608.7434
000999.SZ,20041216,4.29,4.29,4.2,4.22,4.27,-0.05,-1.17,9628.88,4067.1587
000999.SZ,20041215,4.3,4.31,4.2,4.27,4.29,-0.02,-0.47,11109.47,4716.0526
000999.SZ,20041214,4.4,4.4,4.27,4.29,4.39,-0.1,-2.28,9404.17,4070.4492
000999.SZ,20041213,4.39,4.4,4.32,4.39,4.42,-0.03,-0.68,9093.32,3956.9669
000999.SZ,20041210,4.62,4.63,4.4,4.42,4.57,-0.15,-3.28,19797.8,8932.2744
000999.SZ,20041209,4.54,4.6,4.45,4.57,4.5,0.07,1.56,11977.79,5451.5855
000999.SZ,20041208,4.5,4.55,4.44,4.5,4.48,0.02,0.45,14281.89,6405.4422
000999.SZ,20041207,4.54,4.59,4.47,4.48,4.58,-0.1,-2.18,11335.2,5120.1122
000999.SZ,20041206,4.62,4.66,4.51,4.58,4.62,-0.04,-0.87,10711.84,4892.5467
000999.SZ,20041203,4.52,4.7,4.52,4.62,4.52,0.1,2.21,15654.96,7249.1637
000999.SZ,20041202,4.47,4.53,4.43,4.52,4.48,0.04,0.89,10863.76,4870.4185
000999.SZ,20041201,4.57,4.58,4.48,4.48,4.51,-0.03,-0.67,6815.29,3067.8788
000999.SZ,20041130,4.5,4.55,4.46,4.51,4.62,-0.11,-2.38,11681.61,5258.2025
000999.SZ,20041126,4.62,4.7,4.54,4.62,4.63,-0.01,-0.22,10774.63,4992.697
000999.SZ,20041125,4.62,4.7,4.48,4.63,4.64,-0.01,-0.22,20469.92,9336.2643
000999.SZ,20041124,4.82,5.0,4.64,4.64,4.74,-0.1,-2.11,50732.58,24621.8606
000999.SZ,20041123,4.71,4.74,4.61,4.74,4.72,0.02,0.42,21987.21,10284.9747
000999.SZ,20041122,4.6,4.75,4.58,4.72,4.6,0.12,2.61,29212.9,13649.9401
000999.SZ,20041119,4.48,4.62,4.46,4.6,4.48,0.12,2.68,22281.24,10200.8503
000999.SZ,20041118,4.41,4.49,4.36,4.48,4.41,0.07,1.59,8066.84,3583.4575
000999.SZ,20041117,4.5,4.51,4.4,4.41,4.51,-0.1,-2.22,11045.15,4905.8492
000999.SZ,20041116,4.6,4.61,4.48,4.51,4.6,-0.09,-1.96,12211.77,5527.241
000999.SZ,20041115,4.54,4.61,4.5,4.6,4.47,0.13,2.91,14043.16,6392.4674
000999.SZ,20041112,4.48,4.63,4.45,4.47,4.5,-0.03,-0.67,15976.3,7232.3408
000999.SZ,20041111,4.55,4.64,4.45,4.5,4.52,-0.02,-0.44,36190.01,16469.0077
000999.SZ,20041110,4.36,4.53,4.3,4.52,4.36,0.16,3.67,23333.29,10390.6684
000999.SZ,20041109,4.33,4.37,4.3,4.36,4.3,0.06,1.4,9145.97,3966.2981
000999.SZ,20041108,4.28,4.35,4.2,4.3,4.29,0.01,0.23,6098.35,2603.3254
000999.SZ,20041105,4.38,4.38,4.23,4.29,4.32,-0.03,-0.69,11525.21,4932.1899
000999.SZ,20041104,4.45,4.5,4.25,4.32,4.45,-0.13,-2.92,13678.95,5983.791
000999.SZ,20041103,4.33,4.46,4.33,4.45,4.33,0.12,2.77,14900.87,6563.5076
000999.SZ,20041102,4.35,4.39,4.26,4.33,4.36,-0.03,-0.69,10846.76,4696.2237
000999.SZ,20041101,4.25,4.39,4.2,4.36,4.26,0.1,2.35,13204.95,5734.4051
000999.SZ,20041029,4.3,4.37,4.25,4.26,4.4,-0.14,-3.18,17198.88,7413.9698
000999.SZ,20041028,4.48,4.58,4.37,4.4,4.48,-0.08,-1.79,23760.81,10629.2751
000999.SZ,20041027,4.39,4.49,4.26,4.48,4.39,0.09,2.05,25802.68,11277.5378
000999.SZ,20041026,4.26,4.41,4.18,4.39,4.29,0.1,2.33,23233.96,9904.968
000999.SZ,20041025,4.55,4.6,4.23,4.29,4.54,-0.25,-5.51,30784.16,13400.8434
000999.SZ,20041022,4.9,4.9,4.42,4.54,4.91,-0.37,-7.54,63541.5,28725.8657
000999.SZ,20041021,5.01,5.07,4.9,4.91,5.0,-0.09,-1.8,14306.75,7074.2259
000999.SZ,20041020,5.08,5.08,4.93,5.0,5.09,-0.09,-1.77,11393.07,5668.6061
000999.SZ,20041019,5.15,5.24,5.04,5.09,5.05,0.04,0.79,32736.77,16840.7405
000999.SZ,20041018,4.96,5.06,4.88,5.05,4.96,0.09,1.81,23954.48,11911.6438
000999.SZ,20041015,4.94,5.05,4.87,4.96,4.9,0.06,1.22,20587.86,10163.6969
000999.SZ,20041014,5.18,5.2,4.88,4.9,5.18,-0.28,-5.41,21970.89,11046.4634
000999.SZ,20041013,5.2,5.28,5.1,5.18,5.25,-0.07,-1.33,18044.53,9361.2208
000999.SZ,20041012,5.5,5.5,5.16,5.25,5.51,-0.26,-4.72,29728.93,15773.4222
000999.SZ,20041011,5.57,5.65,5.46,5.51,5.57,-0.06,-1.08,25800.64,14305.4263
000999.SZ,20041008,5.44,5.59,5.3,5.57,5.42,0.15,2.77,15776.83,8618.8944
000999.SZ,20040930,5.5,5.53,5.34,5.42,5.45,-0.03,-0.55,11456.45,6208.6364
000999.SZ,20040929,5.6,5.63,5.43,5.45,5.58,-0.13,-2.33,17361.17,9567.7744
000999.SZ,20040928,5.56,5.63,5.48,5.58,5.55,0.03,0.54,16383.35,9092.0357
000999.SZ,20040927,5.75,5.86,5.52,5.55,5.69,-0.14,-2.46,25294.55,14384.1438
000999.SZ,20040924,6.0,6.09,5.62,5.69,6.0,-0.31,-5.17,65242.03,38682.2631
000999.SZ,20040923,5.86,6.03,5.75,6.0,5.86,0.14,2.39,35295.43,20924.7067
000999.SZ,20040922,5.88,5.97,5.75,5.86,5.9,-0.04,-0.68,39779.99,23330.6054
000999.SZ,20040921,6.08,6.1,5.82,5.9,6.05,-0.15,-2.48,72110.48,43039.0324
000999.SZ,20040920,5.65,6.05,5.54,6.05,5.6,0.45,8.04,100247.22,58409.7034
000999.SZ,20040917,5.4,5.6,5.4,5.6,5.4,0.2,3.7,67628.02,37312.4047
000999.SZ,20040916,5.32,5.42,5.25,5.4,5.31,0.09,1.69,34836.93,18639.6451
000999.SZ,20040915,5.15,5.49,5.12,5.31,5.13,0.18,3.51,39499.46,21052.4776
000999.SZ,20040914,4.85,5.15,4.85,5.13,4.98,0.15,3.01,13418.22,6817.0114
000999.SZ,20040910,5.0,5.02,4.9,4.98,5.01,-0.03,-0.6,5403.11,2677.6403
000999.SZ,20040909,5.12,5.12,4.98,5.01,5.14,-0.13,-2.53,10785.59,5426.5973
000999.SZ,20040908,5.13,5.18,5.11,5.14,5.13,0.01,0.19,4664.65,2401.0029
000999.SZ,20040907,5.2,5.2,5.11,5.13,5.2,-0.07,-1.35,3625.24,1869.4509
000999.SZ,20040906,5.26,5.26,5.14,5.2,5.27,-0.07,-1.33,4193.2,2175.9152
000999.SZ,20040903,5.2,5.28,5.14,5.27,5.2,0.07,1.35,12606.57,6589.8414
000999.SZ,20040902,5.12,5.23,5.05,5.2,5.14,0.06,1.17,9867.63,5069.6588
000999.SZ,20040901,5.21,5.21,5.11,5.14,5.2,-0.06,-1.15,4849.35,2496.8369
000999.SZ,20040831,5.14,5.3,5.1,5.2,5.07,0.13,2.56,18267.27,9467.3983
000999.SZ,20040830,5.0,5.07,4.98,5.07,5.01,0.06,1.2,4544.98,2287.1312
000999.SZ,20040827,5.02,5.13,4.98,5.01,5.0,0.01,0.2,8351.65,4213.8126
000999.SZ,20040826,5.1,5.13,4.97,5.0,5.09,-0.09,-1.77,6362.0,3183.2695
000999.SZ,20040825,5.1,5.15,5.03,5.09,5.1,-0.01,-0.2,5375.09,2730.9475
000999.SZ,20040824,4.92,5.13,4.91,5.1,4.92,0.18,3.66,10184.13,5155.4351
000999.SZ,20040823,4.95,5.0,4.91,4.92,4.95,-0.03,-0.61,6520.0,3231.4267
000999.SZ,20040820,5.05,5.12,4.89,4.95,5.08,-0.13,-2.56,17749.69,8842.057
000999.SZ,20040819,5.28,5.28,5.04,5.08,5.27,-0.19,-3.61,14193.35,7261.2392
000999.SZ,20040818,5.36,5.42,5.23,5.27,5.37,-0.1,-1.86,8898.25,4760.8559
000999.SZ,20040817,5.32,5.39,5.25,5.37,5.32,0.05,0.94,8329.75,4445.4974
000999.SZ,20040816,5.22,5.34,5.11,5.32,5.2,0.12,2.31,10243.5,5370.0756
000999.SZ,20040813,5.2,5.24,5.11,5.2,5.2,0.0,0.0,12932.94,6694.2446
000999.SZ,20040812,5.25,5.26,5.09,5.2,5.27,-0.07,-1.33,14938.26,7720.8548
000999.SZ,20040811,5.35,5.4,5.25,5.27,5.35,-0.08,-1.5,11135.58,5918.5901
000999.SZ,20040810,5.43,5.47,5.3,5.35,5.41,-0.06,-1.11,11844.09,6332.4132
000999.SZ,20040809,5.3,5.44,5.25,5.41,5.33,0.08,1.5,7557.0,4059.7404
000999.SZ,20040806,5.45,5.53,5.28,5.33,5.51,-0.18,-3.27,20055.38,10755.3458
000999.SZ,20040805,5.46,5.64,5.44,5.51,5.45,0.06,1.1,22268.34,12331.7817
000999.SZ,20040804,5.25,5.52,5.25,5.45,5.27,0.18,3.42,22246.09,12087.4296
000999.SZ,20040803,5.35,5.45,5.2,5.27,5.35,-0.08,-1.5,15913.26,8467.2361
000999.SZ,20040802,5.6,5.65,5.32,5.35,5.62,-0.27,-4.8,27556.24,14986.5336
000999.SZ,20040730,5.79,5.79,5.6,5.62,5.79,-0.17,-2.94,29590.22,16751.6904
000999.SZ,20040729,5.69,5.81,5.6,5.79,5.69,0.1,1.76,42028.9,24000.9872
000999.SZ,20040728,5.85,5.85,5.54,5.69,5.89,-0.2,-3.4,67652.7,38308.4593
000999.SZ,20040727,5.55,5.9,5.48,5.89,5.45,0.44,8.07,91551.52,52521.0301
000999.SZ,20040726,5.35,5.65,5.26,5.45,5.27,0.18,3.42,52838.03,28885.2931
000999.SZ,20040723,5.31,5.32,5.16,5.27,5.31,-0.04,-0.75,33866.9,17788.0566
000999.SZ,20040722,5.15,5.32,5.12,5.31,5.12,0.19,3.71,39193.28,20532.4456
000999.SZ,20040721,5.06,5.12,5.03,5.12,5.06,0.06,1.19,13817.76,7000.8881
000999.SZ,20040720,5.18,5.18,5.0,5.06,5.18,-0.12,-2.32,18743.8,9499.5078
000999.SZ,20040719,5.25,5.26,5.14,5.18,5.21,-0.03,-0.58,14163.6,7350.6582
000999.SZ,20040716,5.1,5.24,5.06,5.21,5.07,0.14,2.76,32222.18,16610.024
000999.SZ,20040715,5.25,5.35,5.0,5.07,5.3,-0.23,-4.34,21473.68,10966.6631
000999.SZ,20040714,5.4,5.43,5.0,5.3,5.38,-0.08,-1.49,19037.94,9760.7352
000999.SZ,20040713,5.34,5.4,5.28,5.38,5.34,0.04,0.75,5122.17,2733.6497
000999.SZ,20040712,5.6,5.6,5.33,5.34,5.61,-0.27,-4.81,11223.0,6095.5293
000999.SZ,20040709,5.66,5.76,5.59,5.61,5.67,-0.06,-1.06,10986.77,6194.3404
000999.SZ,20040708,5.74,5.88,5.65,5.71,5.83,-0.12,-2.06,13063.33,7461.5203
000999.SZ,20040707,5.95,5.99,5.61,5.83,5.95,-0.12,-2.02,16500.89,9476.2566
000999.SZ,20040706,6.0,6.08,5.92,5.95,5.97,-0.02,-0.34,12237.44,7336.3934
000999.SZ,20040705,6.03,6.05,5.88,5.97,6.03,-0.06,-1.0,6739.6,4010.8544
000999.SZ,20040702,5.85,6.06,5.85,6.03,5.94,0.09,1.52,17752.08,10650.9323
000999.SZ,20040701,5.72,5.99,5.7,5.94,5.75,0.19,3.3,14766.76,8712.9925
000999.SZ,20040630,5.85,5.96,5.73,5.75,5.89,-0.14,-2.38,7888.0,4609.6028
000999.SZ,20040629,5.72,5.9,5.61,5.89,5.72,0.17,2.97,13471.47,7706.1725
000999.SZ,20040628,5.59,5.75,5.5,5.72,5.72,0.0,0.0,13874.5,7826.4801
000999.SZ,20040624,5.56,5.87,5.56,5.72,5.55,0.17,3.06,18384.72,10534.7462
000999.SZ,20040623,5.73,5.76,5.5,5.55,5.72,-0.17,-2.97,8563.71,4767.6627
000999.SZ,20040622,5.68,5.78,5.67,5.72,5.7,0.02,0.35,11682.8,6693.1096
000999.SZ,20040621,5.6,5.81,5.6,5.7,5.63,0.07,1.24,13097.15,7400.5064
000999.SZ,20040618,5.66,5.75,5.55,5.63,5.66,-0.03,-0.53,7000.82,3947.7304
000999.SZ,20040617,5.82,5.85,5.63,5.66,5.77,-0.11,-1.91,8600.35,4905.7725
000999.SZ,20040616,5.75,5.91,5.64,5.77,5.73,0.04,0.7,9263.9,5342.8795
000999.SZ,20040615,5.6,5.8,5.38,5.73,5.66,0.07,1.24,17893.67,10060.965
000999.SZ,20040614,5.91,5.91,5.62,5.66,5.92,-0.26,-4.39,11781.48,6691.1749
000999.SZ,20040611,5.88,6.08,5.85,5.92,5.86,0.06,1.02,14358.23,8543.7139
000999.SZ,20040610,5.91,5.97,5.8,5.86,5.92,-0.06,-1.01,10426.14,6122.0094
000999.SZ,20040609,6.11,6.18,5.9,5.92,6.12,-0.2,-3.27,11643.71,7008.1573
000999.SZ,20040608,6.18,6.18,6.05,6.12,6.14,-0.02,-0.33,8766.65,5342.0874
000999.SZ,20040607,6.25,6.25,6.03,6.14,6.25,-0.11,-1.76,16095.28,9866.4209
000999.SZ,20040604,6.22,6.35,6.22,6.25,6.31,-0.06,-0.95,8337.17,5224.079
000999.SZ,20040603,6.51,6.51,6.27,6.31,6.51,-0.2,-3.07,22673.47,14425.8533
000999.SZ,20040602,6.4,6.57,6.35,6.51,6.39,0.12,1.88,35170.46,22677.5158
000999.SZ,20040601,6.2,6.46,5.98,6.39,6.23,0.16,2.57,38879.78,24160.9172
000999.SZ,20040531,6.2,6.35,6.16,6.23,6.2,0.03,0.48,10985.71,6858.9833
000999.SZ,20040528,6.19,6.34,6.15,6.2,6.19,0.01,0.16,15689.93,9778.1468
000999.SZ,20040527,6.02,6.37,5.93,6.19,6.0,0.19,3.17,34614.88,21260.4335
000999.SZ,20040526,6.5,6.65,5.9,6.0,6.55,-0.55,-8.4,36131.66,22182.2766
000999.SZ,20040525,6.54,6.72,6.5,6.55,6.54,0.01,0.15,11386.62,7515.772
000999.SZ,20040524,6.58,6.7,6.51,6.54,6.55,-0.01,-0.15,6757.3,4461.7474
000999.SZ,20040521,6.55,6.69,6.54,6.55,6.55,0.0,0.0,8338.81,5517.9061
000999.SZ,20040520,6.71,6.78,6.52,6.55,6.72,-0.17,-2.53,10265.0,6796.7129
000999.SZ,20040519,6.8,6.83,6.62,6.72,6.81,-0.09,-1.32,16995.59,11440.9609
000999.SZ,20040518,6.7,6.82,6.4,6.81,6.8,0.01,0.15,23278.8,15320.0644
000999.SZ,20040514,7.08,7.09,6.53,6.8,7.13,-0.33,-4.63,56807.3,38338.6581
000999.SZ,20040513,7.4,7.4,7.12,7.13,7.4,-0.27,-3.65,25391.93,18313.7501
000999.SZ,20040512,7.22,7.4,7.22,7.4,7.24,0.16,2.21,21961.45,16065.087
000999.SZ,20040511,7.08,7.26,7.07,7.24,7.09,0.15,2.12,25623.77,18339.5756
000999.SZ,20040510,6.98,7.19,6.98,7.09,6.99,0.1,1.43,19936.53,14157.917
000999.SZ,20040430,6.98,7.01,6.62,6.99,6.99,0.0,0.0,22712.22,15744.235
000999.SZ,20040429,7.24,7.28,6.88,6.99,7.23,-0.24,-3.32,44559.08,31414.645
000999.SZ,20040428,7.0,7.39,6.8,7.23,7.06,0.17,2.41,48274.05,34559.2095
000999.SZ,20040427,6.61,7.1,6.51,7.06,6.61,0.45,6.81,93611.71,64871.4706
000999.SZ,20040426,6.9,7.06,6.33,6.61,7.03,-0.42,-5.97,107474.34,69862.508
000999.SZ,20040423,7.1,7.37,6.85,7.03,7.17,-0.14,-1.95,83194.5,59014.4032
000999.SZ,20040422,7.95,7.95,7.17,7.17,7.97,-0.8,-10.04,144866.23,106628.8905
000999.SZ,20040421,8.35,8.45,7.86,7.97,8.33,-0.36,-4.32,49658.26,40234.4191
000999.SZ,20040420,8.51,8.66,8.3,8.33,8.48,-0.15,-1.77,27145.49,23032.7335
000999.SZ,20040419,8.3,8.57,8.08,8.48,8.33,0.15,1.8,43727.41,36670.043
000999.SZ,20040416,8.25,8.37,8.08,8.33,8.26,0.07,0.85,36295.72,29970.6957
000999.SZ,20040415,8.39,8.57,8.02,8.26,8.55,-0.29,-3.39,110354.45,91363.4864
000999.SZ,20040414,8.84,8.95,8.4,8.55,8.82,-0.27,-3.06,55875.78,48257.4859
000999.SZ,20040413,9.15,9.2,8.75,8.82,9.14,-0.32,-3.5,61208.74,55011.9306
000999.SZ,20040412,8.6,9.22,8.51,9.14,8.62,0.52,6.03,105539.04,94375.4214
000999.SZ,20040409,9.0,9.1,8.53,8.62,8.98,-0.36,-4.01,67065.34,59031.0934
000999.SZ,20040408,9.04,9.22,8.88,8.98,9.05,-0.07,-0.77,111629.36,101073.0537
000999.SZ,20040407,8.54,9.06,8.48,9.05,8.5,0.55,6.47,155242.9,137117.9209
000999.SZ,20040406,8.41,8.75,8.3,8.5,8.41,0.09,1.07,87690.6,75029.9065
000999.SZ,20040405,8.33,8.47,8.2,8.41,8.33,0.08,0.96,35573.45,29682.5992
000999.SZ,20040402,8.3,8.4,8.22,8.33,8.3,0.03,0.36,31013.4,25809.3543
000999.SZ,20040401,8.38,8.4,8.22,8.3,8.37,-0.07,-0.84,62232.75,51800.1883
000999.SZ,20040331,7.87,8.39,7.87,8.37,7.87,0.5,6.35,89806.31,73653.8895
000999.SZ,20040330,7.85,7.94,7.65,7.87,7.87,0.0,0.0,35715.11,27883.1706
000999.SZ,20040329,8.12,8.18,7.8,7.87,8.1,-0.23,-2.84,32252.83,25681.9097
000999.SZ,20040326,8.15,8.2,8.04,8.1,8.12,-0.02,-0.25,28043.56,22741.1274
000999.SZ,20040325,8.18,8.3,8.11,8.12,8.2,-0.08,-0.98,19017.94,15538.8091
000999.SZ,20040324,8.12,8.27,8.07,8.2,8.12,0.08,0.99,23744.53,19406.9872
000999.SZ,20040323,8.3,8.35,8.04,8.12,8.3,-0.18,-2.17,37060.85,30103.6799
000999.SZ,20040322,8.32,8.42,8.25,8.3,8.27,0.03,0.36,41864.4,34832.0905
000999.SZ,20040319,8.11,8.36,8.05,8.27,8.12,0.15,1.85,51622.68,42414.7594
000999.SZ,20040318,8.25,8.52,8.06,8.12,8.31,-0.19,-2.29,77323.23,63925.0338
000999.SZ,20040317,8.08,8.8,7.98,8.31,8.29,0.02,0.24,162457.81,136563.2949
000999.SZ,20040316,7.75,8.37,7.56,8.29,7.72,0.57,7.38,125590.04,99690.1843
000999.SZ,20040315,7.45,7.75,7.41,7.72,7.51,0.21,2.8,66239.38,50346.6404
000999.SZ,20040312,7.51,7.77,7.47,7.51,7.47,0.04,0.54,49439.52,37672.119
000999.SZ,20040311,7.5,7.58,7.38,7.47,7.5,-0.03,-0.4,46847.03,35138.2363
000999.SZ,20040310,7.27,7.5,7.19,7.5,7.32,0.18,2.46,49977.32,36671.4052
000999.SZ,20040309,7.7,7.75,7.31,7.32,7.7,-0.38,-4.94,52690.16,39735.8373
000999.SZ,20040308,7.83,7.95,7.65,7.7,7.83,-0.13,-1.66,37016.01,28733.1256
000999.SZ,20040305,7.94,7.97,7.78,7.83,7.93,-0.1,-1.26,23103.05,18163.8874
000999.SZ,20040304,8.0,8.06,7.78,7.93,8.0,-0.07,-0.88,40038.18,31559.6714
000999.SZ,20040303,8.22,8.29,7.8,8.0,8.24,-0.24,-2.91,53097.3,42449.0505
000999.SZ,20040302,8.3,8.35,8.1,8.24,8.28,-0.04,-0.48,47740.72,39229.7651
000999.SZ,20040301,8.07,8.48,8.0,8.28,8.09,0.19,2.35,96325.23,80173.6166
000999.SZ,20040227,7.8,8.1,7.8,8.09,7.91,0.18,2.28,44061.07,35319.3968
000999.SZ,20040226,7.98,8.23,7.8,7.91,8.1,-0.19,-2.35,69022.63,55381.2534
000999.SZ,20040225,8.67,8.85,8.01,8.1,8.69,-0.59,-6.79,101435.21,85721.2046
000999.SZ,20040224,8.28,8.76,7.68,8.69,8.3,0.39,4.7,164263.97,136218.6637
000999.SZ,20040223,8.19,8.86,8.1,8.3,8.2,0.1,1.22,137826.73,117176.0399
000999.SZ,20040220,8.2,8.31,7.97,8.2,8.2,0.0,0.0,79613.88,64915.2698
000999.SZ,20040219,7.9,8.33,7.81,8.2,7.89,0.31,3.93,109833.61,88430.3569
000999.SZ,20040218,7.89,8.1,7.66,7.89,7.85,0.04,0.51,137072.01,107918.662
000999.SZ,20040217,7.15,7.85,7.13,7.85,7.14,0.71,9.94,111908.32,85297.4082
000999.SZ,20040216,6.96,7.23,6.95,7.14,6.97,0.17,2.44,29529.24,21070.5481
000999.SZ,20040213,7.3,7.3,6.96,6.97,7.31,-0.34,-4.65,62986.78,44780.616
000999.SZ,20040212,7.42,7.55,7.19,7.31,7.42,-0.11,-1.48,59931.17,43899.2693
000999.SZ,20040211,7.25,7.45,7.1,7.42,7.33,0.09,1.23,80549.06,58122.0273
000999.SZ,20040210,7.45,7.68,7.31,7.33,7.51,-0.18,-2.4,72531.04,54683.5891
000999.SZ,20040209,7.53,7.67,7.39,7.51,7.58,-0.07,-0.92,74226.24,55683.2514
000999.SZ,20040206,7.3,7.66,7.11,7.58,7.27,0.31,4.26,102595.13,75499.3399
000999.SZ,20040205,7.11,7.4,7.06,7.27,7.15,0.12,1.68,114934.63,83410.8095
000999.SZ,20040204,6.7,7.2,6.61,7.15,6.7,0.45,6.72,101827.86,69400.8232
000999.SZ,20040203,6.58,6.82,6.41,6.7,6.58,0.12,1.82,120931.43,81135.6842
000999.SZ,20040202,6.11,6.58,5.99,6.58,5.98,0.6,10.03,96412.11,60650.6137
000999.SZ,20040130,5.87,6.3,5.71,5.98,5.82,0.16,2.75,75332.91,45706.1744
000999.SZ,20040129,5.65,5.83,5.6,5.82,5.59,0.23,4.11,29289.42,16821.9301
000999.SZ,20040116,5.5,5.6,5.41,5.59,5.5,0.09,1.64,25768.83,14229.0242
000999.SZ,20040115,5.46,5.54,5.4,5.5,5.47,0.03,0.55,20020.37,11000.374
000999.SZ,20040114,5.49,5.53,5.38,5.47,5.49,-0.02,-0.36,12202.98,6621.5942
000999.SZ,20040113,5.52,5.55,5.42,5.49,5.48,0.01,0.18,24261.87,13278.9682
000999.SZ,20040112,5.28,5.5,5.28,5.48,5.31,0.17,3.2,26943.99,14615.6164
000999.SZ,20040109,5.35,5.42,5.25,5.31,5.35,-0.04,-0.75,19866.51,10591.4635
000999.SZ,20040108,5.2,5.38,5.16,5.35,5.18,0.17,3.28,33158.08,17568.2932
000999.SZ,20040107,5.11,5.23,5.05,5.18,5.11,0.07,1.37,20288.11,10410.6611
000999.SZ,20040106,5.13,5.25,5.07,5.11,5.15,-0.04,-0.78,18290.37,9391.4986
000999.SZ,20040105,5.11,5.15,5.0,5.15,5.11,0.04,0.78,25252.87,12745.4438
000999.SZ,20040102,5.23,5.23,5.09,5.11,5.22,-0.11,-2.11,12013.8,6178.6226
000999.SZ,20031231,5.2,5.33,5.17,5.22,5.2,0.02,0.38,15398.49,8084.6183
000999.SZ,20031230,5.23,5.28,5.15,5.2,5.22,-0.02,-0.38,14212.62,7385.5182
000999.SZ,20031229,5.18,5.31,5.09,5.22,5.07,0.15,2.96,33924.25,17678.4556
000999.SZ,20031226,5.05,5.13,5.02,5.07,5.09,-0.02,-0.39,12541.17,6341.5073
000999.SZ,20031225,5.16,5.18,5.04,5.09,5.18,-0.09,-1.74,14746.04,7512.1459
000999.SZ,20031224,5.05,5.19,5.05,5.18,5.09,0.09,1.77,13133.72,6710.8121
000999.SZ,20031223,5.18,5.18,5.07,5.09,5.15,-0.06,-1.17,12634.09,6443.0199
000999.SZ,20031222,5.04,5.15,4.83,5.15,5.04,0.11,2.18,16537.53,8228.8415
000999.SZ,20031219,5.2,5.27,4.96,5.04,5.28,-0.24,-4.55,19529.93,9889.5431
000999.SZ,20031218,5.44,5.49,5.25,5.28,5.41,-0.13,-2.4,16354.8,8764.2121
000999.SZ,20031217,5.26,5.5,5.26,5.41,5.31,0.1,1.88,19438.92,10484.3222
000999.SZ,20031216,5.38,5.38,5.25,5.31,5.43,-0.12,-2.21,10348.35,5478.7095
000999.SZ,20031215,5.41,5.44,5.35,5.43,5.4,0.03,0.56,6787.09,3655.5374
000999.SZ,20031212,5.43,5.48,5.36,5.4,5.43,-0.03,-0.55,5350.77,2889.3765
000999.SZ,20031211,5.42,5.55,5.4,5.43,5.42,0.01,0.18,10178.86,5554.8101
000999.SZ,20031210,5.42,5.45,5.31,5.42,5.42,0.0,0.0,7381.48,3990.5397
000999.SZ,20031209,5.35,5.43,5.35,5.42,5.36,0.06,1.12,4756.78,2560.0012
000999.SZ,20031208,5.55,5.55,5.35,5.36,5.51,-0.15,-2.72,10516.12,5677.95
000999.SZ,20031205,5.6,5.67,5.47,5.51,5.54,-0.03,-0.54,23293.91,12886.4347
000999.SZ,20031204,5.36,5.56,5.3,5.54,5.35,0.19,3.55,22981.78,12505.9618
000999.SZ,20031203,5.34,5.43,5.26,5.35,5.34,0.01,0.19,14368.53,7717.1653
000999.SZ,20031202,5.28,5.41,5.25,5.34,5.28,0.06,1.14,19835.01,10595.3215
000999.SZ,20031201,5.2,5.29,5.16,5.28,5.15,0.13,2.52,9210.28,4838.3134
000999.SZ,20031128,5.22,5.28,5.0,5.15,5.24,-0.09,-1.72,8474.83,4378.785
000999.SZ,20031127,5.23,5.35,5.13,5.24,5.22,0.02,0.38,16545.11,8650.8456
000999.SZ,20031126,5.32,5.32,5.16,5.22,5.33,-0.11,-2.06,15848.29,8305.8136
000999.SZ,20031125,5.36,5.47,5.29,5.33,5.34,-0.01,-0.19,29396.07,15834.8057
000999.SZ,20031124,5.07,5.38,5.07,5.34,5.08,0.26,5.12,24601.85,13068.8569
000999.SZ,20031121,5.2,5.28,5.04,5.08,5.2,-0.12,-2.31,14381.27,7413.0106
000999.SZ,20031120,4.88,5.2,4.88,5.2,4.86,0.34,7.0,25680.83,13068.6383
000999.SZ,20031119,4.79,4.93,4.75,4.86,4.75,0.11,2.32,3997.3,1942.3444
000999.SZ,20031118,4.9,4.9,4.75,4.75,4.9,-0.15,-3.06,4402.84,2115.3122
000999.SZ,20031117,4.88,4.95,4.86,4.9,4.9,0.0,0.0,4210.8,2067.0805
000999.SZ,20031114,4.79,4.93,4.76,4.9,4.78,0.12,2.51,7139.72,3472.175
000999.SZ,20031113,4.75,4.84,4.73,4.78,4.76,0.02,0.42,3395.89,1620.8206
000999.SZ,20031112,4.8,4.8,4.75,4.76,4.81,-0.05,-1.04,3538.0,1688.138
000999.SZ,20031111,4.7,4.82,4.7,4.81,4.76,0.05,1.05,3956.8,1878.2466
000999.SZ,20031110,4.75,4.79,4.7,4.76,4.78,-0.02,-0.42,2934.28,1389.7008
000999.SZ,20031107,4.81,4.81,4.68,4.78,4.82,-0.04,-0.83,6957.26,3302.1713
000999.SZ,20031106,4.95,4.98,4.78,4.82,4.97,-0.15,-3.02,8112.14,3925.9037
000999.SZ,20031105,5.08,5.08,4.95,4.97,5.08,-0.11,-2.17,7312.09,3655.1382
000999.SZ,20031104,4.97,5.16,4.96,5.08,5.0,0.08,1.6,10563.57,5360.3025
000999.SZ,20031103,5.0,5.02,4.91,5.0,5.0,0.0,0.0,4339.0,2161.9364
000999.SZ,20031031,4.9,5.09,4.9,5.0,4.9,0.1,2.04,4141.21,2072.2355
000999.SZ,20031030,4.9,4.94,4.83,4.9,4.9,0.0,0.0,4176.81,2043.2038
000999.SZ,20031029,5.0,5.09,4.85,4.9,5.05,-0.15,-2.97,7168.91,3545.8927
000999.SZ,20031028,5.22,5.25,5.0,5.05,5.23,-0.18,-3.44,8620.65,4381.5556
000999.SZ,20031027,5.33,5.35,5.18,5.23,5.35,-0.12,-2.24,4772.16,2500.7215
000999.SZ,20031024,5.29,5.41,5.25,5.35,5.29,0.06,1.13,4186.77,2228.7362
000999.SZ,20031023,5.4,5.42,5.28,5.29,5.37,-0.08,-1.49,3599.01,1927.51
000999.SZ,20031022,5.28,5.41,5.25,5.37,5.27,0.1,1.9,5006.95,2685.0367
000999.SZ,20031021,5.27,5.3,5.22,5.27,5.27,0.0,0.0,2028.6,1063.8114
000999.SZ,20031020,5.3,5.4,5.24,5.27,5.35,-0.08,-1.5,2531.14,1337.7901
000999.SZ,20031017,5.41,5.41,5.3,5.35,5.36,-0.01,-0.19,2700.5,1442.5172
000999.SZ,20031016,5.45,5.45,5.32,5.36,5.45,-0.09,-1.65,4010.29,2155.7212
000999.SZ,20031015,5.43,5.58,5.43,5.45,5.43,0.02,0.37,2918.1,1606.2369
000999.SZ,20031014,5.48,5.48,5.42,5.43,5.49,-0.06,-1.09,2127.96,1159.5287
000999.SZ,20031013,5.58,5.58,5.47,5.49,5.58,-0.09,-1.61,4109.6,2269.3137
000999.SZ,20031010,5.42,5.64,5.42,5.58,5.42,0.16,2.95,5595.09,3097.0414
000999.SZ,20031009,5.45,5.51,5.4,5.42,5.41,0.01,0.18,2480.5,1352.8026
000999.SZ,20031008,5.43,5.49,5.39,5.41,5.45,-0.04,-0.73,2721.25,1483.087
000999.SZ,20030930,5.38,5.49,5.35,5.45,5.39,0.06,1.11,3809.64,2062.4943
000999.SZ,20030929,5.5,5.54,5.38,5.39,5.54,-0.15,-2.71,5399.04,2946.0319
000999.SZ,20030926,5.52,5.6,5.52,5.54,5.52,0.02,0.36,3059.95,1700.0687
000999.SZ,20030925,5.69,5.69,5.52,5.52,5.66,-0.14,-2.47,3223.39,1794.9796
000999.SZ,20030924,5.61,5.67,5.58,5.66,5.61,0.05,0.89,3886.7,2184.0022
000999.SZ,20030923,5.59,5.62,5.53,5.61,5.59,0.02,0.36,2353.2,1311.4602
000999.SZ,20030922,5.68,5.68,5.52,5.59,5.66,-0.07,-1.24,3371.0,1885.2047
000999.SZ,20030919,5.67,5.7,5.62,5.66,5.63,0.03,0.53,2213.98,1249.1469
000999.SZ,20030918,5.66,5.71,5.61,5.63,5.64,-0.01,-0.18,3926.89,2220.5122
000999.SZ,20030917,5.83,5.83,5.61,5.64,5.78,-0.14,-2.42,7834.45,4461.6566
000999.SZ,20030916,5.82,5.85,5.75,5.78,5.82,-0.04,-0.69,2911.6,1688.3349
000999.SZ,20030915,5.8,5.89,5.77,5.82,5.8,0.02,0.34,3590.67,2089.5715
000999.SZ,20030912,5.9,5.97,5.8,5.8,5.9,-0.1,-1.69,3865.91,2272.4417
000999.SZ,20030911,6.05,6.05,5.88,5.9,5.97,-0.07,-1.17,3353.9,1992.8922
000999.SZ,20030910,5.85,6.05,5.85,5.97,5.89,0.08,1.36,8193.36,4914.4512
000999.SZ,20030909,5.85,5.99,5.8,5.89,5.85,0.04,0.68,4726.49,2792.5458
000999.SZ,20030908,5.85,5.9,5.82,5.85,5.91,-0.06,-1.02,2929.66,1716.0826
000999.SZ,20030905,5.97,6.0,5.83,5.91,5.97,-0.06,-1.01,4953.19,2923.3466
000999.SZ,20030904,5.96,6.08,5.93,5.97,5.94,0.03,0.51,6927.2,4160.6246
000999.SZ,20030903,5.95,5.99,5.89,5.94,5.95,-0.01,-0.17,2963.85,1758.5686
000999.SZ,20030902,5.97,6.05,5.93,5.95,5.98,-0.03,-0.5,4220.32,2522.7192
000999.SZ,20030901,5.85,5.98,5.81,5.98,5.83,0.15,2.57,5494.28,3242.8027
000999.SZ,20030829,5.84,5.85,5.7,5.83,5.73,0.1,1.75,2725.28,1570.3624
000999.SZ,20030828,5.72,5.84,5.72,5.73,5.73,0.0,0.0,2943.84,1702.4221
000999.SZ,20030827,5.71,5.78,5.7,5.73,5.75,-0.02,-0.35,3449.85,1979.0059
000999.SZ,20030826,5.8,5.8,5.7,5.75,5.79,-0.04,-0.69,4979.22,2858.9522
000999.SZ,20030825,5.86,5.86,5.76,5.79,5.88,-0.09,-1.53,4257.51,2462.5249
000999.SZ,20030822,5.81,5.9,5.81,5.88,5.83,0.05,0.86,2534.25,1484.9115
000999.SZ,20030821,5.86,5.86,5.8,5.83,5.86,-0.03,-0.51,5736.22,3340.0975
000999.SZ,20030820,5.93,5.95,5.85,5.86,5.93,-0.07,-1.18,2983.67,1752.5887
000999.SZ,20030819,5.9,5.95,5.88,5.93,5.92,0.01,0.17,3607.2,2130.0957
000999.SZ,20030818,5.92,5.99,5.92,5.92,5.97,-0.05,-0.84,2603.72,1544.6659
000999.SZ,20030815,5.98,6.03,5.95,5.97,5.99,-0.02,-0.33,1851.3,1105.3076
000999.SZ,20030814,6.0,6.06,5.98,5.99,6.0,-0.01,-0.17,3104.5,1866.8826
000999.SZ,20030813,6.09,6.1,5.99,6.0,6.09,-0.09,-1.48,3516.5,2125.7827
000999.SZ,20030812,6.01,6.09,5.95,6.09,6.0,0.09,1.5,5394.39,3255.8317
000999.SZ,20030811,5.96,6.0,5.9,6.0,5.96,0.04,0.67,2347.08,1397.6908
000999.SZ,20030808,6.07,6.08,5.94,5.96,6.06,-0.1,-1.65,3071.45,1835.8167
000999.SZ,20030807,6.0,6.14,6.0,6.06,6.03,0.03,0.5,3934.4,2384.7121
000999.SZ,20030806,6.01,6.06,5.95,6.03,6.05,-0.02,-0.33,3942.81,2367.3534
000999.SZ,20030805,6.0,6.06,5.98,6.05,6.0,0.05,0.83,3902.28,2349.409
000999.SZ,20030804,5.94,6.0,5.85,6.0,5.91,0.09,1.52,5978.67,3549.3028
000999.SZ,20030801,5.97,5.99,5.81,5.91,5.96,-0.05,-0.84,7484.77,4398.8155
000999.SZ,20030731,6.0,6.06,5.95,5.96,6.06,-0.1,-1.65,5326.3,3197.4323
000999.SZ,20030730,6.09,6.09,6.0,6.06,6.06,0.0,0.0,3222.1,1946.682
000999.SZ,20030729,6.0,6.15,6.0,6.06,6.01,0.05,0.83,6337.58,3840.5128
000999.SZ,20030728,6.05,6.05,5.99,6.01,6.03,-0.02,-0.33,4892.22,2940.7162
000999.SZ,20030725,6.13,6.14,6.01,6.03,6.12,-0.09,-1.47,5244.85,3177.526
000999.SZ,20030724,6.16,6.19,6.1,6.12,6.14,-0.02,-0.33,3593.1,2202.3378
000999.SZ,20030723,6.08,6.17,6.08,6.14,6.09,0.05,0.82,5324.24,3261.2635
000999.SZ,20030722,6.19,6.23,6.03,6.09,6.13,-0.04,-0.65,8096.29,4942.3542
000999.SZ,20030721,6.22,6.22,6.08,6.13,6.21,-0.08,-1.29,9010.29,5523.3107
000999.SZ,20030718,6.37,6.37,6.2,6.21,6.38,-0.17,-2.66,9827.61,6192.1177
000999.SZ,20030717,6.38,6.42,6.34,6.38,6.4,-0.02,-0.31,8824.4,5621.6539
000999.SZ,20030716,6.43,6.43,6.36,6.4,6.41,-0.01,-0.16,4674.8,2986.5815
000999.SZ,20030715,6.43,6.46,6.38,6.41,6.42,-0.01,-0.16,4001.25,2567.0015
000999.SZ,20030714,6.51,6.52,6.4,6.42,6.5,-0.08,-1.23,3810.0,2453.1454
000999.SZ,20030711,6.53,6.53,6.45,6.5,6.54,-0.04,-0.61,4895.99,3179.3601
000999.SZ,20030710,6.42,6.55,6.38,6.54,6.4,0.14,2.19,8217.49,5305.3839
000999.SZ,20030709,6.41,6.48,6.36,6.4,6.46,-0.06,-0.93,3607.55,2313.3048
000999.SZ,20030708,6.46,6.51,6.45,6.46,6.46,0.0,0.0,5390.16,3492.5416
000999.SZ,20030707,6.6,6.6,6.43,6.46,6.51,-0.05,-0.77,4500.9,2931.486
000999.SZ,20030704,6.53,6.64,6.3,6.51,6.5,0.01,0.15,6636.0,4338.4658
000999.SZ,20030703,6.45,6.55,6.41,6.5,6.43,0.07,1.09,4336.37,2813.3958
000999.SZ,20030702,6.35,6.45,6.29,6.43,6.34,0.09,1.42,4167.57,2656.4388
000999.SZ,20030701,6.41,6.51,6.33,6.34,6.4,-0.06,-0.94,5907.04,3805.3942
000999.SZ,20030630,6.5,6.55,6.4,6.4,6.52,-0.12,-1.84,4888.0,3155.2004
000999.SZ,20030627,6.61,6.61,6.5,6.52,6.61,-0.09,-1.36,5035.71,3300.6133
000999.SZ,20030626,6.52,6.62,6.48,6.61,6.6,0.01,0.15,8405.09,5508.7695
000999.SZ,20030625,6.64,6.69,6.58,6.6,6.64,-0.04,-0.6,6579.7,4365.6599
000999.SZ,20030624,6.58,6.68,6.58,6.64,6.58,0.06,0.91,6662.34,4416.61
000999.SZ,20030623,6.65,6.68,6.57,6.58,6.67,-0.09,-1.35,8135.7,5379.2643
000999.SZ,20030620,6.73,6.8,6.6,6.67,6.72,-0.05,-0.74,12010.18,8048.5778
000999.SZ,20030619,6.93,6.94,6.69,6.72,6.92,-0.2,-2.89,14515.29,9842.5012
000999.SZ,20030618,7.0,7.04,6.85,6.92,7.01,-0.09,-1.28,9082.45,6320.8172
000999.SZ,20030617,7.05,7.05,6.99,7.01,7.03,-0.02,-0.28,4661.24,3267.1574
000999.SZ,20030616,7.1,7.1,7.02,7.03,7.1,-0.07,-0.99,6253.78,4407.6006
000999.SZ,20030613,6.99,7.1,6.99,7.1,7.0,0.1,1.43,9467.62,6667.1864
000999.SZ,20030612,7.08,7.09,6.98,7.0,7.02,-0.02,-0.28,10682.21,7480.3549
000999.SZ,20030611,7.04,7.05,6.96,7.02,7.04,-0.02,-0.28,20686.69,14496.0928
000999.SZ,20030610,9.33,9.35,9.24,9.25,9.32,-0.07,-0.75,10085.59,9364.2141
000999.SZ,20030609,9.4,9.4,9.26,9.32,9.41,-0.09,-0.96,7575.01,7049.8916
000999.SZ,20030606,9.48,9.55,9.4,9.41,9.47,-0.06,-0.63,10983.44,10400.1671
000999.SZ,20030605,9.64,9.64,9.46,9.47,9.45,0.02,0.21,9630.83,9173.9088
000999.SZ,20030604,9.43,9.48,9.34,9.45,9.48,-0.03,-0.32,7669.72,7215.7174
000999.SZ,20030603,9.63,9.65,9.48,9.48,9.63,-0.15,-1.56,8527.5,8157.1997
000999.SZ,20030602,9.6,9.7,9.48,9.63,9.58,0.05,0.52,12218.22,11719.0354
000999.SZ,20030530,9.43,9.65,9.35,9.58,9.45,0.13,1.38,19220.68,18279.3671
000999.SZ,20030529,9.42,9.48,9.32,9.45,9.43,0.02,0.21,15460.16,14491.7344
000999.SZ,20030528,9.35,9.49,9.31,9.43,9.34,0.09,0.96,9964.77,9361.7156
000999.SZ,20030527,9.4,9.44,9.26,9.34,9.4,-0.06,-0.64,10713.54,9972.9943
000999.SZ,20030526,9.44,9.46,9.35,9.4,9.44,-0.04,-0.42,11324.22,10635.0827
000999.SZ,20030523,9.52,9.58,9.35,9.44,9.52,-0.08,-0.84,15144.62,14311.1303
000999.SZ,20030522,9.3,9.6,9.3,9.52,9.27,0.25,2.7,19738.23,18650.5712
000999.SZ,20030521,9.18,9.32,9.18,9.27,9.25,0.02,0.22,5743.14,5312.3979
000999.SZ,20030520,9.35,9.43,9.18,9.25,9.41,-0.16,-1.7,9244.28,8568.843
000999.SZ,20030519,9.5,9.53,9.34,9.41,9.45,-0.04,-0.42,11662.78,10987.6328
000999.SZ,20030516,9.48,9.6,9.33,9.45,9.47,-0.02,-0.21,15545.62,14711.8629
000999.SZ,20030515,9.28,9.5,9.18,9.47,9.28,0.19,2.05,25235.93,23593.1389
000999.SZ,20030514,9.24,9.47,9.03,9.28,9.3,-0.02,-0.22,18044.25,16637.2616
000999.SZ,20030513,9.75,10.1,9.29,9.3,9.73,-0.43,-4.42,26182.47,25034.0206
000999.SZ,20030430,9.88,10.02,9.6,9.73,9.94,-0.21,-2.11,25308.13,24660.8569
000999.SZ,20030429,10.3,10.33,9.9,9.94,10.35,-0.41,-3.96,31953.12,32199.8583
000999.SZ,20030428,9.94,10.5,9.94,10.35,9.93,0.42,4.23,67229.19,69338.6607
000999.SZ,20030425,9.95,10.12,9.87,9.93,10.0,-0.07,-0.7,23412.52,23423.3125
000999.SZ,20030424,9.95,10.32,9.78,10.0,9.9,0.1,1.01,47938.08,48392.8158
000999.SZ,20030423,9.92,10.26,9.63,9.9,9.9,0.0,0.0,41290.74,41071.2355
000999.SZ,20030422,10.18,10.27,9.88,9.9,10.14,-0.24,-2.37,23126.54,23092.7989
000999.SZ,20030421,10.4,10.54,10.0,10.14,10.3,-0.16,-1.55,58478.19,60221.1102
000999.SZ,20030418,10.25,10.75,10.1,10.3,10.22,0.08,0.78,63710.54,66381.5514
000999.SZ,20030417,9.91,10.25,9.9,10.22,9.91,0.31,3.13,39227.42,39656.3047
000999.SZ,20030416,10.3,10.38,9.81,9.91,10.3,-0.39,-3.79,40291.94,40824.2827
000999.SZ,20030415,9.9,10.35,9.88,10.3,9.88,0.42,4.25,47440.78,48385.7514
000999.SZ,20030414,9.8,9.95,9.73,9.88,9.73,0.15,1.54,36311.55,35743.1129
000999.SZ,20030411,9.65,9.85,9.53,9.73,9.63,0.1,1.04,34164.17,33173.4469
000999.SZ,20030410,9.63,9.95,9.5,9.63,9.59,0.04,0.42,94624.05,91914.953
000999.SZ,20030409,9.55,9.75,9.39,9.59,9.46,0.13,1.37,29108.06,27831.3213
000999.SZ,20030408,9.38,9.5,9.33,9.46,9.38,0.08,0.85,16125.01,15181.7525
000999.SZ,20030407,9.43,9.63,9.36,9.38,9.43,-0.05,-0.53,18666.93,17698.7657
000999.SZ,20030404,9.54,9.54,9.34,9.43,9.55,-0.12,-1.26,28609.36,27031.5263
000999.SZ,20030403,9.37,9.55,9.28,9.55,9.38,0.17,1.81,53714.08,50738.4957
000999.SZ,20030402,9.09,9.5,8.94,9.38,9.04,0.34,3.76,47586.78,44220.9203
000999.SZ,20030401,8.88,9.14,8.88,9.04,8.9,0.14,1.57,15864.63,14336.9003
000999.SZ,20030331,8.78,8.99,8.78,8.9,8.79,0.11,1.25,9225.96,8214.1942
000999.SZ,20030328,8.73,8.87,8.66,8.79,8.69,0.1,1.15,9730.07,8535.4177
000999.SZ,20030327,8.43,8.76,8.38,8.69,8.43,0.26,3.08,4567.51,3903.9276
000999.SZ,20030326,8.47,8.53,8.39,8.43,8.46,-0.03,-0.35,2701.43,2282.6359
000999.SZ,20030325,8.64,8.64,8.46,8.46,8.64,-0.18,-2.08,2226.96,1895.1465
000999.SZ,20030324,8.65,8.66,8.59,8.64,8.64,0.0,0.0,2498.1,2155.1929
000999.SZ,20030321,8.6,8.65,8.55,8.64,8.6,0.04,0.47,2445.6,2107.4234
000999.SZ,20030320,8.59,8.73,8.56,8.6,8.5,0.1,1.18,6650.67,5760.0139
000999.SZ,20030319,8.41,8.57,8.4,8.5,8.47,0.03,0.35,2137.0,1809.1235
000999.SZ,20030318,8.5,8.63,8.46,8.47,8.48,-0.01,-0.12,3337.86,2848.2516
000999.SZ,20030317,8.55,8.59,8.46,8.48,8.55,-0.07,-0.82,3954.5,3364.4314
000999.SZ,20030314,8.58,8.6,8.48,8.55,8.56,-0.01,-0.12,3071.37,2627.0692
000999.SZ,20030313,8.58,8.65,8.55,8.56,8.55,0.01,0.12,3367.19,2894.153
000999.SZ,20030312,8.56,8.56,8.45,8.55,8.56,-0.01,-0.12,5416.01,4608.5712
000999.SZ,20030311,8.56,8.64,8.54,8.56,8.54,0.02,0.23,3173.15,2717.809
000999.SZ,20030310,8.78,8.78,8.54,8.54,8.78,-0.24,-2.73,5693.0,4910.4129
000999.SZ,20030307,8.79,8.88,8.76,8.78,8.81,-0.03,-0.34,3932.66,3460.297
000999.SZ,20030306,8.93,8.93,8.76,8.81,8.95,-0.14,-1.56,7044.15,6218.8288
000999.SZ,20030305,9.06,9.06,8.9,8.95,9.06,-0.11,-1.21,3768.45,3369.35
000999.SZ,20030304,9.07,9.13,9.01,9.06,9.12,-0.06,-0.66,4236.08,3839.6656
000999.SZ,20030303,8.92,9.15,8.92,9.12,8.96,0.16,1.79,9041.36,8164.4268
000999.SZ,20030228,9.06,9.06,8.93,8.96,9.05,-0.09,-0.99,3448.2,3098.7053
000999.SZ,20030227,9.06,9.13,9.01,9.05,9.01,0.04,0.44,4654.07,4221.9693
000999.SZ,20030226,9.03,9.13,8.99,9.01,9.03,-0.02,-0.22,6390.98,5775.2799
000999.SZ,20030225,8.84,9.05,8.84,9.03,8.83,0.2,2.27,5462.32,4900.4836
000999.SZ,20030224,8.8,8.9,8.8,8.83,8.83,0.0,0.0,5224.54,4619.7879
000999.SZ,20030221,9.1,9.1,8.8,8.83,9.11,-0.28,-3.07,8224.6,7337.7878
000999.SZ,20030220,9.1,9.19,9.1,9.11,9.11,0.0,0.0,3074.71,2810.7931
000999.SZ,20030219,9.06,9.14,8.99,9.11,9.06,0.05,0.55,6607.38,5983.7806
000999.SZ,20030218,9.04,9.25,9.0,9.06,9.04,0.02,0.22,6816.55,6207.4739
000999.SZ,20030217,9.15,9.27,9.0,9.04,9.13,-0.09,-0.99,10020.4,9133.6979
000999.SZ,20030214,9.15,9.2,9.09,9.13,9.17,-0.04,-0.44,7152.01,6539.5767
000999.SZ,20030213,9.3,9.33,9.16,9.17,9.3,-0.13,-1.4,14918.2,13806.141
000999.SZ,20030212,9.2,9.32,9.13,9.3,9.28,0.02,0.22,16644.69,15381.0301
000999.SZ,20030211,8.91,9.63,8.91,9.28,8.8,0.48,5.45,59867.97,56001.1683
000999.SZ,20030210,8.95,8.95,8.78,8.8,8.95,-0.15,-1.68,4666.0,4123.0165
000999.SZ,20030129,8.91,8.99,8.9,8.95,8.91,0.04,0.45,5533.45,4956.514
000999.SZ,20030128,9.0,9.0,8.88,8.91,8.97,-0.06,-0.67,5403.86,4820.8654
000999.SZ,20030127,8.89,9.05,8.85,8.97,8.79,0.18,2.05,10137.37,9078.2449
000999.SZ,20030124,8.6,8.8,8.55,8.79,8.63,0.16,1.85,5588.51,4864.295
000999.SZ,20030123,8.71,8.82,8.63,8.63,8.67,-0.04,-0.46,4856.66,4232.0177
000999.SZ,20030122,8.59,8.71,8.58,8.67,8.66,0.01,0.12,5342.4,4611.7079
000999.SZ,20030121,8.92,9.0,8.64,8.66,8.92,-0.26,-2.91,8372.52,7361.7989
000999.SZ,20030120,8.85,8.93,8.75,8.92,8.91,0.01,0.11,6653.49,5878.8034
000999.SZ,20030117,9.06,9.06,8.86,8.91,9.04,-0.13,-1.44,9763.06,8730.3852
000999.SZ,20030116,8.8,9.15,8.76,9.04,8.8,0.24,2.73,14867.44,13357.582
000999.SZ,20030115,8.9,8.95,8.7,8.8,8.82,-0.02,-0.23,13277.37,11723.4679
000999.SZ,20030114,8.37,8.99,8.36,8.82,8.37,0.45,5.38,17420.77,15251.135
000999.SZ,20030113,8.36,8.44,8.3,8.37,8.37,0.0,0.0,2802.98,2343.2417
000999.SZ,20030110,8.52,8.58,8.36,8.37,8.52,-0.15,-1.76,7726.64,6561.323
000999.SZ,20030109,8.3,8.59,8.28,8.52,8.3,0.22,2.65,12970.17,10943.1528
000999.SZ,20030108,8.04,8.32,8.02,8.3,8.04,0.26,3.23,5061.3,4135.0006
000999.SZ,20030107,8.1,8.2,8.0,8.04,8.09,-0.05,-0.62,3925.9,3177.0599
000999.SZ,20030106,8.0,8.13,7.91,8.09,7.99,0.1,1.25,3985.98,3204.0992
000999.SZ,20030103,8.0,8.09,7.95,7.99,8.04,-0.05,-0.62,4928.47,3944.3846
000999.SZ,20030102,8.22,8.25,8.02,8.04,8.23,-0.19,-2.31,6231.5,5065.534
000999.SZ,20021231,8.21,8.43,8.2,8.23,8.3,-0.07,-0.84,4372.41,3626.497
000999.SZ,20021230,8.55,8.55,8.25,8.3,8.45,-0.15,-1.78,6366.26,5295.0111
000999.SZ,20021227,8.4,8.55,8.36,8.45,8.46,-0.01,-0.12,5800.26,4892.0694
000999.SZ,20021226,8.8,8.8,8.45,8.46,8.81,-0.35,-3.97,9280.3,8006.8719
000999.SZ,20021225,8.94,8.94,8.77,8.81,8.92,-0.11,-1.23,5078.7,4487.768
000999.SZ,20021224,8.99,9.08,8.76,8.92,8.99,-0.07,-0.78,6923.49,6147.1562
000999.SZ,20021223,9.1,9.12,8.98,8.99,9.06,-0.07,-0.77,7893.21,7135.5838
000999.SZ,20021220,9.05,9.13,8.92,9.06,9.05,0.01,0.11,6993.87,6311.0357
000999.SZ,20021219,8.85,9.16,8.85,9.05,8.84,0.21,2.38,17077.07,15448.7816
000999.SZ,20021218,8.79,9.16,8.79,8.84,8.7,0.14,1.61,13981.5,12517.4298
000999.SZ,20021216,8.6,8.78,8.57,8.7,8.6,0.1,1.16,3756.85,3268.0726
000999.SZ,20021213,8.38,8.66,8.35,8.6,8.5,0.1,1.18,2000.07,1705.7905
000999.SZ,20021212,8.45,8.68,8.45,8.5,8.45,0.05,0.59,3441.24,2947.9515
000999.SZ,20021211,8.38,8.48,8.28,8.45,8.39,0.06,0.72,3257.19,2718.9769
000999.SZ,20021210,8.5,8.63,8.39,8.39,8.55,-0.16,-1.87,2279.39,1940.4601
000999.SZ,20021209,8.33,8.62,8.33,8.55,8.62,-0.07,-0.81,1761.74,1507.454
000999.SZ,20021206,8.61,8.7,8.56,8.62,8.65,-0.03,-0.35,1849.0,1596.6742
000999.SZ,20021205,8.6,8.69,8.55,8.65,8.69,-0.04,-0.46,2621.61,2257.8036
000999.SZ,20021204,8.64,8.79,8.55,8.69,8.61,0.08,0.93,4605.45,4008.0047
000999.SZ,20021203,8.45,8.67,8.4,8.61,8.45,0.16,1.89,3216.85,2747.0778
000999.SZ,20021202,8.72,8.72,8.45,8.45,8.74,-0.29,-3.32,3963.6,3401.2524
000999.SZ,20021129,8.61,8.89,8.55,8.74,8.61,0.13,1.51,11064.08,9715.7044
000999.SZ,20021128,8.39,8.65,8.3,8.61,8.37,0.24,2.87,5406.48,4576.46
000999.SZ,20021127,8.3,8.42,8.2,8.37,8.32,0.05,0.6,4560.08,3784.5621
000999.SZ,20021126,8.55,8.62,8.31,8.32,8.51,-0.19,-2.23,3117.92,2636.4735
000999.SZ,20021125,8.53,8.6,8.42,8.51,8.53,-0.02,-0.23,4394.48,3749.9696
000999.SZ,20021122,8.6,8.73,8.38,8.53,8.49,0.04,0.47,5842.89,5005.3316
000999.SZ,20021121,8.7,8.7,8.47,8.49,8.8,-0.31,-3.52,6210.0,5334.0077
000999.SZ,20021120,9.03,9.03,8.78,8.8,9.02,-0.22,-2.44,4207.0,3719.167
000999.SZ,20021119,8.91,9.1,8.85,9.02,8.94,0.08,0.89,3720.99,3328.1849
000999.SZ,20021118,8.9,9.0,8.85,8.94,8.97,-0.03,-0.33,2368.0,2113.1785
000999.SZ,20021115,8.84,9.07,8.78,8.97,8.86,0.11,1.24,5006.9,4468.8302
000999.SZ,20021114,9.12,9.12,8.84,8.86,9.12,-0.26,-2.85,5373.72,4828.304
000999.SZ,20021113,9.1,9.16,8.96,9.12,9.1,0.02,0.22,6408.07,5798.7332
000999.SZ,20021112,9.28,9.36,9.08,9.1,9.3,-0.2,-2.15,7035.65,6449.8856
000999.SZ,20021111,9.4,9.48,9.29,9.3,9.43,-0.13,-1.38,3680.01,3443.9817
000999.SZ,20021108,9.8,9.88,9.4,9.43,9.7,-0.27,-2.78,6364.4,6081.9511
000999.SZ,20021107,9.73,9.78,9.65,9.7,9.74,-0.04,-0.41,3789.09,3671.7099
000999.SZ,20021106,9.85,9.88,9.68,9.74,9.82,-0.08,-0.81,5427.08,5291.2698
000999.SZ,20021105,9.63,9.92,9.63,9.82,9.6,0.22,2.29,9812.32,9645.9848
000999.SZ,20021104,9.49,9.61,9.45,9.6,9.47,0.13,1.37,4469.05,4260.4546
000999.SZ,20021101,9.45,9.49,9.39,9.47,9.45,0.02,0.21,2937.9,2770.6366
000999.SZ,20021031,9.58,9.66,9.44,9.45,9.52,-0.07,-0.74,3455.5,3295.6349
000999.SZ,20021030,9.4,9.58,9.39,9.52,9.39,0.13,1.38,4720.48,4489.1979
000999.SZ,20021029,9.45,9.54,9.2,9.39,9.49,-0.1,-1.05,7670.0,7172.662
000999.SZ,20021028,9.81,9.81,9.46,9.49,9.81,-0.32,-3.26,8173.99,7851.0166
000999.SZ,20021025,9.98,10.06,9.8,9.81,9.98,-0.17,-1.7,2900.72,2875.6586
000999.SZ,20021024,10.11,10.11,9.98,9.98,10.11,-0.13,-1.29,3124.76,3127.1225
000999.SZ,20021023,10.13,10.13,10.0,10.11,10.11,0.0,0.0,2677.92,2692.2859
000999.SZ,20021022,9.96,10.15,9.92,10.11,9.95,0.16,1.61,4034.85,4058.8687
000999.SZ,20021021,9.8,10.0,9.8,9.95,9.92,0.03,0.3,1965.19,1942.0181
000999.SZ,20021018,9.88,10.0,9.81,9.92,9.9,0.02,0.2,3555.53,3517.4853
000999.SZ,20021017,10.08,10.09,9.9,9.9,10.02,-0.12,-1.2,2094.0,2080.193
000999.SZ,20021016,9.9,10.14,9.88,10.02,9.86,0.16,1.62,4179.15,4184.0122
000999.SZ,20021015,9.86,9.99,9.82,9.86,9.86,0.0,0.0,2938.15,2902.9267
000999.SZ,20021014,9.85,9.94,9.75,9.86,9.85,0.01,0.1,3761.76,3696.6238
000999.SZ,20021011,10.0,10.0,9.8,9.85,9.9,-0.05,-0.51,3210.69,3176.6841
000999.SZ,20021010,9.95,10.1,9.88,9.9,9.98,-0.08,-0.8,3280.4,3261.1807
000999.SZ,20021009,10.04,10.1,9.91,9.98,10.03,-0.05,-0.5,4312.99,4311.781
000999.SZ,20021008,10.05,10.14,9.99,10.03,10.18,-0.15,-1.47,5808.5,5824.3444
000999.SZ,20020927,10.15,10.25,10.1,10.18,10.17,0.01,0.1,3922.54,3989.0553
000999.SZ,20020926,10.2,10.28,10.15,10.17,10.22,-0.05,-0.49,5064.91,5170.7862
000999.SZ,20020925,10.18,10.38,10.18,10.22,10.26,-0.04,-0.39,3890.9,3992.7274
000999.SZ,20020924,10.32,10.5,10.16,10.26,10.32,-0.06,-0.58,7039.2,7257.9603
000999.SZ,20020923,10.35,10.4,10.27,10.32,10.4,-0.08,-0.77,1966.0,2034.9162
000999.SZ,20020920,10.38,10.49,10.38,10.4,10.47,-0.07,-0.67,2792.49,2916.9721
000999.SZ,20020919,10.24,10.55,10.12,10.47,10.22,0.25,2.45,4947.76,5118.6056
000999.SZ,20020918,10.55,10.55,10.21,10.22,10.49,-0.27,-2.57,7382.48,7644.7501
000999.SZ,20020916,10.68,10.68,10.45,10.49,10.67,-0.18,-1.69,3915.59,4111.4612
000999.SZ,20020913,10.74,10.74,10.64,10.67,10.74,-0.07,-0.65,1515.38,1617.7533
000999.SZ,20020912,10.68,10.8,10.62,10.74,10.68,0.06,0.56,2123.71,2279.9564
000999.SZ,20020911,11.09,11.09,10.5,10.68,10.71,-0.03,-0.28,5527.17,5868.0222
000999.SZ,20020910,10.78,10.88,10.68,10.71,10.74,-0.03,-0.28,2661.0,2859.383
000999.SZ,20020909,10.64,10.82,10.64,10.74,10.88,-0.14,-1.29,5048.88,5408.0883
000999.SZ,20020906,10.88,10.99,10.85,10.88,10.91,-0.03,-0.28,5754.49,6271.7211
000999.SZ,20020905,11.15,11.18,10.88,10.91,11.19,-0.28,-2.5,11706.01,12916.3178
000999.SZ,20020904,11.2,11.26,11.14,11.19,11.16,0.03,0.27,10033.94,11222.7971
000999.SZ,20020903,11.06,11.23,11.06,11.16,11.04,0.12,1.09,2492.94,2780.7671
000999.SZ,20020902,11.05,11.1,11.03,11.04,11.09,-0.05,-0.45,3551.06,3927.1937
000999.SZ,20020830,11.05,11.13,11.04,11.09,11.04,0.05,0.45,2852.05,3157.185
000999.SZ,20020829,11.18,11.24,11.01,11.04,11.18,-0.14,-1.25,6368.56,7056.9393
000999.SZ,20020828,11.35,11.45,11.18,11.18,11.18,0.0,0.0,7061.58,7985.1996
000999.SZ,20020827,11.05,11.38,11.05,11.18,11.08,0.1,0.9,3466.44,3880.323
000999.SZ,20020826,11.3,11.32,11.05,11.08,11.3,-0.22,-1.95,6010.0,6706.959
000999.SZ,20020823,11.38,11.42,11.28,11.3,11.4,-0.1,-0.88,4783.65,5414.5793
000999.SZ,20020822,11.23,11.46,11.22,11.4,11.24,0.16,1.42,13555.36,15372.9381
000999.SZ,20020821,11.3,11.3,11.18,11.24,11.26,-0.02,-0.18,4161.98,4672.8189
000999.SZ,20020820,11.08,11.33,11.07,11.26,11.07,0.19,1.72,7952.26,8935.4304
000999.SZ,20020819,11.15,11.15,11.03,11.07,11.15,-0.08,-0.72,3510.96,3891.9003
000999.SZ,20020816,10.85,11.28,10.78,11.15,10.86,0.29,2.67,9207.27,10234.5811
000999.SZ,20020815,10.93,10.99,10.84,10.86,10.99,-0.13,-1.18,2393.2,2609.0482
000999.SZ,20020814,10.8,11.0,10.77,10.99,10.83,0.16,1.48,2554.41,2789.6948
000999.SZ,20020813,10.78,10.94,10.78,10.83,10.77,0.06,0.56,2126.07,2304.9158
000999.SZ,20020812,10.78,10.87,10.73,10.77,10.89,-0.12,-1.1,3168.0,3422.049
000999.SZ,20020809,10.93,10.93,10.8,10.89,10.93,-0.04,-0.37,5948.44,6448.563
000999.SZ,20020808,11.05,11.15,10.91,10.93,11.05,-0.12,-1.09,4088.5,4502.6598
000999.SZ,20020807,11.01,11.15,11.0,11.05,11.05,0.0,0.0,4365.22,4843.8482
000999.SZ,20020806,10.85,11.17,10.78,11.05,10.86,0.19,1.75,7995.13,8820.9686
000999.SZ,20020805,10.99,11.0,10.75,10.86,10.99,-0.13,-1.18,5075.58,5507.8679
000999.SZ,20020802,10.98,11.05,10.9,10.99,10.99,0.0,0.0,5115.84,5605.8625
000999.SZ,20020801,11.03,11.2,10.85,10.99,11.08,-0.09,-0.81,10806.86,11858.7465
000999.SZ,20020731,11.43,11.44,11.02,11.08,11.41,-0.33,-2.89,11795.84,13205.0803
000999.SZ,20020730,11.4,11.45,11.26,11.41,11.37,0.04,0.35,4887.24,5550.2274
000999.SZ,20020729,11.31,11.41,11.21,11.37,11.31,0.06,0.53,5645.26,6373.9364
000999.SZ,20020726,11.4,11.4,11.26,11.31,11.37,-0.06,-0.53,6088.55,6901.091
000999.SZ,20020725,11.25,11.52,11.22,11.37,11.2,0.17,1.52,15133.25,17197.2382
000999.SZ,20020724,11.3,11.4,11.15,11.2,11.32,-0.12,-1.06,11835.27,13313.463
000999.SZ,20020723,11.35,11.49,11.3,11.32,11.37,-0.05,-0.44,10819.39,12306.6465
000999.SZ,20020722,11.67,11.68,11.3,11.37,11.7,-0.33,-2.82,21800.15,24982.0268
000999.SZ,20020719,11.85,11.88,11.56,11.7,11.8,-0.1,-0.85,19397.26,22678.0901
000999.SZ,20020718,11.9,11.95,11.7,11.8,11.86,-0.06,-0.51,14771.27,17444.3642
000999.SZ,20020717,11.79,11.89,11.55,11.86,11.79,0.07,0.59,20355.46,23820.2146
000999.SZ,20020716,11.88,12.04,11.71,11.79,11.91,-0.12,-1.01,26785.08,31670.15
000999.SZ,20020715,11.84,12.4,11.82,11.91,11.81,0.1,0.85,123931.56,150374.7272
000999.SZ,20020712,11.58,11.84,11.44,11.81,11.58,0.23,1.99,29521.11,34372.7975
000999.SZ,20020711,11.42,11.79,11.31,11.58,11.56,0.02,0.17,33169.46,38256.9449
000999.SZ,20020710,11.81,11.81,11.53,11.56,11.83,-0.27,-2.28,35379.4,41149.1489
000999.SZ,20020709,11.84,11.99,11.68,11.83,11.84,-0.01,-0.08,44947.4,53191.3552
000999.SZ,20020708,11.42,11.9,11.4,11.84,11.4,0.44,3.86,78890.59,92748.8835
000999.SZ,20020705,11.34,11.48,11.2,11.4,11.34,0.06,0.53,16503.2,18740.5416
000999.SZ,20020704,11.52,11.56,11.29,11.34,11.49,-0.15,-1.31,26941.27,30767.3658
000999.SZ,20020703,11.18,11.6,11.1,11.49,11.15,0.34,3.05,61855.24,70845.9744
000999.SZ,20020702,11.0,11.16,10.89,11.15,11.0,0.15,1.36,9038.85,9967.4752
000999.SZ,20020701,11.05,11.22,10.98,11.0,10.99,0.01,0.09,12000.5,13339.9217
000999.SZ,20020628,11.09,11.29,10.88,10.99,11.09,-0.1,-0.9,24580.27,27119.8804
000999.SZ,20020627,11.23,11.3,11.05,11.09,11.22,-0.13,-1.16,13029.24,14498.6425
000999.SZ,20020626,11.19,11.35,11.0,11.22,11.2,0.02,0.18,25076.33,27932.0329
000999.SZ,20020625,11.58,11.68,11.07,11.2,11.42,-0.22,-1.93,51208.34,58337.4331
000999.SZ,20020624,11.42,11.42,10.9,11.42,10.38,1.04,10.02,80201.2,90810.0796
000999.SZ,20020621,9.9,10.5,9.9,10.38,9.81,0.57,5.81,41579.47,42738.9139
000999.SZ,20020620,9.52,9.89,9.46,9.81,9.5,0.31,3.26,13144.18,12849.5256
000999.SZ,20020619,9.53,9.61,9.45,9.5,9.59,-0.09,-0.94,3217.55,3060.4629
000999.SZ,20020618,9.39,9.62,9.39,9.59,9.38,0.21,2.24,3862.56,3682.4984
000999.SZ,20020617,9.2,9.39,9.18,9.38,9.29,0.09,0.97,1694.8,1575.037
000999.SZ,20020614,9.35,9.45,9.29,9.29,9.38,-0.09,-0.96,2205.0,2057.7864
000999.SZ,20020613,9.46,9.57,9.37,9.38,9.52,-0.14,-1.47,2333.0,2210.242
000999.SZ,20020612,9.65,9.69,9.45,9.52,9.66,-0.14,-1.45,2246.87,2140.0566
000999.SZ,20020611,9.7,9.73,9.53,9.66,9.66,0.0,0.0,2378.55,2297.4931
000999.SZ,20020610,9.74,9.77,9.52,9.66,9.75,-0.09,-0.92,4225.2,4068.365
000999.SZ,20020607,9.6,9.85,9.38,9.75,9.57,0.18,1.88,8091.18,7825.0789
000999.SZ,20020606,9.14,9.68,9.05,9.57,9.14,0.43,4.7,5861.85,5522.3143
000999.SZ,20020605,9.1,9.32,9.1,9.18,9.35,-0.17,-1.82,3883.05,3563.4608
000999.SZ,20020604,9.36,9.39,9.21,9.35,9.3,0.05,0.54,2910.68,2712.237
000999.SZ,20020603,9.4,9.45,9.25,9.3,9.66,-0.36,-3.73,5660.69,5272.2965
000999.SZ,20020531,9.78,9.82,9.65,9.66,9.76,-0.1,-1.02,2946.5,2859.6195
000999.SZ,20020530,9.72,9.87,9.51,9.76,9.79,-0.03,-0.31,5422.31,5248.9998
000999.SZ,20020529,10.01,10.1,9.7,9.79,10.11,-0.32,-3.17,4787.5,4728.6149
000999.SZ,20020528,10.0,10.16,9.98,10.11,9.98,0.13,1.3,3490.89,3525.2182
000999.SZ,20020527,9.88,10.02,9.8,9.98,9.86,0.12,1.22,3478.59,3445.3736
000999.SZ,20020524,10.1,10.1,9.84,9.86,10.05,-0.19,-1.89,3720.1,3678.4496
000999.SZ,20020523,9.98,10.36,9.98,10.05,9.98,0.07,0.7,5426.81,5529.902
000999.SZ,20020522,10.2,10.29,9.97,9.98,9.81,0.17,1.73,10248.5,10343.7831
000999.SZ,20020520,10.0,10.0,9.7,9.81,10.04,-0.23,-2.29,5360.29,5246.9682
000999.SZ,20020517,9.9,10.12,9.85,10.04,9.92,0.12,1.21,7043.85,7039.3543
000999.SZ,20020516,10.25,10.25,9.89,9.92,10.27,-0.35,-3.41,10269.18,10270.4015
000999.SZ,20020515,10.45,10.54,10.26,10.27,10.45,-0.18,-1.72,5010.66,5194.5476
000999.SZ,20020514,10.47,10.58,10.35,10.45,10.49,-0.04,-0.38,4456.26,4660.6124
000999.SZ,20020513,10.69,10.69,10.48,10.49,10.72,-0.23,-2.15,6735.55,7101.5033
000999.SZ,20020510,10.81,10.93,10.65,10.72,10.8,-0.08,-0.74,4172.28,4488.1053
000999.SZ,20020509,10.81,10.9,10.8,10.8,10.83,-0.03,-0.28,3242.04,3513.6028
000999.SZ,20020508,10.99,11.05,10.8,10.83,10.99,-0.16,-1.46,3349.3,3637.5617
000999.SZ,20020430,11.0,11.2,10.92,10.99,10.95,0.04,0.37,6247.21,6885.1986
000999.SZ,20020429,10.85,10.98,10.75,10.95,10.79,0.16,1.48,5782.37,6295.8372
000999.SZ,20020426,10.75,10.9,10.75,10.79,10.65,0.14,1.31,3869.0,4182.6037
000999.SZ,20020425,10.69,10.77,10.56,10.65,10.67,-0.02,-0.19,3774.64,4011.0582
000999.SZ,20020424,10.68,10.84,10.65,10.67,10.67,0.0,0.0,3460.8,3703.2972
000999.SZ,20020423,10.85,10.95,10.65,10.67,10.9,-0.23,-2.11,6507.41,7004.934
000999.SZ,20020422,11.11,11.12,10.88,10.9,11.13,-0.23,-2.07,4494.47,4913.2929
000999.SZ,20020419,11.17,11.17,10.85,11.13,11.18,-0.05,-0.45,6897.2,7563.1242
000999.SZ,20020418,11.0,11.29,11.0,11.18,10.9,0.28,2.57,17446.97,19495.1668
000999.SZ,20020417,10.98,10.98,10.76,10.9,10.84,0.06,0.55,3142.69,3401.1514
000999.SZ,20020416,10.82,10.98,10.77,10.84,10.82,0.02,0.18,4551.33,4928.1575
000999.SZ,20020415,10.93,10.95,10.75,10.82,10.94,-0.12,-1.1,4731.27,5121.6753
000999.SZ,20020412,10.92,11.01,10.83,10.94,10.95,-0.01,-0.09,5014.63,5480.4735
000999.SZ,20020411,11.26,11.28,10.95,10.95,11.24,-0.29,-2.58,10921.8,12089.011
000999.SZ,20020410,11.31,11.38,11.17,11.24,11.29,-0.05,-0.44,6751.76,7578.2891
000999.SZ,20020409,11.17,11.35,11.06,11.29,11.2,0.09,0.8,10403.3,11707.7457
000999.SZ,20020408,11.0,11.25,10.85,11.2,10.99,0.21,1.91,4425.6,4870.041
000999.SZ,20020405,11.05,11.28,10.94,10.99,11.0,-0.01,-0.09,9272.19,10263.2806
000999.SZ,20020404,10.64,11.04,10.46,11.0,10.61,0.39,3.68,8984.19,9642.7834
000999.SZ,20020403,10.51,10.75,10.51,10.61,10.62,-0.01,-0.09,6527.98,6920.8579
000999.SZ,20020402,10.98,11.03,10.48,10.62,10.83,-0.21,-1.94,10811.71,11635.5362
000999.SZ,20020329,11.1,11.2,10.78,10.83,11.21,-0.38,-3.39,14648.99,16111.0944
000999.SZ,20020328,11.26,11.35,11.1,11.21,11.27,-0.06,-0.53,7623.69,8578.4247
000999.SZ,20020327,11.06,11.33,11.03,11.27,11.11,0.16,1.44,10547.13,11818.2301
000999.SZ,20020326,11.35,11.35,11.05,11.11,11.35,-0.24,-2.11,12569.92,14041.3039
000999.SZ,20020325,11.4,11.44,11.25,11.35,11.48,-0.13,-1.13,7878.07,8930.722
000999.SZ,20020322,11.65,11.7,11.26,11.48,11.64,-0.16,-1.37,20682.72,23554.564
000999.SZ,20020321,11.7,11.88,11.51,11.64,11.7,-0.06,-0.51,17532.32,20387.0573
000999.SZ,20020320,11.73,11.84,11.48,11.7,11.68,0.02,0.17,37810.71,44243.7883
000999.SZ,20020319,11.38,11.7,11.18,11.68,11.35,0.33,2.91,47700.09,54772.6513
000999.SZ,20020318,11.19,11.52,11.1,11.35,11.01,0.34,3.09,25796.73,29193.497
000999.SZ,20020315,11.31,11.65,11.0,11.01,11.24,-0.23,-2.05,30323.31,34425.4529
000999.SZ,20020314,10.82,11.25,10.81,11.24,10.87,0.37,3.4,17321.3,19055.7206
000999.SZ,20020313,11.12,11.3,10.85,10.87,11.11,-0.24,-2.16,20395.23,22545.2732
000999.SZ,20020312,11.25,11.59,11.1,11.11,11.3,-0.19,-1.68,31196.7,35463.7985
000999.SZ,20020311,11.2,11.3,10.95,11.3,11.2,0.1,0.89,21003.19,23439.1318
000999.SZ,20020308,10.88,11.28,10.8,11.2,10.83,0.37,3.42,51256.37,56647.5475
000999.SZ,20020307,10.5,10.85,10.5,10.83,10.46,0.37,3.54,22169.49,23708.6497
000999.SZ,20020306,10.43,10.8,10.37,10.46,10.43,0.03,0.29,21043.36,22225.6216
000999.SZ,20020305,10.2,10.47,10.16,10.43,10.11,0.32,3.17,12557.65,13011.4631
000999.SZ,20020304,9.86,10.13,9.8,10.11,9.89,0.22,2.22,4394.15,4405.7515
000999.SZ,20020301,10.1,10.14,9.89,9.89,10.15,-0.26,-2.56,8576.95,8557.2301
000999.SZ,20020228,10.3,10.35,10.12,10.15,10.3,-0.15,-1.46,5930.14,6056.0656
000999.SZ,20020227,10.35,10.45,10.25,10.3,10.35,-0.05,-0.48,6029.34,6221.5744
000999.SZ,20020226,10.35,10.43,10.12,10.35,10.34,0.01,0.1,6881.64,7044.8577
000999.SZ,20020225,10.58,10.66,10.32,10.34,10.19,0.15,1.47,12896.03,13467.2618
000999.SZ,20020208,10.1,10.48,10.1,10.19,10.04,0.15,1.49,30601.83,31650.2914
000999.SZ,20020207,9.65,10.06,9.65,10.04,9.62,0.42,4.37,12072.76,11978.8519
000999.SZ,20020206,10.01,10.02,9.61,9.62,10.02,-0.4,-3.99,11363.3,11127.5423
000999.SZ,20020205,10.0,10.18,9.91,10.02,10.0,0.02,0.2,11270.54,11295.9821
000999.SZ,20020204,9.82,10.05,9.68,10.0,9.79,0.21,2.15,11922.84,11814.2767
000999.SZ,20020201,9.8,10.06,9.71,9.79,9.87,-0.08,-0.81,20777.12,20535.5468
000999.SZ,20020131,9.15,9.98,9.15,9.87,9.08,0.79,8.7,29119.65,28254.6046
000999.SZ,20020130,9.08,9.2,8.85,9.08,9.07,0.01,0.11,7635.92,6927.8789
000999.SZ,20020129,8.5,9.15,8.36,9.07,8.64,0.43,4.98,16062.46,14295.635
000999.SZ,20020128,9.52,9.62,8.62,8.64,9.58,-0.94,-9.81,18735.91,16968.5638
000999.SZ,20020125,9.33,9.98,9.3,9.58,9.42,0.16,1.7,24151.01,23472.475
000999.SZ,20020124,9.18,9.63,8.78,9.42,9.22,0.2,2.17,24493.05,22929.8113
000999.SZ,20020123,8.45,9.24,8.4,9.22,8.5,0.72,8.47,14035.34,12315.3988
000999.SZ,20020122,8.45,8.84,8.29,8.5,8.51,-0.01,-0.12,10483.57,8943.9278
000999.SZ,20020121,8.9,8.98,8.5,8.51,8.98,-0.47,-5.23,10588.6,9167.256
000999.SZ,20020118,8.99,9.2,8.72,8.98,9.07,-0.09,-0.99,12666.46,11373.2071
000999.SZ,20020117,9.6,9.6,9.0,9.07,9.69,-0.62,-6.4,12019.56,11153.3819
000999.SZ,20020116,9.66,9.86,9.38,9.69,9.64,0.05,0.52,11094.56,10615.2888
000999.SZ,20020115,9.98,10.1,9.62,9.64,10.03,-0.39,-3.89,12596.52,12350.5569
000999.SZ,20020114,10.02,10.16,9.91,10.03,10.22,-0.19,-1.86,10372.01,10412.1967
000999.SZ,20020111,10.67,10.67,10.18,10.22,10.68,-0.46,-4.31,5364.6,5540.6318
000999.SZ,20020110,10.66,10.78,10.16,10.68,10.68,0.0,0.0,8545.48,8932.9831
000999.SZ,20020109,10.53,10.75,10.5,10.68,10.55,0.13,1.23,7325.21,7771.1532
000999.SZ,20020108,10.5,10.7,10.5,10.55,10.56,-0.01,-0.09,3623.95,3838.7531
000999.SZ,20020107,10.5,10.74,10.5,10.56,10.78,-0.22,-2.04,5175.99,5482.6242
000999.SZ,20020104,11.15,11.2,10.7,10.78,11.14,-0.36,-3.23,5847.0,6376.0337
000999.SZ,20011231,11.01,11.14,11.0,11.14,11.0,0.14,1.27,4726.38,5242.619
000999.SZ,20011228,10.92,11.09,10.78,11.0,10.94,0.06,0.55,4782.54,5233.1231
000999.SZ,20011227,11.06,11.18,10.91,10.94,11.07,-0.13,-1.17,5839.3,6467.8338
000999.SZ,20011226,10.88,11.08,10.75,11.07,10.88,0.19,1.75,4119.93,4504.4715
000999.SZ,20011225,10.31,10.93,10.31,10.88,10.85,0.03,0.28,8028.22,8648.8184
000999.SZ,20011224,10.83,10.98,10.7,10.85,10.76,0.09,0.84,7103.0,7674.0259
000999.SZ,20011221,10.87,10.92,10.55,10.76,10.87,-0.11,-1.01,20936.91,22363.2613
000999.SZ,20011220,11.2,11.2,10.83,10.87,11.21,-0.34,-3.03,13341.0,14645.303
000999.SZ,20011219,11.5,11.52,11.05,11.21,11.48,-0.27,-2.35,10185.33,11562.8709
000999.SZ,20011218,11.2,11.48,11.2,11.48,11.23,0.25,2.23,6087.46,6900.9537
000999.SZ,20011217,11.41,11.55,11.11,11.23,11.45,-0.22,-1.92,10413.62,11829.8793
000999.SZ,20011214,11.49,11.73,11.33,11.45,11.55,-0.1,-0.87,10968.53,12633.8799
000999.SZ,20011213,11.98,12.09,11.52,11.55,12.01,-0.46,-3.83,14380.07,16942.9715
000999.SZ,20011212,12.09,12.22,11.98,12.01,12.1,-0.09,-0.74,11589.22,14020.1581
000999.SZ,20011211,12.21,12.38,12.06,12.1,12.29,-0.19,-1.55,13601.18,16549.8511
000999.SZ,20011210,12.4,12.48,12.21,12.29,12.41,-0.12,-0.97,11299.89,13900.1515
000999.SZ,20011207,12.49,12.55,12.29,12.41,12.41,0.0,0.0,17116.86,21268.1608
000999.SZ,20011206,12.06,12.53,12.03,12.41,12.06,0.35,2.9,41764.97,51426.7415
000999.SZ,20011205,12.3,12.3,12.01,12.06,12.3,-0.24,-1.95,15213.86,18438.4973
000999.SZ,20011204,12.2,12.34,11.96,12.3,12.16,0.14,1.15,35309.11,42688.3041
000999.SZ,20011203,12.09,12.38,12.07,12.16,12.07,0.09,0.75,35233.31,43062.7514
000999.SZ,20011130,11.99,12.08,11.87,12.07,11.85,0.22,1.86,33182.88,39906.3166
000999.SZ,20011129,11.93,11.97,11.75,11.85,11.94,-0.09,-0.75,11655.89,13804.1013
000999.SZ,20011128,12.08,12.1,11.94,11.94,12.01,-0.07,-0.58,21824.25,26184.0107
000999.SZ,20011127,11.74,12.06,11.66,12.01,11.74,0.27,2.3,20205.08,24210.0926
000999.SZ,20011126,11.75,11.79,11.52,11.74,11.79,-0.05,-0.42,13243.89,15453.0368
000999.SZ,20011123,12.0,12.0,11.61,11.79,11.99,-0.2,-1.67,24050.12,28277.0583
000999.SZ,20011122,12.08,12.09,11.85,11.99,12.09,-0.1,-0.83,39349.36,47084.0819
000999.SZ,20011121,11.8,12.15,11.71,12.09,11.66,0.43,3.69,62817.79,75179.53
000999.SZ,20011119,11.33,11.8,11.11,11.66,11.08,0.58,5.23,128997.86,149895.1568
000999.SZ,20011116,12.08,12.08,11.01,11.08,10.99,0.09,0.82,41627.13,47592.8569
000999.SZ,20011115,10.42,11.2,10.42,10.99,10.42,0.57,5.47,24013.17,26047.2571
000999.SZ,20011114,10.0,10.65,10.0,10.42,10.12,0.3,2.96,9715.54,10196.7084
000999.SZ,20011113,10.06,10.2,10.02,10.12,10.23,-0.11,-1.08,4371.49,4424.515
000999.SZ,20011112,10.36,10.38,10.22,10.23,10.36,-0.13,-1.25,2720.0,2802.9548
000999.SZ,20011109,10.25,10.4,10.13,10.36,10.25,0.11,1.07,5308.12,5452.2738
000999.SZ,20011108,10.01,10.34,9.91,10.25,10.16,0.09,0.89,6163.58,6253.0145
000999.SZ,20011107,10.76,10.76,10.14,10.16,10.76,-0.6,-5.58,8430.06,8757.1837
000999.SZ,20011106,10.73,10.88,10.7,10.76,10.75,0.01,0.09,3312.22,3575.5966
000999.SZ,20011105,11.13,11.13,10.73,10.75,11.13,-0.38,-3.41,8125.0,8807.0944
000999.SZ,20011102,11.1,11.23,11.0,11.13,11.2,-0.07,-0.63,6442.52,7160.4964
000999.SZ,20011101,10.78,11.3,10.63,11.2,10.89,0.31,2.85,15855.55,17513.1774
000999.SZ,20011031,11.0,11.07,10.77,10.89,11.14,-0.25,-2.24,8541.72,9273.2712
000999.SZ,20011030,11.25,11.3,11.13,11.14,11.26,-0.12,-1.07,4285.8,4801.1567
000999.SZ,20011029,11.06,11.28,11.0,11.26,11.02,0.24,2.18,8490.94,9491.7237
000999.SZ,20011026,11.1,11.2,10.8,11.02,11.13,-0.11,-0.99,10762.12,11812.0464
000999.SZ,20011025,11.26,11.49,11.02,11.13,11.53,-0.4,-3.47,12381.98,13902.2118
000999.SZ,20011024,11.39,11.85,11.14,11.53,10.97,0.56,5.1,45186.19,51776.4687
000999.SZ,20011023,10.97,10.97,10.61,10.97,9.97,1.0,10.03,26223.7,28688.809
000999.SZ,20011022,10.02,10.31,9.96,9.97,10.12,-0.15,-1.48,8119.38,8195.6944
000999.SZ,20011019,10.15,10.27,9.88,10.12,10.24,-0.12,-1.17,14154.12,14213.9974
000999.SZ,20011018,10.7,10.85,10.2,10.24,10.7,-0.46,-4.3,10905.71,11406.6819
000999.SZ,20011017,10.95,11.1,10.53,10.7,11.0,-0.3,-2.73,10196.22,11053.673
000999.SZ,20011016,11.54,11.54,10.98,11.0,11.43,-0.43,-3.76,6939.49,7719.7654
000999.SZ,20011015,11.45,11.49,11.03,11.43,11.39,0.04,0.35,8146.96,9179.543
000999.SZ,20011012,11.06,11.58,10.5,11.39,11.08,0.31,2.8,10950.63,12145.3789
000999.SZ,20011011,11.3,11.48,11.01,11.08,11.33,-0.25,-2.21,8284.21,9221.6655
000999.SZ,20011010,12.21,12.33,11.15,11.33,12.34,-1.01,-8.18,18815.46,21716.3154
000999.SZ,20011009,12.3,12.46,12.13,12.34,12.2,0.14,1.15,4858.8,5964.5931
000999.SZ,20011008,12.5,12.7,12.11,12.2,12.49,-0.29,-2.32,3463.6,4254.6629
000999.SZ,20010928,12.74,12.75,12.38,12.49,12.55,-0.06,-0.48,3911.09,4889.8783
000999.SZ,20010927,12.48,12.78,12.43,12.55,12.53,0.02,0.16,4430.41,5581.6497
000999.SZ,20010926,12.8,12.8,12.39,12.53,12.68,-0.15,-1.18,5022.91,6287.1713
000999.SZ,20010925,12.9,12.97,12.64,12.68,12.83,-0.15,-1.17,4288.2,5494.9681
000999.SZ,20010924,12.74,12.98,12.7,12.83,12.72,0.11,0.86,8020.54,10298.0391
000999.SZ,20010921,12.69,12.91,12.6,12.72,12.69,0.03,0.24,10132.22,12953.5739
000999.SZ,20010920,12.52,12.94,12.41,12.69,12.47,0.22,1.76,14569.66,18588.301
000999.SZ,20010919,12.3,12.56,12.12,12.47,12.2,0.27,2.21,5181.43,6396.8187
000999.SZ,20010918,12.04,12.4,12.03,12.2,12.04,0.16,1.33,5469.88,6629.2263
000999.SZ,20010917,12.25,12.34,11.95,12.04,12.35,-0.31,-2.51,10043.35,12153.0178
000999.SZ,20010914,12.51,12.65,12.25,12.35,12.51,-0.16,-1.28,6328.9,7828.989
000999.SZ,20010913,12.5,12.75,12.5,12.51,12.57,-0.06,-0.48,5829.9,7350.7636
000999.SZ,20010912,12.1,12.67,12.01,12.57,12.77,-0.2,-1.57,12546.25,15591.9401
000999.SZ,20010911,12.79,12.93,12.63,12.77,12.79,-0.02,-0.16,6393.07,8184.2386
000999.SZ,20010910,12.08,12.85,12.01,12.79,12.39,0.4,3.23,10197.24,12812.6593
000999.SZ,20010907,12.85,12.86,12.35,12.39,12.92,-0.53,-4.1,21509.7,26989.6796
000999.SZ,20010906,13.24,13.27,12.89,12.92,13.23,-0.31,-2.34,10678.73,13910.4179
000999.SZ,20010905,13.26,13.45,13.1,13.23,13.2,0.03,0.23,17170.76,22847.0719
000999.SZ,20010904,12.85,13.2,12.81,13.2,12.81,0.39,3.04,18881.78,24606.9916
000999.SZ,20010903,13.09,13.09,12.71,12.81,12.91,-0.1,-0.77,9859.0,12647.0
000999.SZ,20010831,13.28,13.47,12.88,12.91,13.03,-0.12,-0.92,22671.32,29798.4472
000999.SZ,20010830,12.49,13.2,12.33,13.03,12.66,0.37,2.92,57118.39,73709.8346
000999.SZ,20010829,12.6,13.3,12.6,12.66,14.0,-1.34,-9.57,70776.9,91286.7964
000999.SZ,20010827,14.5,14.57,14.0,14.0,14.57,-0.57,-3.91,7885.33,11194.506
000999.SZ,20010824,14.6,14.8,14.55,14.57,14.58,-0.01,-0.07,3008.83,4399.8316
000999.SZ,20010823,14.7,14.7,14.5,14.58,14.75,-0.17,-1.15,5239.5,7645.8225
000999.SZ,20010822,15.1,15.1,14.6,14.75,15.0,-0.25,-1.67,3068.14,4524.4112
000999.SZ,20010821,15.08,15.1,14.95,15.0,14.98,0.02,0.13,2745.5,4131.5323
000999.SZ,20010820,14.9,15.09,14.8,14.98,14.75,0.23,1.56,1056.8,1581.764
000999.SZ,20010817,14.8,14.88,14.68,14.75,14.85,-0.1,-0.67,2946.41,4346.083
000999.SZ,20010816,15.1,15.16,14.81,14.85,15.1,-0.25,-1.66,2131.0,3187.3995
000999.SZ,20010815,14.98,15.12,14.87,15.1,14.98,0.12,0.8,2261.5,3379.422
000999.SZ,20010814,15.3,15.3,14.85,14.98,15.29,-0.31,-2.03,4089.17,6157.5872
000999.SZ,20010813,15.35,15.49,15.19,15.29,15.35,-0.06,-0.39,6588.25,10097.7214
000999.SZ,20010810,14.89,15.35,14.88,15.35,14.87,0.48,3.23,7920.26,12058.1319
000999.SZ,20010809,14.65,14.87,14.65,14.87,14.63,0.24,1.64,3580.89,5287.9893
000999.SZ,20010808,14.52,14.8,14.22,14.63,14.52,0.11,0.76,4379.95,6372.7875
000999.SZ,20010807,14.54,14.76,14.16,14.52,14.55,-0.03,-0.21,10464.56,15057.2984
000999.SZ,20010806,15.2,15.2,14.4,14.55,15.25,-0.7,-4.59,7374.4,10819.3235
000999.SZ,20010803,15.36,15.36,15.1,15.25,15.3,-0.05,-0.33,2559.53,3895.6822
000999.SZ,20010802,15.47,15.49,14.91,15.3,15.47,-0.17,-1.1,6787.36,10262.3636
000999.SZ,20010801,14.71,15.52,14.71,15.47,14.69,0.78,5.31,9665.2,14673.3818
000999.SZ,20010731,15.05,15.3,14.63,14.69,15.13,-0.44,-2.91,9961.78,14898.1646
000999.SZ,20010730,16.36,16.36,15.3,15.39,16.36,-0.97,-5.93,10597.82,16679.1651
000999.SZ,20010727,16.65,16.76,16.3,16.36,16.65,-0.29,-1.74,9589.24,15768.7175
000999.SZ,20010726,17.09,17.15,16.61,16.65,17.1,-0.45,-2.63,8832.09,14854.3701
000999.SZ,20010725,17.19,17.28,17.07,17.1,17.2,-0.1,-0.58,4583.64,7852.6511
000999.SZ,20010724,17.4,17.42,17.18,17.2,17.42,-0.22,-1.26,6162.0,10612.8257
000999.SZ,20010723,17.52,17.6,17.39,17.42,17.5,-0.08,-0.46,4521.0,7882.465
000999.SZ,20010720,17.59,17.59,17.4,17.5,17.59,-0.09,-0.51,5213.76,9107.6244
000999.SZ,20010719,17.5,17.6,17.24,17.59,17.25,0.34,1.97,2920.36,5075.3842
000999.SZ,20010718,17.3,17.38,17.18,17.25,17.28,-0.03,-0.17,3934.71,6777.5958
000999.SZ,20010717,17.57,17.57,17.08,17.28,17.59,-0.31,-1.76,12311.81,21205.5656
000999.SZ,20010716,18.01,18.03,17.55,17.59,18.0,-0.41,-2.28,10795.59,19166.9051
000999.SZ,20010713,18.05,18.1,17.99,18.0,18.01,-0.01,-0.06,3038.5,5481.827
000999.SZ,20010712,18.01,18.1,17.95,18.01,18.01,0.0,0.0,2845.3,5125.6006
000999.SZ,20010711,18.2,18.26,18.0,18.01,18.18,-0.17,-0.94,3373.95,6099.223
000999.SZ,20010710,17.99,18.3,17.98,18.18,17.96,0.22,1.22,9040.24,16346.5492
000999.SZ,20010709,18.09,18.1,17.94,17.96,18.1,-0.14,-0.77,5828.52,10492.9194
000999.SZ,20010706,18.02,18.43,17.96,18.1,18.02,0.08,0.44,6943.66,12623.4798
000999.SZ,20010705,18.2,18.2,17.98,18.02,18.14,-0.12,-0.66,8401.5,15155.8322
000999.SZ,20010704,18.27,18.35,18.1,18.14,18.09,0.05,0.28,4627.5,8403.8043
000999.SZ,20010703,18.1,18.17,18.0,18.09,18.11,-0.02,-0.11,6179.16,11155.0371
000999.SZ,20010702,18.27,18.38,18.05,18.11,18.27,-0.16,-0.88,4732.13,8589.4004
000999.SZ,20010629,18.15,18.46,18.15,18.27,18.12,0.15,0.83,4994.57,9132.6508
000999.SZ,20010628,18.25,18.25,18.0,18.12,18.2,-0.08,-0.44,21159.2,38283.9404
000999.SZ,20010627,18.33,18.33,18.15,18.2,18.33,-0.13,-0.71,10957.72,19951.1641
000999.SZ,20010626,18.41,18.5,18.24,18.33,18.4,-0.07,-0.38,11136.66,20373.3036
000999.SZ,20010625,18.45,18.5,18.2,18.4,18.36,0.04,0.22,11490.1,21017.437
000999.SZ,20010622,18.35,18.45,18.26,18.36,18.3,0.06,0.33,6926.73,12684.6463
000999.SZ,20010621,18.2,18.32,18.09,18.3,18.21,0.09,0.49,9951.6,18091.4109
000999.SZ,20010620,18.35,18.35,18.16,18.21,18.3,-0.09,-0.49,5540.27,10094.0256
000999.SZ,20010619,18.4,18.5,18.25,18.3,18.39,-0.09,-0.49,7314.54,13408.0207
000999.SZ,20010618,18.6,18.75,18.36,18.39,18.6,-0.21,-1.13,10457.62,19347.7113
000999.SZ,20010615,18.5,18.78,18.41,18.6,18.57,0.03,0.16,8799.03,16309.7479
000999.SZ,20010614,18.9,18.9,18.55,18.57,18.88,-0.31,-1.64,8688.86,16278.7156
000999.SZ,20010613,18.63,18.96,18.62,18.88,18.6,0.28,1.51,10435.83,19602.9252
000999.SZ,20010612,18.6,18.7,18.52,18.6,18.55,0.05,0.27,6190.38,11506.1443
000999.SZ,20010611,18.88,18.88,18.51,18.55,18.6,-0.05,-0.27,7327.93,13614.1694
000999.SZ,20010608,18.7,18.81,18.57,18.6,18.69,-0.09,-0.48,6092.24,11355.2869
000999.SZ,20010607,18.65,18.8,18.58,18.69,18.65,0.04,0.21,10619.88,19810.1751
000999.SZ,20010606,18.82,18.92,18.5,18.65,18.8,-0.15,-0.8,8824.87,16480.8527
000999.SZ,20010605,18.75,18.95,18.7,18.8,18.75,0.05,0.27,6340.61,11914.7743
000999.SZ,20010604,18.9,18.99,18.61,18.75,18.9,-0.15,-0.79,5514.94,10334.6236
000999.SZ,20010601,18.56,18.96,18.4,18.9,18.54,0.36,1.94,12671.61,23458.1361
000999.SZ,20010531,18.67,18.8,18.49,18.54,18.61,-0.07,-0.38,13164.83,24418.7688
000999.SZ,20010530,18.58,18.63,18.48,18.61,18.51,0.1,0.54,10075.61,18675.0237
000999.SZ,20010529,18.7,18.85,18.48,18.51,18.73,-0.22,-1.17,8112.5,15114.1526
000999.SZ,20010528,18.62,18.88,18.41,18.73,18.62,0.11,0.59,9066.99,16801.4183
000999.SZ,20010525,18.8,18.85,18.54,18.62,18.76,-0.14,-0.75,15680.24,29217.1512
000999.SZ,20010524,18.8,18.9,18.74,18.76,18.8,-0.04,-0.21,15509.57,29124.8191
000999.SZ,20010523,19.01,19.2,18.73,18.8,19.01,-0.21,-1.1,15401.32,28977.0664
000999.SZ,20010522,19.22,19.28,18.9,19.01,19.2,-0.19,-0.99,17612.09,33457.8752
000999.SZ,20010521,19.5,19.5,19.1,19.2,19.35,-0.15,-0.78,24201.36,46443.6928
000999.SZ,20010518,18.9,19.87,18.87,19.35,19.3,0.05,0.26,49863.82,97375.0377
000999.SZ,20010517,19.59,19.6,19.3,19.3,19.53,-0.23,-1.18,11952.88,23172.4793
000999.SZ,20010516,18.99,19.57,18.99,19.53,18.95,0.58,3.06,14622.92,28301.4624
000999.SZ,20010515,18.85,19.05,18.83,18.95,18.85,0.1,0.53,3757.5,7130.2452
000999.SZ,20010514,19.0,19.0,18.75,18.85,18.91,-0.06,-0.32,5190.79,9772.5051
000999.SZ,20010511,19.1,19.15,18.89,18.91,19.04,-0.13,-0.68,2864.59,5432.3565
000999.SZ,20010510,18.8,19.04,18.7,19.04,18.78,0.26,1.38,4380.0,8224.0
000999.SZ,20010509,18.8,18.92,18.74,18.78,18.81,-0.03,-0.16,3701.4,6970.8332
000999.SZ,20010508,18.85,19.0,18.78,18.81,18.85,-0.04,-0.21,2807.4,5285.2343
000999.SZ,20010430,18.8,19.1,18.75,18.85,18.75,0.1,0.53,2410.0,4538.0
000999.SZ,20010427,18.7,18.83,18.7,18.75,18.68,0.07,0.37,4241.3,7957.8704
000999.SZ,20010426,18.7,18.9,18.63,18.68,18.75,-0.07,-0.37,5638.58,10544.2706
000999.SZ,20010425,19.01,19.1,18.7,18.75,19.1,-0.35,-1.83,7490.0,14171.1796
000999.SZ,20010424,19.0,19.3,18.94,19.1,18.94,0.16,0.84,4544.0,8675.0
000999.SZ,20010423,19.15,19.18,18.9,18.94,19.15,-0.21,-1.1,7085.06,13455.4947
000999.SZ,20010420,19.1,19.46,19.1,19.15,19.07,0.08,0.42,7672.61,14782.0896
000999.SZ,20010419,19.2,19.25,19.01,19.07,19.19,-0.12,-0.63,9312.97,17772.5905
000999.SZ,20010418,19.44,19.5,19.1,19.19,19.44,-0.25,-1.29,8503.0,16385.0207
000999.SZ,20010417,19.61,19.65,19.4,19.44,19.57,-0.13,-0.66,8923.08,17385.1632
000999.SZ,20010416,19.3,19.65,19.3,19.57,19.3,0.27,1.4,11939.07,23301.749
000999.SZ,20010413,19.3,19.49,19.22,19.3,19.29,0.01,0.05,6816.66,13188.1321
000999.SZ,20010412,19.0,19.39,18.9,19.29,18.92,0.37,1.96,9136.08,17434.3003
000999.SZ,20010411,19.11,19.18,18.85,18.92,19.06,-0.14,-0.73,7581.77,14352.6432
000999.SZ,20010410,18.9,19.11,18.9,19.06,18.94,0.12,0.63,4845.35,9209.0466
000999.SZ,20010409,19.05,19.05,18.89,18.94,19.08,-0.14,-0.73,6505.11,12310.1121
000999.SZ,20010406,19.15,19.26,19.02,19.08,19.15,-0.07,-0.37,4451.1,8501.6368
000999.SZ,20010405,19.0,19.18,18.97,19.15,19.02,0.13,0.68,6498.46,12364.5948
000999.SZ,20010404,19.38,19.45,19.0,19.02,19.39,-0.37,-1.91,7843.5,15063.2604
000999.SZ,20010403,19.4,19.78,19.25,19.39,19.35,0.04,0.21,10518.0,20436.0262
000999.SZ,20010402,19.35,19.53,19.2,19.35,19.43,-0.08,-0.41,9361.8,18143.1721
000999.SZ,20010330,19.58,19.6,19.4,19.43,19.57,-0.14,-0.72,8532.69,16608.0522
000999.SZ,20010329,19.5,19.85,19.5,19.57,19.73,-0.16,-0.81,6781.98,13330.4074
000999.SZ,20010328,19.3,19.9,19.3,19.73,19.21,0.52,2.71,17804.26,35107.0508
000999.SZ,20010327,19.2,19.36,19.1,19.21,19.19,0.02,0.1,9155.65,17565.3232
000999.SZ,20010326,19.01,19.3,18.88,19.19,19.01,0.18,0.95,5326.13,10166.6638
000999.SZ,20010323,19.4,19.48,19.0,19.01,19.31,-0.3,-1.55,8236.7,15762.2979
000999.SZ,20010322,19.21,19.58,19.2,19.31,19.14,0.17,0.89,9698.28,18776.7103
000999.SZ,20010321,18.76,19.24,18.75,19.14,18.76,0.38,2.03,7856.93,14971.3652
000999.SZ,20010320,18.67,18.99,18.62,18.76,18.67,0.09,0.48,5633.0,10609.0431
000999.SZ,20010319,18.7,18.7,18.5,18.67,18.75,-0.08,-0.43,6153.82,11422.2063
000999.SZ,20010316,18.72,18.8,18.61,18.75,18.71,0.04,0.21,3922.31,7339.3571
000999.SZ,20010315,18.81,18.86,18.6,18.71,18.79,-0.08,-0.43,4739.65,8875.6802
000999.SZ,20010314,18.66,18.8,18.6,18.79,18.65,0.14,0.75,3816.7,7135.6816
000999.SZ,20010313,18.9,18.92,18.57,18.65,18.92,-0.27,-1.43,4450.93,8327.1907
000999.SZ,20010312,19.18,19.18,18.85,18.92,19.1,-0.18,-0.94,4399.0,8340.8913
000999.SZ,20010309,19.0,19.21,18.92,19.1,18.95,0.15,0.79,5612.28,10717.395
000999.SZ,20010308,18.8,18.95,18.77,18.95,18.82,0.13,0.69,4891.73,9220.3996
000999.SZ,20010307,18.9,18.96,18.75,18.82,18.8,0.02,0.11,5178.73,9761.094
000999.SZ,20010306,18.91,18.95,18.73,18.8,18.94,-0.14,-0.74,3928.96,7384.2694
000999.SZ,20010305,19.0,19.1,18.8,18.94,18.95,-0.01,-0.05,3983.1,7545.7476
000999.SZ,20010302,18.5,19.05,18.48,18.95,18.46,0.49,2.65,6936.68,13112.3581
000999.SZ,20010301,18.5,18.64,18.36,18.46,18.48,-0.02,-0.11,4012.7,7413.4907
000999.SZ,20010228,18.7,18.78,18.38,18.48,18.69,-0.21,-1.12,4311.63,7968.9797
000999.SZ,20010227,18.68,18.76,18.51,18.69,18.62,0.07,0.38,4542.78,8460.7778
000999.SZ,20010226,18.34,18.63,18.3,18.62,18.34,0.28,1.53,5936.66,10988.1011
000999.SZ,20010223,18.29,18.45,17.88,18.34,18.31,0.03,0.16,14593.43,26397.1668
000999.SZ,20010222,18.75,18.85,18.3,18.31,18.77,-0.46,-2.45,9071.5,16847.8068
000999.SZ,20010221,19.01,19.01,18.62,18.77,19.01,-0.24,-1.26,8213.24,15424.7454
000999.SZ,20010220,19.26,19.39,18.98,19.01,19.2,-0.19,-0.99,6476.72,12389.694
000999.SZ,20010219,19.02,19.3,18.98,19.2,19.06,0.14,0.73,3825.06,7303.1077
000999.SZ,20010216,19.0,19.06,18.8,19.06,19.02,0.04,0.21,4234.45,8008.0602
000999.SZ,20010215,19.21,19.28,19.0,19.02,19.2,-0.18,-0.94,4020.51,7672.082
000999.SZ,20010214,19.21,19.35,19.16,19.2,19.21,-0.01,-0.05,2882.56,5537.6523
000999.SZ,20010213,19.5,19.5,19.16,19.21,19.21,0.0,0.0,3368.03,6497.5493
000999.SZ,20010212,19.4,19.42,18.98,19.21,19.31,-0.1,-0.52,5178.51,9881.7756
000999.SZ,20010209,19.05,19.5,18.98,19.31,19.05,0.26,1.36,5882.48,11275.6951
000999.SZ,20010208,19.39,19.58,19.0,19.05,19.46,-0.41,-2.11,5021.05,9662.7027
000999.SZ,20010207,19.6,19.76,19.2,19.46,19.65,-0.19,-0.97,3247.85,6320.6889
000999.SZ,20010206,19.79,19.79,19.0,19.65,19.85,-0.2,-1.01,9860.01,19058.0198
000999.SZ,20010205,20.4,20.4,19.8,19.85,20.39,-0.54,-2.65,6147.0,12321.7477
000999.SZ,20010119,20.29,20.47,20.13,20.39,20.07,0.32,1.59,6598.93,13421.4755
000999.SZ,20010118,20.0,20.28,19.98,20.07,20.0,0.07,0.35,5709.44,11466.9322
000999.SZ,20010117,20.2,20.23,19.9,20.0,20.15,-0.15,-0.74,6920.0,13865.2895
000999.SZ,20010116,19.9,20.3,19.81,20.15,20.01,0.14,0.7,9860.62,19739.9153
000999.SZ,20010115,20.8,20.8,20.0,20.01,20.79,-0.78,-3.75,10821.18,21982.065
000999.SZ,20010112,21.14,21.15,20.69,20.79,21.14,-0.35,-1.66,8277.67,17270.0048
000999.SZ,20010111,20.9,21.3,20.81,21.14,20.9,0.24,1.15,11125.83,23359.6831
000999.SZ,20010110,20.75,21.09,20.62,20.9,20.74,0.16,0.77,7295.0,15257.8561
000999.SZ,20010109,20.6,20.88,20.5,20.74,20.59,0.15,0.73,8862.01,18278.6128
000999.SZ,20010108,21.09,21.12,20.52,20.59,21.09,-0.5,-2.37,15900.19,32957.9874
000999.SZ,20010105,21.01,21.28,20.84,21.09,21.0,0.09,0.43,17028.64,35866.7097
000999.SZ,20010104,21.31,21.49,20.98,21.0,21.19,-0.19,-0.9,19852.76,41974.008
000999.SZ,20010103,21.3,21.6,21.05,21.19,21.18,0.01,0.05,69840.6,149195.7554
000999.SZ,20010102,20.12,21.37,20.08,21.18,20.15,1.03,5.11,59658.72,124765.9883
000999.SZ,20001229,20.35,20.35,20.0,20.15,19.94,0.21,1.05,7320.98,14719.1039
000999.SZ,20001228,20.0,20.01,19.78,19.94,19.87,0.07,0.35,10404.92,20668.305
000999.SZ,20001227,20.12,20.2,19.77,19.87,20.12,-0.25,-1.24,12105.0,24055.1026
000999.SZ,20001226,19.81,20.15,19.68,20.12,19.79,0.33,1.67,11020.7,21841.2073
000999.SZ,20001225,20.07,20.08,19.66,19.79,20.08,-0.29,-1.44,14291.0,28379.6993
000999.SZ,20001222,20.18,20.3,20.0,20.08,20.18,-0.1,-0.5,11363.46,22812.4322
000999.SZ,20001221,20.51,20.69,20.1,20.18,20.4,-0.22,-1.08,11950.5,24301.3473
000999.SZ,20001220,20.03,20.45,20.0,20.4,20.03,0.37,1.85,15965.2,32216.8082
000999.SZ,20001219,20.13,20.2,20.0,20.03,20.03,0.0,0.0,13214.57,26499.6989
000999.SZ,20001218,20.2,20.35,19.8,20.03,20.2,-0.17,-0.84,13594.08,27200.2624
000999.SZ,20001215,20.08,20.48,20.08,20.2,20.08,0.12,0.6,8188.08,16525.725
000999.SZ,20001214,20.35,20.35,19.99,20.08,20.33,-0.25,-1.23,16105.86,32375.2123
000999.SZ,20001213,20.54,20.54,20.2,20.33,20.41,-0.08,-0.39,9800.12,19894.8273
000999.SZ,20001212,20.01,20.5,20.01,20.41,20.26,0.15,0.74,11804.99,23979.5396
000999.SZ,20001211,20.61,20.96,20.15,20.26,20.98,-0.72,-3.43,17871.08,36553.5954
000999.SZ,20001208,21.09,21.15,20.81,20.98,21.09,-0.11,-0.52,13208.4,27687.8559
000999.SZ,20001207,21.5,21.55,21.01,21.09,21.51,-0.42,-1.95,24534.21,52081.6769
000999.SZ,20001206,22.0,22.1,21.5,21.51,21.92,-0.41,-1.87,17798.0,38632.6566
000999.SZ,20001205,21.87,22.14,21.85,21.92,21.87,0.05,0.23,21890.31,48202.9773
000999.SZ,20001204,21.75,22.1,21.5,21.87,21.86,0.01,0.05,19635.31,42672.1195
000999.SZ,20001201,21.8,22.2,21.76,21.86,21.75,0.11,0.51,18699.2,41113.4725
000999.SZ,20001130,21.81,21.95,21.5,21.75,21.79,-0.04,-0.18,14028.69,30373.7102
000999.SZ,20001129,22.2,22.29,21.54,21.79,22.11,-0.32,-1.45,22490.8,49114.2116
000999.SZ,20001128,21.5,22.2,21.45,22.11,21.43,0.68,3.17,35793.02,77876.5409
000999.SZ,20001127,21.7,22.21,21.4,21.43,21.78,-0.35,-1.61,47274.47,102507.9764
000999.SZ,20001124,21.97,22.39,21.6,21.78,21.96,-0.18,-0.82,89107.43,195614.2977
000999.SZ,20001123,21.6,22.8,21.56,21.96,21.2,0.76,3.58,180918.38,400412.2663
000999.SZ,20001122,19.4,21.2,19.27,21.2,19.27,1.93,10.02,151468.24,308128.2903
000999.SZ,20001121,19.49,19.6,19.15,19.27,19.49,-0.22,-1.13,121267.5,233546.7387
000999.SZ,20001120,18.8,20.0,18.8,19.49,20.35,-0.86,-4.23,132041.27,256847.6232
000999.SZ,20001117,20.58,20.66,20.2,20.35,20.56,-0.21,-1.02,8633.0,17595.4004
000999.SZ,20001116,20.6,20.78,20.38,20.56,20.47,0.09,0.44,7932.0,16275.4246
000999.SZ,20001115,19.98,20.8,19.96,20.47,20.02,0.45,2.25,12056.0,24755.6446
000999.SZ,20001114,20.15,20.2,19.86,20.02,20.15,-0.13,-0.65,5287.0,10564.6868
000999.SZ,20001113,20.15,20.29,20.05,20.15,20.07,0.08,0.4,6643.0,13357.581
000999.SZ,20001110,19.96,20.34,19.96,20.07,19.95,0.12,0.6,8483.0,17070.2307
000999.SZ,20001109,19.68,20.1,19.66,19.95,19.55,0.4,2.05,5908.0,11770.4922
000999.SZ,20001108,19.42,19.64,19.38,19.55,19.4,0.15,0.77,3995.0,7791.4686
000999.SZ,20001107,19.6,19.66,19.36,19.4,19.51,-0.11,-0.56,3318.0,6458.05
000999.SZ,20001106,19.59,19.66,19.41,19.51,19.59,-0.08,-0.41,2540.0,4959.5161
000999.SZ,20001103,19.62,19.78,19.5,19.59,19.73,-0.14,-0.71,2232.0,4364.1819
000999.SZ,20001102,19.55,19.86,19.45,19.73,19.54,0.19,0.97,3156.0,6183.4397
000999.SZ,20001101,19.54,19.6,19.4,19.54,19.54,0.0,0.0,2418.0,4706.4885
000999.SZ,20001031,19.95,19.95,19.5,19.54,19.95,-0.41,-2.06,1949.0,3835.7659
000999.SZ,20001030,19.65,20.1,19.08,19.95,19.66,0.29,1.48,3699.0,7237.5906
000999.SZ,20001027,19.75,19.97,19.6,19.66,19.78,-0.12,-0.61,2677.0,5280.461
000999.SZ,20001026,20.06,20.3,19.74,19.78,20.07,-0.29,-1.44,4644.0,9235.7843
000999.SZ,20001025,20.29,20.47,20.01,20.07,19.95,0.12,0.6,11552.0,23408.5881
000999.SZ,20001024,19.5,19.96,19.35,19.95,19.45,0.5,2.57,6231.0,12225.441
000999.SZ,20001023,19.44,19.56,19.3,19.45,19.39,0.06,0.31,4394.0,8541.2366
000999.SZ,20001020,18.9,19.5,18.8,19.39,18.9,0.49,2.59,4504.0,8652.4404
000999.SZ,20001019,19.1,19.22,18.9,18.9,19.17,-0.27,-1.41,1621.0,3076.661
000999.SZ,20001018,18.81,19.18,18.81,19.17,18.79,0.38,2.02,2589.0,4919.9794
000999.SZ,20001017,18.75,18.88,18.6,18.79,18.75,0.04,0.21,2450.0,4579.1124
000999.SZ,20001016,19.1,19.11,18.7,18.75,19.15,-0.4,-2.09,2516.0,4737.768
000999.SZ,20001013,19.2,19.78,18.95,19.15,18.9,0.25,1.32,3105.0,5910.6059
000999.SZ,20001012,19.27,19.3,18.9,18.9,19.27,-0.37,-1.92,3626.0,6875.9874
000999.SZ,20001011,19.19,19.56,19.18,19.27,19.12,0.15,0.78,4055.0,7840.5507
000999.SZ,20001010,19.08,19.2,18.93,19.12,19.01,0.11,0.58,3163.0,6027.6132
000999.SZ,20001009,19.11,19.4,18.88,19.01,19.11,-0.1,-0.52,2558.0,4869.1811
000999.SZ,20000929,18.88,19.12,18.8,19.11,18.88,0.23,1.22,3107.0,5906.1386
000999.SZ,20000928,19.26,19.26,18.86,18.88,19.26,-0.38,-1.97,2029.0,3856.6598
000999.SZ,20000927,18.8,19.3,18.73,19.26,18.8,0.46,2.45,2892.0,5505.3832
000999.SZ,20000926,18.71,19.0,18.65,18.8,18.71,0.09,0.48,2232.0,4191.8556
000999.SZ,20000925,19.0,19.0,18.6,18.71,19.1,-0.39,-2.04,6412.0,12021.0996
000999.SZ,20000922,19.49,19.49,19.02,19.1,19.49,-0.39,-2.0,5457.0,10438.9711
000999.SZ,20000921,19.5,19.8,19.48,19.49,19.46,0.03,0.15,3477.0,6811.9776
000999.SZ,20000920,19.65,19.79,19.31,19.46,19.65,-0.19,-0.97,6385.0,12446.4788
000999.SZ,20000919,20.2,20.29,19.5,19.65,20.39,-0.74,-3.63,7893.0,15597.3582
000999.SZ,20000918,20.68,20.8,20.38,20.39,20.72,-0.33,-1.59,3678.0,7544.2874
000999.SZ,20000915,20.9,20.9,20.55,20.72,20.88,-0.16,-0.77,2994.0,6183.6631
000999.SZ,20000914,21.29,21.38,20.85,20.88,20.9,-0.02,-0.1,2977.0,6234.6262
000999.SZ,20000913,20.8,20.98,20.7,20.9,20.8,0.1,0.48,3162.0,6582.7547
000999.SZ,20000912,20.68,20.8,20.6,20.8,20.6,0.2,0.97,3319.0,6868.925
000999.SZ,20000911,20.71,20.87,20.5,20.6,20.67,-0.07,-0.34,2935.0,6051.0549
000999.SZ,20000908,20.7,20.79,20.6,20.67,20.68,-0.01,-0.05,3101.0,6413.5231
000999.SZ,20000907,20.6,21.0,20.45,20.68,20.6,0.08,0.39,9375.0,19328.3936
000999.SZ,20000906,21.08,21.28,20.6,20.6,21.09,-0.49,-2.32,6258.6,13021.196
000999.SZ,20000905,21.79,21.98,21.05,21.09,21.7,-0.61,-2.81,5486.0,11736.8033
000999.SZ,20000904,21.41,21.7,21.4,21.7,21.41,0.29,1.35,5019.0,10828.0838
000999.SZ,20000901,22.25,22.25,21.31,21.41,21.85,-0.44,-2.01,6069.0,13211.2236
000999.SZ,20000831,21.8,22.25,21.67,21.85,21.88,-0.03,-0.14,14604.0,32126.6884
000999.SZ,20000830,21.51,22.3,21.51,21.88,21.51,0.37,1.72,28120.0,62084.666
000999.SZ,20000829,21.23,21.75,21.16,21.51,21.24,0.27,1.27,6801.0,14570.5118
000999.SZ,20000828,21.4,21.42,21.16,21.24,21.42,-0.18,-0.84,7748.0,16464.4206
000999.SZ,20000825,21.55,21.58,21.4,21.42,21.49,-0.07,-0.33,4328.0,9280.8198
000999.SZ,20000824,21.22,21.69,21.2,21.49,21.07,0.42,1.99,5139.0,11039.0642
000999.SZ,20000823,21.45,21.46,20.55,21.07,21.48,-0.41,-1.91,12340.0,25958.8726
000999.SZ,20000822,21.55,21.7,21.48,21.48,21.55,-0.07,-0.32,5574.0,12022.9463
000999.SZ,20000821,21.62,21.8,21.5,21.55,21.62,-0.07,-0.32,5664.0,12194.3329
000999.SZ,20000818,21.6,21.73,21.5,21.62,21.6,0.02,0.09,3813.0,8244.0697
000999.SZ,20000817,21.7,21.75,21.51,21.6,21.7,-0.1,-0.46,3448.0,7443.9968
000999.SZ,20000816,21.55,21.98,21.42,21.7,21.55,0.15,0.7,9305.0,20163.832
000999.SZ,20000815,21.7,21.72,21.52,21.55,21.69,-0.14,-0.65,5374.0,11596.5253
000999.SZ,20000814,21.72,21.79,21.59,21.69,21.73,-0.04,-0.18,5957.0,12905.159
000999.SZ,20000811,21.58,22.0,21.51,21.73,21.58,0.15,0.7,10609.0,23110.0727
000999.SZ,20000810,21.58,21.64,21.5,21.58,21.56,0.02,0.09,6654.0,14346.0669
000999.SZ,20000809,21.51,21.65,21.5,21.56,21.59,-0.03,-0.14,5359.0,11546.6061
000999.SZ,20000808,21.86,21.86,21.5,21.59,21.63,-0.04,-0.18,5046.0,10894.1572
000999.SZ,20000807,21.56,21.79,21.4,21.63,21.56,0.07,0.32,4862.0,10456.0632
000999.SZ,20000804,21.8,21.8,21.5,21.56,21.78,-0.22,-1.01,5188.0,11198.2655
000999.SZ,20000803,21.95,22.0,21.7,21.78,21.91,-0.13,-0.59,4844.0,10595.8028
000999.SZ,20000802,21.76,22.19,21.76,21.91,21.69,0.22,1.01,5928.0,13026.2476
000999.SZ,20000801,21.6,21.94,21.52,21.69,21.6,0.09,0.42,3756.0,8130.8142
000999.SZ,20000731,21.6,21.68,21.5,21.6,21.65,-0.05,-0.23,4895.0,10548.9531
000999.SZ,20000728,22.09,22.1,21.5,21.65,22.0,-0.35,-1.59,3842.0,8362.8222
000999.SZ,20000727,21.6,22.15,21.5,22.0,21.6,0.4,1.85,9085.0,19706.4119
000999.SZ,20000726,21.75,21.8,21.55,21.6,21.59,0.01,0.05,4003.0,8660.6657
000999.SZ,20000725,21.4,21.75,21.4,21.59,21.47,0.12,0.56,3320.0,7140.3439
000999.SZ,20000724,21.8,21.9,21.45,21.47,21.77,-0.3,-1.38,6530.0,14067.2305
000999.SZ,20000721,22.05,22.14,21.75,21.77,22.0,-0.23,-1.05,3898.0,8502.9148
000999.SZ,20000720,22.0,22.15,21.88,22.0,21.92,0.08,0.37,7133.0,15700.5517
000999.SZ,20000719,21.99,22.15,21.78,21.92,21.9,0.02,0.09,5615.0,12323.0866
000999.SZ,20000718,21.7,22.0,21.6,21.9,21.68,0.22,1.01,4094.0,8922.5614
000999.SZ,20000717,22.2,22.2,21.55,21.68,22.22,-0.54,-2.43,11301.0,24625.7083
000999.SZ,20000714,22.53,22.6,22.18,22.22,22.5,-0.28,-1.24,10152.0,22695.544
000999.SZ,20000713,21.95,22.68,21.85,22.5,21.89,0.61,2.79,22340.0,49838.8473
000999.SZ,20000712,21.65,22.0,21.52,21.89,21.63,0.26,1.2,5655.0,12353.4797
000999.SZ,20000711,21.51,21.66,21.36,21.63,21.51,0.12,0.56,7271.0,15616.0169
000999.SZ,20000710,21.8,21.97,21.45,21.51,21.73,-0.22,-1.01,7085.0,15279.7809
000999.SZ,20000707,21.65,21.99,21.65,21.73,21.63,0.1,0.46,3678.0,8016.5692
000999.SZ,20000706,21.61,21.95,21.33,21.63,21.6,0.03,0.14,4028.0,8692.8133
000999.SZ,20000705,21.9,21.95,21.57,21.6,21.8,-0.2,-0.92,4082.0,8835.6281
000999.SZ,20000704,21.9,22.0,21.7,21.8,22.0,-0.2,-0.91,5034.0,10992.8189
000999.SZ,20000703,22.49,22.5,21.82,22.0,22.22,-0.22,-0.99,8839.0,19503.8364
000999.SZ,20000630,22.1,22.69,21.9,22.22,21.88,0.34,1.55,17228.0,38483.775
000999.SZ,20000629,22.35,22.35,21.5,21.88,22.13,-0.25,-1.13,9104.0,20000.6041
000999.SZ,20000628,21.52,22.2,21.45,22.13,21.54,0.59,2.74,14194.0,31100.8192
000999.SZ,20000627,21.81,21.92,21.5,21.54,21.82,-0.28,-1.28,7064.0,15280.4375
000999.SZ,20000626,21.65,22.12,21.59,21.82,21.59,0.23,1.07,11490.0,25078.124
000999.SZ,20000623,21.37,21.7,21.26,21.59,21.38,0.21,0.98,6064.0,13035.6913
000999.SZ,20000622,21.39,21.8,21.15,21.38,21.4,-0.02,-0.09,4188.0,8964.0337
000999.SZ,20000621,21.0,21.5,20.9,21.4,21.12,0.28,1.33,4529.0,9620.0905
000999.SZ,20000620,21.41,21.42,21.0,21.12,21.42,-0.3,-1.4,11615.0,24521.5267
000999.SZ,20000619,21.78,21.78,21.35,21.42,21.79,-0.37,-1.7,6917.0,14873.2053
000999.SZ,20000616,21.55,22.0,21.48,21.79,21.55,0.24,1.11,5178.0,11239.5665
000999.SZ,20000615,21.6,21.7,21.48,21.55,21.67,-0.12,-0.55,6995.0,15055.7153
000999.SZ,20000614,21.91,22.15,21.65,21.67,21.88,-0.21,-0.96,7462.0,16301.0337
000999.SZ,20000613,21.62,21.99,21.62,21.88,21.53,0.35,1.63,6421.0,14036.0892
000999.SZ,20000612,21.2,21.69,21.2,21.53,21.59,-0.06,-0.28,8132.0,17419.503
000999.SZ,20000609,22.0,22.49,21.48,21.59,21.98,-0.39,-1.77,13372.0,29140.9244
000999.SZ,20000608,22.28,22.28,21.93,21.98,22.29,-0.31,-1.39,10735.0,23643.6374
000999.SZ,20000607,22.4,22.49,22.21,22.29,22.31,-0.02,-0.09,8151.0,18171.286
000999.SZ,20000606,22.02,22.39,22.0,22.31,22.03,0.28,1.27,9402.0,20887.6918
000999.SZ,20000605,22.3,22.5,21.91,22.03,22.33,-0.3,-1.34,15335.0,33841.3487
000999.SZ,20000602,22.6,22.7,22.2,22.33,22.6,-0.27,-1.19,15475.0,34525.2164
000999.SZ,20000601,23.01,23.3,22.5,22.6,22.99,-0.39,-1.7,10581.0,24073.8275
000999.SZ,20000531,22.6,23.35,22.46,22.99,22.72,0.27,1.19,17262.0,39419.0261
000999.SZ,20000530,23.5,24.0,22.59,22.72,23.26,-0.54,-2.32,27459.0,63398.7887
000999.SZ,20000529,23.46,23.99,23.15,23.26,23.1,0.16,0.69,28078.0,66008.0819
000999.SZ,20000526,23.01,23.5,22.62,23.1,22.96,0.14,0.61,40250.0,93219.1787
000999.SZ,20000525,23.0,23.48,22.68,22.96,22.89,0.07,0.31,35996.0,82922.5432
000999.SZ,20000524,23.0,23.6,22.76,22.89,22.86,0.03,0.13,81995.0,190672.9232
000999.SZ,20000523,22.18,23.4,21.68,22.86,22.01,0.85,3.86,57414.0,129249.583
000999.SZ,20000522,21.24,22.05,21.05,22.01,21.24,0.77,3.63,16857.0,36353.7445
000999.SZ,20000519,21.17,21.6,20.98,21.24,20.89,0.35,1.68,9019.0,19197.7829
000999.SZ,20000518,20.79,20.95,20.62,20.89,20.79,0.1,0.48,4576.0,9529.9044
000999.SZ,20000517,21.0,21.1,20.78,20.79,20.87,-0.08,-0.38,3839.0,8007.3876
000999.SZ,20000516,20.71,21.11,20.68,20.87,20.66,0.21,1.02,4132.0,8597.3376
000999.SZ,20000515,21.01,21.2,20.61,20.66,20.94,-0.28,-1.34,5860.0,12170.8546
000999.SZ,20000512,21.1,21.26,20.86,20.94,20.9,0.04,0.19,6691.0,14042.5924
000999.SZ,20000511,21.45,21.45,20.71,20.9,21.46,-0.56,-2.61,10711.0,22533.7316
000999.SZ,20000510,21.81,22.45,21.4,21.46,21.8,-0.34,-1.56,20222.0,44360.8513
000999.SZ,20000509,21.08,22.5,20.85,21.8,21.13,0.67,3.17,48247.0,106280.3943
000999.SZ,20000508,21.21,21.33,20.91,21.13,21.23,-0.1,-0.47,6508.0,13730.1851
000999.SZ,20000428,20.8,21.3,20.7,21.23,20.89,0.34,1.63,9767.0,20500.4594
000999.SZ,20000427,21.0,21.19,20.83,20.89,21.04,-0.15,-0.71,8348.0,17452.4251
000999.SZ,20000426,21.13,21.4,20.88,21.04,21.13,-0.09,-0.43,6627.0,13953.6542
000999.SZ,20000425,21.5,21.5,21.0,21.13,20.83,0.3,1.44,6832.0,14532.3311
000999.SZ,20000424,21.15,21.15,20.81,20.83,21.2,-0.37,-1.75,12147.0,25379.0932
000999.SZ,20000421,21.33,21.4,21.02,21.2,21.33,-0.13,-0.61,10589.0,22361.6689
000999.SZ,20000420,21.6,21.68,21.2,21.33,21.5,-0.17,-0.79,7082.0,15092.8081
000999.SZ,20000419,21.15,21.85,21.11,21.5,21.12,0.38,1.8,8947.0,19307.8739
000999.SZ,20000418,21.0,21.18,20.9,21.12,21.13,-0.01,-0.05,9939.0,20885.0
000999.SZ,20000417,21.43,21.43,21.0,21.13,21.45,-0.32,-1.49,14396.0,30360.8228
000999.SZ,20000414,21.6,21.68,21.35,21.45,21.57,-0.12,-0.56,11766.0,25193.9569
000999.SZ,20000413,21.4,21.6,21.33,21.57,21.43,0.14,0.65,10236.0,21921.5277
000999.SZ,20000412,21.81,21.88,21.32,21.43,21.77,-0.34,-1.56,7365.0,15847.5029
000999.SZ,20000411,21.4,21.94,21.28,21.77,21.4,0.37,1.73,16048.0,34349.8398
000999.SZ,20000410,21.63,21.63,21.35,21.4,21.62,-0.22,-1.02,15020.0,32161.6833
000999.SZ,20000407,21.62,21.97,21.46,21.62,21.62,0.0,0.0,9933.0,21514.9916
000999.SZ,20000406,21.36,21.8,21.12,21.62,21.32,0.3,1.41,9351.0,20150.0343
000999.SZ,20000405,21.5,21.78,21.29,21.32,21.5,-0.18,-0.84,14098.0,30204.4094
000999.SZ,20000404,21.8,22.0,21.45,21.5,22.05,-0.55,-2.49,15194.0,32838.5738
000999.SZ,20000403,22.4,22.6,22.0,22.05,22.29,-0.24,-1.08,18988.0,42322.0312
000999.SZ,20000331,22.06,22.4,21.74,22.29,21.96,0.33,1.5,32598.0,72235.4044
000999.SZ,20000330,21.99,22.1,21.75,21.96,21.95,0.01,0.05,20389.0,44612.2457
000999.SZ,20000329,21.42,22.47,21.4,21.95,21.43,0.52,2.43,34004.0,74702.7101
000999.SZ,20000328,21.6,21.68,21.25,21.43,21.63,-0.2,-0.92,21470.0,45949.9601
000999.SZ,20000327,21.48,22.0,21.05,21.63,21.49,0.14,0.65,20572.0,44207.0381
000999.SZ,20000324,22.1,22.2,21.45,21.49,21.98,-0.49,-2.23,28204.0,61223.7659
000999.SZ,20000323,21.9,22.15,21.58,21.98,21.97,0.01,0.05,20663.0,44954.5299
000999.SZ,20000322,22.54,22.6,21.6,21.97,22.54,-0.57,-2.53,26527.0,58325.8817
000999.SZ,20000321,21.45,22.8,21.03,22.54,21.39,1.15,5.38,56105.0,124123.538
000999.SZ,20000320,20.9,21.9,20.76,21.39,21.38,0.01,0.05,31143.0,66416.7466
000999.SZ,20000317,20.6,21.55,20.6,21.38,20.79,0.59,2.84,25001.0,52916.9596
000999.SZ,20000316,21.3,21.5,20.65,20.79,21.71,-0.92,-4.24,32790.0,68696.2113
000999.SZ,20000315,21.8,22.64,21.6,21.71,22.24,-0.53,-2.38,35903.0,78981.2224
000999.SZ,20000314,22.03,22.8,20.3,22.24,22.34,-0.1,-0.45,84776.0,181240.9332
000999.SZ,20000313,22.84,22.85,22.03,22.34,23.05,-0.71,-3.08,69844.0,155415.5621
000999.SZ,20000310,24.88,24.9,22.92,23.05,25.5,-2.45,-9.61,192228.0,458097.8878
000999.SZ,20000309,23.45,27.01,23.45,25.5,8.45,17.05,201.78,554365.0,1368844.1637
