ts_code,trade_date,open,high,low,close,pre_close,change,pct_chg,vol,amount
600299.SH,20200601,11.36,11.61,11.33,11.61,11.31,0.3,2.6525,68151.42,78597.604
600299.SH,20200529,11.2,11.42,11.16,11.31,11.24,0.07,0.6228,58508.33,66131.325
600299.SH,20200528,11.46,11.51,11.05,11.24,11.42,-0.18,-1.5762,75950.31,85295.958
600299.SH,20200527,11.52,11.55,11.38,11.42,11.49,-0.07,-0.6092,42011.28,48106.539
600299.SH,20200526,11.33,11.5,11.33,11.49,11.39,0.1,0.878,57636.91,65904.351
600299.SH,20200525,11.57,11.64,11.31,11.39,11.59,-0.2,-1.7256,73861.02,84246.341
600299.SH,20200522,11.87,12.04,11.59,11.59,11.9,-0.31,-2.605,67097.66,78959.455
600299.SH,20200521,12.24,12.24,11.85,11.9,12.2,-0.3,-2.459,74044.57,88899.433
600299.SH,20200520,12.13,12.34,12.01,12.2,12.13,0.07,0.5771,85522.36,104273.284
600299.SH,20200519,12.05,12.21,12.03,12.13,11.98,0.15,1.2521,63925.61,77460.814
600299.SH,20200518,11.83,12.15,11.65,11.98,11.82,0.16,1.3536,84472.66,101019.021
600299.SH,20200515,11.91,12.04,11.79,11.82,11.79,0.03,0.2545,69262.86,82324.13
600299.SH,20200514,11.97,12.06,11.78,11.79,12.16,-0.37,-3.0428,81206.87,96620.876
600299.SH,20200513,11.99,12.2,11.82,12.16,11.94,0.22,1.8425,76858.09,92883.398
600299.SH,20200512,12.15,12.2,11.85,11.94,12.15,-0.21,-1.7284,82636.81,99019.924
600299.SH,20200511,12.09,12.25,12.01,12.15,12.11,0.04,0.3303,93285.66,113185.633
600299.SH,20200508,12.11,12.25,11.97,12.11,12.11,0.0,0.0,79648.7,96608.348
600299.SH,20200507,12.06,12.3,12.01,12.11,12.06,0.05,0.4146,93898.42,114015.933
600299.SH,20200506,11.88,12.16,11.86,12.06,11.95,0.11,0.9205,97750.9,117481.725
600299.SH,20200430,11.77,12.1,11.71,11.95,11.67,0.28,2.3993,95927.45,114501.835
600299.SH,20200429,12.08,12.14,11.67,11.67,12.08,-0.41,-3.394,107889.28,127805.048
600299.SH,20200428,12.09,12.23,11.51,12.08,12.09,-0.01,-0.0827,140240.13,167878.127
600299.SH,20200427,12.27,12.36,12.01,12.09,12.27,-0.18,-1.467,88376.71,107453.643
600299.SH,20200424,12.2,12.5,12.1,12.27,12.26,0.01,0.0816,111601.87,137171.296
600299.SH,20200423,12.34,12.47,12.05,12.26,12.29,-0.03,-0.2441,134806.72,165115.948
600299.SH,20200422,12.11,12.4,12.0,12.29,12.21,0.08,0.6552,109041.51,133299.027
600299.SH,20200421,12.72,12.76,12.21,12.21,12.85,-0.64,-4.9805,183123.18,226251.326
600299.SH,20200420,12.8,12.88,12.6,12.85,12.82,0.03,0.234,105167.12,133760.023
600299.SH,20200417,12.63,13.09,12.55,12.82,12.6,0.22,1.746,210533.73,270113.076
600299.SH,20200416,12.62,12.79,12.49,12.6,12.72,-0.12,-0.9434,124315.58,156683.244
600299.SH,20200415,12.85,12.96,12.53,12.72,12.98,-0.26,-2.0031,182008.11,231521.949
600299.SH,20200414,12.88,13.15,12.65,12.98,12.71,0.27,2.1243,198457.27,256791.904
600299.SH,20200413,12.76,12.97,12.53,12.71,12.66,0.05,0.3949,169416.38,216007.325
600299.SH,20200410,12.95,13.28,12.55,12.66,13.12,-0.46,-3.5061,246759.49,317809.964
600299.SH,20200409,12.53,13.62,12.41,13.12,12.7,0.42,3.3071,377653.33,488876.982
600299.SH,20200408,11.9,13.07,11.8,12.7,11.88,0.82,6.9024,432668.85,542381.563
600299.SH,20200407,11.52,11.9,11.37,11.88,11.39,0.49,4.302,238237.73,279031.904
600299.SH,20200403,11.56,11.76,11.33,11.39,11.62,-0.23,-1.9793,151513.24,174805.876
600299.SH,20200402,11.47,11.63,11.16,11.62,11.62,0.0,0.0,165856.02,189255.451
600299.SH,20200401,11.51,11.9,11.45,11.62,11.69,-0.07,-0.5988,221649.74,258373.123
600299.SH,20200331,11.31,11.77,11.15,11.69,11.27,0.42,3.7267,225937.16,259608.792
600299.SH,20200330,11.1,11.52,10.98,11.27,11.32,-0.05,-0.4417,177583.64,199579.511
600299.SH,20200327,11.32,11.88,11.32,11.32,11.3,0.02,0.177,193743.83,223993.818
600299.SH,20200326,11.58,11.58,11.26,11.3,11.6,-0.3,-2.5862,154787.16,176371.129
600299.SH,20200325,11.42,11.71,11.13,11.6,11.34,0.26,2.2928,248161.17,284129.314
600299.SH,20200324,11.78,11.85,10.87,11.34,11.56,-0.22,-1.9031,268514.0,303782.865
600299.SH,20200323,11.82,12.1,11.5,11.56,11.89,-0.33,-2.7754,303006.36,357195.676
600299.SH,20200320,10.95,11.89,10.87,11.89,10.81,1.08,9.9907,329818.19,384351.562
600299.SH,20200319,10.72,10.93,10.58,10.81,10.7,0.11,1.028,89277.61,96043.713
600299.SH,20200318,11.19,11.3,10.68,10.7,11.14,-0.44,-3.9497,112546.0,124209.099
600299.SH,20200317,11.29,11.32,10.8,11.14,11.1,0.04,0.3604,125913.71,139699.048
600299.SH,20200316,11.56,11.87,11.05,11.1,11.54,-0.44,-3.8128,182715.64,209848.694
600299.SH,20200313,10.27,11.56,10.27,11.54,11.18,0.36,3.22,194877.95,215750.825
600299.SH,20200312,10.98,11.3,10.89,11.18,11.07,0.11,0.9937,113551.74,125923.347
600299.SH,20200311,10.99,11.3,10.96,11.07,10.95,0.12,1.0959,105740.98,117878.961
600299.SH,20200310,10.96,11.01,10.6,10.95,10.99,-0.04,-0.364,117556.07,127104.265
600299.SH,20200309,11.16,11.44,10.96,10.99,11.16,-0.17,-1.5233,130094.26,145186.326
600299.SH,20200306,11.01,11.32,10.9,11.16,11.06,0.1,0.9042,105917.05,118260.213
600299.SH,20200305,11.12,11.16,10.95,11.06,11.03,0.03,0.272,88027.97,97208.775
600299.SH,20200304,10.49,11.15,10.49,11.03,10.6,0.43,4.0566,137044.99,149589.089
600299.SH,20200303,10.59,10.72,10.49,10.6,10.44,0.16,1.5326,64466.28,68313.939
600299.SH,20200302,10.15,10.52,10.15,10.44,10.09,0.35,3.4688,65989.66,68429.782
600299.SH,20200228,10.4,10.52,10.06,10.09,10.64,-0.55,-5.1692,88009.26,90551.829
600299.SH,20200227,10.66,10.83,10.56,10.64,10.66,-0.02,-0.1876,64078.83,68482.718
600299.SH,20200226,10.74,10.82,10.58,10.66,10.87,-0.21,-1.9319,77933.05,83518.777
600299.SH,20200225,10.92,10.98,10.71,10.87,11.11,-0.24,-2.1602,99515.99,108300.202
600299.SH,20200224,10.93,11.2,10.77,11.11,11.0,0.11,1.0,110476.06,121334.076
600299.SH,20200221,11.03,11.22,10.88,11.0,10.94,0.06,0.5484,89299.49,98154.946
600299.SH,20200220,10.83,10.95,10.7,10.94,10.8,0.14,1.2963,71871.29,77815.842
600299.SH,20200219,11.14,11.14,10.79,10.8,11.11,-0.31,-2.7903,86485.81,94459.102
600299.SH,20200218,11.0,11.27,10.89,11.11,11.01,0.1,0.9083,98134.71,108490.668
600299.SH,20200217,10.8,11.08,10.68,11.01,10.65,0.36,3.3803,149530.19,162600.771
600299.SH,20200214,10.38,10.97,10.25,10.65,10.36,0.29,2.7992,120266.21,127236.515
600299.SH,20200213,10.44,10.62,10.32,10.36,10.4,-0.04,-0.3846,75621.72,79004.923
600299.SH,20200212,10.33,10.41,10.23,10.4,10.4,0.0,0.0,63162.19,65359.94
600299.SH,20200211,10.26,10.5,10.19,10.4,10.32,0.08,0.7752,67080.14,69308.471
600299.SH,20200210,10.17,10.34,10.08,10.32,10.16,0.16,1.5748,70145.99,71715.417
600299.SH,20200207,10.17,10.27,10.03,10.16,10.2,-0.04,-0.3922,67261.01,68127.629
600299.SH,20200206,10.1,10.25,9.93,10.2,10.02,0.18,1.7964,86005.79,87113.071
600299.SH,20200205,9.89,10.15,9.81,10.02,9.86,0.16,1.6227,91666.78,91752.116
600299.SH,20200204,9.7,9.95,9.7,9.86,9.78,0.08,0.818,99109.69,97549.231
600299.SH,20200203,9.78,10.05,9.78,9.78,10.87,-1.09,-10.0276,87292.0,85575.798
600299.SH,20200123,11.14,11.35,10.67,10.87,11.25,-0.38,-3.3778,77635.85,85405.634
600299.SH,20200122,11.46,11.47,11.08,11.25,11.48,-0.23,-2.0035,56463.28,63525.531
600299.SH,20200121,11.65,11.76,11.35,11.48,11.63,-0.15,-1.2898,73617.44,84860.308
600299.SH,20200120,11.33,11.64,11.32,11.63,11.23,0.4,3.5619,102064.33,117418.331
600299.SH,20200117,11.29,11.33,11.1,11.23,11.23,0.0,0.0,45947.96,51415.456
600299.SH,20200116,11.46,11.49,11.19,11.23,11.42,-0.19,-1.6637,50255.63,56850.222
600299.SH,20200115,11.34,11.58,11.3,11.42,11.34,0.08,0.7055,55826.15,63944.895
600299.SH,20200114,11.42,11.47,11.31,11.34,11.43,-0.09,-0.7874,44221.44,50236.765
600299.SH,20200113,11.4,11.47,11.29,11.43,11.41,0.02,0.1753,50159.75,57114.426
600299.SH,20200110,11.23,11.53,11.23,11.41,11.22,0.19,1.6934,66404.14,75629.454
600299.SH,20200109,11.18,11.32,11.15,11.22,11.07,0.15,1.355,52404.18,58853.764
600299.SH,20200108,11.34,11.47,11.06,11.07,11.48,-0.41,-3.5714,77651.72,87260.947
600299.SH,20200107,11.17,11.71,11.1,11.48,11.16,0.32,2.8674,96715.64,110136.281
600299.SH,20200106,11.0,11.33,10.95,11.16,11.12,0.04,0.3597,77761.8,86696.736
600299.SH,20200103,11.18,11.19,11.06,11.12,11.19,-0.07,-0.6256,59860.39,66584.924
600299.SH,20200102,11.13,11.23,11.02,11.19,11.06,0.13,1.1754,91760.95,102025.375
600299.SH,20191231,10.91,11.08,10.86,11.06,10.94,0.12,1.0969,60699.22,66960.047
600299.SH,20191230,10.79,11.05,10.68,10.94,10.86,0.08,0.7366,59885.45,65219.15
600299.SH,20191227,11.12,11.16,10.85,10.86,11.07,-0.21,-1.897,67707.98,74392.238
600299.SH,20191226,10.93,11.17,10.88,11.07,10.88,0.19,1.7463,67396.12,74170.319
600299.SH,20191225,11.0,11.16,10.83,10.88,11.0,-0.12,-1.0909,69704.09,76246.206
600299.SH,20191224,11.01,11.01,10.77,11.0,10.99,0.01,0.091,80750.84,88122.562
600299.SH,20191223,10.53,11.3,10.5,10.99,10.51,0.48,4.5671,183167.51,200945.815
600299.SH,20191220,10.62,10.69,10.51,10.51,10.61,-0.1,-0.9425,52056.07,55170.835
600299.SH,20191219,10.7,10.73,10.53,10.61,10.69,-0.08,-0.7484,61055.79,64692.856
600299.SH,20191218,10.68,10.95,10.62,10.79,10.68,0.11,1.03,84028.71,90464.147
600299.SH,20191217,10.57,10.72,10.52,10.68,10.56,0.12,1.1364,70560.04,75082.947
600299.SH,20191216,10.48,10.56,10.39,10.56,10.48,0.08,0.7634,54908.45,57440.46
600299.SH,20191213,10.5,10.52,10.41,10.48,10.42,0.06,0.5758,47504.69,49609.563
600299.SH,20191212,10.4,10.5,10.34,10.42,10.4,0.02,0.1923,38144.4,39755.076
600299.SH,20191211,10.65,10.65,10.4,10.4,10.64,-0.24,-2.2556,56881.21,59586.302
600299.SH,20191210,10.76,10.8,10.59,10.64,10.74,-0.1,-0.9311,43018.2,45986.096
600299.SH,20191209,10.7,10.78,10.63,10.74,10.7,0.04,0.3738,26291.41,28150.21
600299.SH,20191206,10.72,10.73,10.61,10.7,10.67,0.03,0.2812,26691.8,28476.782
600299.SH,20191205,10.59,10.67,10.51,10.67,10.57,0.1,0.9461,33582.75,35587.658
600299.SH,20191204,10.44,10.62,10.36,10.57,10.5,0.07,0.6667,26022.99,27337.245
600299.SH,20191203,10.56,10.56,10.44,10.5,10.57,-0.07,-0.6623,31210.88,32706.27
600299.SH,20191202,10.6,10.7,10.55,10.57,10.6,-0.03,-0.283,29086.38,30848.344
600299.SH,20191129,10.57,10.7,10.56,10.6,10.61,-0.01,-0.0943,21989.48,23302.841
600299.SH,20191128,10.45,10.72,10.45,10.61,10.48,0.13,1.2405,48590.32,51475.592
600299.SH,20191127,10.63,10.68,10.45,10.48,10.71,-0.23,-2.1475,78485.21,82732.072
600299.SH,20191126,10.76,10.95,10.71,10.71,10.69,0.02,0.1871,42836.53,46346.835
600299.SH,20191125,10.73,10.83,10.63,10.69,10.78,-0.09,-0.8349,37712.28,40325.06
600299.SH,20191122,11.05,11.15,10.72,10.78,11.09,-0.31,-2.7953,62171.7,67743.263
600299.SH,20191121,10.96,11.1,10.81,11.09,11.11,-0.02,-0.18,46651.63,51310.714
600299.SH,20191120,10.99,11.22,10.92,11.11,11.02,0.09,0.8167,83224.34,92461.614
600299.SH,20191119,11.12,11.17,10.88,11.02,11.12,-0.1,-0.8993,106425.92,117123.316
600299.SH,20191118,11.13,11.42,11.06,11.12,11.17,-0.05,-0.4476,73115.32,81839.168
600299.SH,20191115,11.43,11.57,11.15,11.17,11.54,-0.37,-3.2062,122936.13,139445.331
600299.SH,20191114,11.22,11.64,11.11,11.54,11.47,0.07,0.6103,180302.63,203884.564
600299.SH,20191113,12.0,12.5,11.29,11.47,11.64,-0.17,-1.4605,323980.35,383526.816
600299.SH,20191112,10.61,11.64,10.56,11.64,10.58,1.06,10.0189,206547.33,229535.537
600299.SH,20191111,10.74,10.8,10.51,10.58,10.79,-0.21,-1.9462,52669.34,56003.73
600299.SH,20191108,10.72,10.95,10.72,10.79,10.7,0.09,0.8411,69433.89,75262.969
600299.SH,20191107,10.5,10.74,10.45,10.7,10.48,0.22,2.0992,56459.04,60055.308
600299.SH,20191106,10.47,10.67,10.36,10.48,10.48,0.0,0.0,42652.58,44907.417
600299.SH,20191105,10.44,10.54,10.35,10.48,10.4,0.08,0.7692,38554.3,40354.653
600299.SH,20191104,10.42,10.46,10.31,10.4,10.39,0.01,0.0962,39651.42,41181.471
600299.SH,20191101,10.1,10.51,10.06,10.39,10.13,0.26,2.5666,75741.68,78682.398
600299.SH,20191031,10.19,10.2,10.08,10.13,10.12,0.01,0.0988,38594.93,39084.277
600299.SH,20191030,10.38,10.43,10.04,10.12,10.31,-0.19,-1.8429,53878.34,54997.781
600299.SH,20191029,10.5,10.51,10.3,10.31,10.6,-0.29,-2.7358,52046.49,54073.35
600299.SH,20191028,10.56,10.63,10.47,10.6,10.57,0.03,0.2838,35958.03,37945.86
600299.SH,20191025,10.7,10.78,10.48,10.57,10.68,-0.11,-1.03,45704.14,48208.001
600299.SH,20191024,10.89,11.01,10.67,10.68,10.77,-0.09,-0.8357,44013.64,47578.96
600299.SH,20191023,10.79,10.81,10.64,10.77,10.7,0.07,0.6542,33252.61,35635.577
600299.SH,20191022,10.47,10.7,10.45,10.7,10.47,0.23,2.1968,25998.1,27475.119
600299.SH,20191021,10.54,10.54,10.33,10.47,10.56,-0.09,-0.8523,25524.45,26616.067
600299.SH,20191018,10.73,10.73,10.37,10.56,10.66,-0.1,-0.9381,35555.41,37455.821
600299.SH,20191017,10.58,10.71,10.54,10.66,10.62,0.04,0.3766,25370.22,26942.852
600299.SH,20191016,10.8,10.88,10.54,10.62,10.78,-0.16,-1.4842,48339.35,51626.559
600299.SH,20191015,10.82,10.93,10.75,10.78,10.85,-0.07,-0.6452,29434.83,31911.373
600299.SH,20191014,10.9,11.0,10.81,10.85,10.8,0.05,0.463,40412.0,43984.145
600299.SH,20191011,10.98,10.98,10.8,10.8,11.02,-0.22,-1.9964,44538.94,48368.564
600299.SH,20191010,10.73,11.04,10.73,11.02,10.58,0.44,4.1588,87327.78,95320.742
600299.SH,20191009,10.46,10.58,10.34,10.58,10.4,0.18,1.7308,26204.73,27446.443
600299.SH,20191008,10.43,10.54,10.35,10.4,10.35,0.05,0.4831,23755.28,24812.652
600299.SH,20190930,10.39,10.47,10.26,10.35,10.38,-0.03,-0.289,21495.86,22244.586
600299.SH,20190927,10.4,10.52,10.35,10.38,10.39,-0.01,-0.0962,31273.57,32546.399
600299.SH,20190926,10.57,10.73,10.39,10.39,10.61,-0.22,-2.0735,30251.37,31856.725
600299.SH,20190925,10.82,10.82,10.6,10.61,10.85,-0.24,-2.212,34867.9,37173.706
600299.SH,20190924,10.73,10.85,10.7,10.85,10.67,0.18,1.687,37452.55,40327.835
600299.SH,20190923,10.85,10.85,10.61,10.67,10.85,-0.18,-1.659,36939.79,39427.054
600299.SH,20190920,10.96,10.96,10.84,10.85,10.95,-0.1,-0.9132,42201.3,45935.565
600299.SH,20190919,10.68,11.18,10.68,10.95,10.67,0.28,2.6242,68052.96,74435.904
600299.SH,20190918,10.61,10.69,10.56,10.67,10.6,0.07,0.6604,27733.31,29485.105
600299.SH,20190917,10.95,10.97,10.56,10.6,10.88,-0.28,-2.5735,44682.56,47716.689
600299.SH,20190916,10.97,11.05,10.84,10.88,10.97,-0.09,-0.8204,42175.75,45939.827
600299.SH,20190912,11.19,11.28,10.92,10.97,11.11,-0.14,-1.2601,56580.78,62212.009
600299.SH,20190911,11.28,11.37,11.09,11.11,11.24,-0.13,-1.1566,66283.13,74348.654
600299.SH,20190910,10.9,11.36,10.84,11.24,10.89,0.35,3.214,105266.64,117670.393
600299.SH,20190909,10.87,10.94,10.76,10.89,10.85,0.04,0.3687,62329.31,67618.459
600299.SH,20190906,10.8,10.94,10.62,10.85,10.72,0.13,1.2127,61036.68,65736.73
600299.SH,20190905,10.85,10.92,10.61,10.72,10.73,-0.01,-0.0932,74188.48,79747.151
600299.SH,20190904,10.65,11.18,10.6,10.73,10.4,0.33,3.1731,117455.05,127401.278
600299.SH,20190903,10.28,10.46,10.26,10.4,10.33,0.07,0.6776,43624.47,45206.62
600299.SH,20190902,10.2,10.36,10.14,10.33,10.22,0.11,1.0763,45476.78,46745.119
600299.SH,20190830,10.47,10.54,10.15,10.22,10.46,-0.24,-2.2945,42847.45,44250.534
600299.SH,20190829,10.5,10.56,10.28,10.46,10.47,-0.01,-0.0955,52213.8,54279.96
600299.SH,20190828,10.26,10.51,10.2,10.47,10.24,0.23,2.2461,66070.94,68815.22
600299.SH,20190827,10.09,10.35,10.06,10.24,10.04,0.2,1.992,46208.17,47383.191
600299.SH,20190826,10.01,10.14,10.0,10.04,10.24,-0.2,-1.9531,36336.89,36503.058
600299.SH,20190823,10.14,10.27,10.07,10.24,10.14,0.1,0.9862,27654.44,28145.341
600299.SH,20190822,10.21,10.24,10.06,10.14,10.2,-0.06,-0.5882,33770.91,34149.38
600299.SH,20190821,10.22,10.3,10.19,10.2,10.26,-0.06,-0.5848,25453.0,26065.067
600299.SH,20190820,10.36,10.45,10.2,10.26,10.36,-0.1,-0.9653,43086.37,44446.75
600299.SH,20190819,10.26,10.37,10.16,10.36,10.15,0.21,2.069,42841.31,44035.068
600299.SH,20190816,10.11,10.29,10.07,10.15,10.13,0.02,0.1974,39337.56,40065.734
600299.SH,20190815,9.9,10.21,9.86,10.13,10.12,0.01,0.0988,26709.83,26799.303
600299.SH,20190814,10.07,10.19,10.04,10.12,10.0,0.12,1.2,33335.19,33752.87
600299.SH,20190813,9.94,10.03,9.9,10.0,10.04,-0.04,-0.3984,19591.1,19532.97
600299.SH,20190812,9.93,10.1,9.85,10.04,9.97,0.07,0.7021,21165.74,21105.23
600299.SH,20190809,10.04,10.19,9.92,9.97,9.95,0.02,0.201,31688.73,31832.649
600299.SH,20190808,9.96,10.03,9.91,9.95,9.9,0.05,0.5051,21921.71,21833.384
600299.SH,20190807,10.0,10.07,9.83,9.9,9.94,-0.04,-0.4024,27577.46,27423.847
600299.SH,20190806,10.15,10.15,9.85,9.94,10.39,-0.45,-4.3311,67135.91,66922.257
600299.SH,20190805,10.55,10.67,10.38,10.39,10.6,-0.21,-1.9811,45514.88,47794.907
600299.SH,20190802,10.81,10.83,10.44,10.6,11.08,-0.48,-4.3321,75147.97,79754.305
600299.SH,20190801,11.07,11.17,10.92,11.08,11.16,-0.08,-0.7168,36110.64,39939.348
600299.SH,20190731,11.19,11.29,11.1,11.16,11.23,-0.07,-0.6233,51996.08,58150.994
600299.SH,20190730,11.52,11.57,11.21,11.23,11.41,-0.18,-1.5776,65535.34,74429.509
600299.SH,20190729,11.46,11.48,11.3,11.41,11.33,0.08,0.7061,67511.41,76941.001
600299.SH,20190726,10.82,11.89,10.78,11.33,10.9,0.43,3.945,138206.57,157054.373
600299.SH,20190725,10.64,10.92,10.64,10.9,10.55,0.35,3.3175,84759.97,91680.603
600299.SH,20190724,10.5,10.64,10.48,10.55,10.48,0.07,0.6679,28109.31,29675.412
600299.SH,20190723,10.4,10.51,10.34,10.48,10.4,0.08,0.7692,19757.24,20626.142
600299.SH,20190722,10.62,10.62,10.38,10.4,10.6,-0.2,-1.8868,35608.3,37194.95
600299.SH,20190719,10.56,10.7,10.55,10.6,10.62,-0.02,-0.1883,34188.66,36337.386
600299.SH,20190718,10.67,10.67,10.42,10.62,10.7,-0.08,-0.7477,43855.0,46242.743
600299.SH,20190717,10.72,10.95,10.66,10.7,10.65,0.05,0.4695,46905.47,50630.231
600299.SH,20190716,10.61,10.75,10.58,10.65,10.61,0.04,0.377,26657.5,28394.12
600299.SH,20190715,10.57,10.67,10.38,10.61,10.52,0.09,0.8555,35687.64,37672.373
600299.SH,20190712,10.45,10.62,10.36,10.52,10.39,0.13,1.2512,26358.95,27726.706
600299.SH,20190711,10.41,10.55,10.31,10.39,10.4,-0.01,-0.0962,35189.93,36769.281
600299.SH,20190710,10.78,10.8,10.39,10.4,10.72,-0.32,-2.9851,48091.62,50717.628
600299.SH,20190709,10.77,10.8,10.64,10.72,10.76,-0.04,-0.3717,27313.6,29228.11
600299.SH,20190708,11.02,11.02,10.53,10.76,11.08,-0.32,-2.8881,83545.38,89677.698
600299.SH,20190705,10.68,11.15,10.64,11.08,10.62,0.46,4.3315,116405.12,127235.202
600299.SH,20190704,10.68,10.77,10.57,10.62,10.68,-0.06,-0.5618,38654.01,41198.085
600299.SH,20190703,10.76,10.85,10.64,10.68,10.84,-0.16,-1.476,42995.57,46148.178
600299.SH,20190702,10.62,10.86,10.53,10.84,10.6,0.24,2.2642,66401.77,71393.633
600299.SH,20190701,10.51,10.65,10.4,10.6,10.37,0.23,2.2179,51687.79,54528.112
600299.SH,20190628,10.57,10.57,10.25,10.37,10.52,-0.15,-1.4259,37669.28,39037.658
600299.SH,20190627,10.65,10.66,10.47,10.52,10.59,-0.07,-0.661,36212.59,38241.367
600299.SH,20190626,10.39,10.64,10.38,10.59,10.57,0.02,0.1892,31156.35,32874.219
600299.SH,20190625,10.69,10.74,10.4,10.57,10.72,-0.15,-1.3993,37520.23,39565.888
600299.SH,20190624,10.74,10.83,10.64,10.72,10.73,-0.01,-0.0932,33578.53,36007.222
600299.SH,20190621,10.72,10.85,10.66,10.73,10.64,0.09,0.8459,52648.4,56565.46
600299.SH,20190620,10.6,10.72,10.4,10.64,10.5,0.14,1.3333,46822.11,49609.67
600299.SH,20190619,10.64,10.74,10.5,10.5,10.44,0.06,0.5747,36251.61,38377.784
600299.SH,20190618,10.44,10.58,10.38,10.44,10.44,0.0,0.0,20131.5,21064.238
600299.SH,20190617,10.49,10.7,10.4,10.44,10.34,0.1,0.9671,31245.81,32835.087
600299.SH,20190614,10.68,10.78,10.34,10.34,10.66,-0.32,-3.0019,60978.88,64692.021
600299.SH,20190613,10.68,10.71,10.48,10.66,10.66,0.0,0.0,33155.22,35219.832
600299.SH,20190612,10.64,10.88,10.57,10.83,10.63,0.2,1.8815,52803.59,56873.27
600299.SH,20190611,10.34,10.68,10.27,10.63,10.35,0.28,2.7053,41620.56,43974.67
600299.SH,20190610,10.38,10.46,9.72,10.35,10.37,-0.02,-0.1929,40649.1,41743.383
600299.SH,20190606,10.5,10.54,10.36,10.37,10.49,-0.12,-1.1439,27971.0,29128.907
600299.SH,20190605,10.5,10.65,10.44,10.49,10.44,0.05,0.4789,29636.01,31283.298
600299.SH,20190604,10.55,10.59,10.35,10.44,10.52,-0.08,-0.7605,32201.51,33686.121
600299.SH,20190603,10.68,10.75,10.47,10.52,10.69,-0.17,-1.5903,40513.81,42844.559
600299.SH,20190531,10.72,10.8,10.58,10.69,10.75,-0.06,-0.5581,38532.08,41120.676
600299.SH,20190530,10.6,10.75,10.5,10.75,10.72,0.03,0.2799,45036.28,47820.922
600299.SH,20190529,10.82,10.9,10.6,10.72,10.82,-0.1,-0.9242,70075.79,74891.328
600299.SH,20190528,11.1,11.1,10.77,10.82,10.98,-0.16,-1.4572,66818.8,72827.258
600299.SH,20190527,10.6,11.34,10.45,10.98,10.5,0.48,4.5714,82611.66,90177.874
600299.SH,20190524,10.61,10.68,10.32,10.5,10.57,-0.07,-0.6623,47903.31,50120.804
600299.SH,20190523,10.75,10.91,10.55,10.57,10.9,-0.33,-3.0275,49286.33,52863.705
600299.SH,20190522,11.04,11.12,10.86,10.9,11.03,-0.13,-1.1786,44803.02,49080.475
600299.SH,20190521,10.94,11.09,10.82,11.03,10.94,0.09,0.8227,55866.9,61492.353
600299.SH,20190520,10.8,11.01,10.73,10.94,10.7,0.24,2.243,64031.44,69433.899
600299.SH,20190517,11.27,11.28,10.59,10.7,11.2,-0.5,-4.4643,89219.97,97434.987
600299.SH,20190516,11.18,11.24,11.08,11.2,11.17,0.03,0.2686,61838.47,69138.118
600299.SH,20190515,11.16,11.26,11.05,11.17,11.03,0.14,1.2693,63372.11,70578.766
600299.SH,20190514,11.09,11.24,10.99,11.03,11.28,-0.25,-2.2163,72805.97,80851.633
600299.SH,20190513,10.99,11.3,10.88,11.28,11.1,0.18,1.6216,84967.1,94653.896
600299.SH,20190510,10.96,11.18,10.7,11.1,10.88,0.22,2.0221,105125.25,115781.548
600299.SH,20190509,10.83,11.13,10.82,10.88,11.08,-0.2,-1.8051,66341.47,72613.694
600299.SH,20190508,10.8,11.32,10.68,11.08,11.11,-0.03,-0.27,91877.0,102066.962
600299.SH,20190507,11.15,11.4,10.97,11.11,11.12,-0.01,-0.0899,94416.58,105393.329
600299.SH,20190506,11.85,11.85,11.12,11.12,12.35,-1.23,-9.9595,149464.71,169351.665
600299.SH,20190430,12.38,12.5,12.2,12.35,12.18,0.17,1.3957,82593.92,102020.161
600299.SH,20190429,12.7,12.8,12.0,12.18,12.6,-0.42,-3.3333,140738.46,172770.011
600299.SH,20190426,12.88,12.88,12.38,12.6,12.96,-0.36,-2.7778,138427.73,174678.538
600299.SH,20190425,13.89,13.99,12.96,12.96,14.4,-1.44,-10.0,302299.02,402830.697
600299.SH,20190424,14.5,14.6,14.18,14.4,14.52,-0.12,-0.8264,93405.05,133777.474
600299.SH,20190423,14.88,15.08,14.35,14.52,14.88,-0.36,-2.4194,111561.14,162918.677
600299.SH,20190422,15.34,15.55,14.78,14.88,15.15,-0.27,-1.7822,146811.84,222308.387
600299.SH,20190419,15.05,15.5,14.86,15.15,14.85,0.3,2.0202,172548.74,262041.613
600299.SH,20190418,14.66,15.18,14.6,14.85,14.54,0.31,2.132,163146.38,243686.659
600299.SH,20190417,14.4,14.66,14.2,14.54,14.43,0.11,0.7623,121819.8,175799.5
600299.SH,20190416,14.53,14.68,14.0,14.43,14.7,-0.27,-1.8367,176266.4,252377.126
600299.SH,20190415,15.15,15.56,14.6,14.7,14.88,-0.18,-1.2097,196557.24,294202.226
600299.SH,20190412,15.26,15.6,14.75,14.88,15.21,-0.33,-2.1696,216577.86,326067.085
600299.SH,20190411,14.8,15.8,14.5,15.21,14.36,0.85,5.9192,445126.82,680031.165
600299.SH,20190410,12.93,14.36,12.88,14.36,13.05,1.31,10.0383,337421.37,469260.685
600299.SH,20190409,13.28,13.28,12.85,13.05,13.22,-0.17,-1.2859,106795.02,138902.554
600299.SH,20190408,13.0,13.5,12.76,13.22,12.74,0.48,3.7677,218576.73,287753.884
600299.SH,20190404,12.59,12.95,12.58,12.74,12.58,0.16,1.2719,141439.99,180626.724
600299.SH,20190403,12.51,12.65,12.44,12.58,12.57,0.01,0.0796,102380.34,128158.165
600299.SH,20190402,12.7,12.8,12.52,12.57,12.67,-0.1,-0.7893,142605.0,180230.758
600299.SH,20190401,12.54,12.97,12.48,12.67,12.49,0.18,1.4412,213207.87,271073.128
600299.SH,20190329,12.3,12.58,12.19,12.49,12.35,0.14,1.1336,121132.94,150504.889
600299.SH,20190328,12.75,13.14,12.31,12.35,12.83,-0.48,-3.7412,172772.71,219730.273
600299.SH,20190327,12.7,13.07,12.5,12.83,12.75,0.08,0.6275,139438.73,178900.597
600299.SH,20190326,12.35,13.49,12.34,12.75,12.33,0.42,3.4063,219645.12,282179.364
600299.SH,20190325,12.16,12.64,12.05,12.33,12.37,-0.04,-0.3234,112020.04,138877.31
600299.SH,20190322,12.25,12.38,12.04,12.37,12.23,0.14,1.1447,97059.83,118953.581
600299.SH,20190321,12.27,12.49,12.09,12.23,12.09,0.14,1.158,127878.43,156853.775
600299.SH,20190320,12.26,12.33,11.99,12.09,12.32,-0.23,-1.8669,79734.0,96714.492
600299.SH,20190319,12.36,12.58,12.14,12.32,12.36,-0.04,-0.3236,102946.36,127030.832
600299.SH,20190318,12.12,12.45,11.9,12.36,12.0,0.36,3.0,123019.07,150362.301
600299.SH,20190315,12.15,12.25,11.8,12.0,12.0,0.0,0.0,98530.79,118646.435
600299.SH,20190314,12.25,12.44,11.86,12.0,12.45,-0.45,-3.6145,113475.0,137076.671
600299.SH,20190313,12.54,12.98,12.29,12.45,12.39,0.06,0.4843,187007.88,235218.038
600299.SH,20190312,12.76,12.76,12.22,12.39,12.4,-0.01,-0.0806,228928.94,285953.329
600299.SH,20190311,11.38,12.4,11.25,12.4,11.27,1.13,10.0266,322445.35,392257.57
600299.SH,20190308,11.68,11.68,11.25,11.27,11.91,-0.64,-5.3736,159271.88,183140.744
600299.SH,20190307,11.89,12.01,11.72,11.91,12.01,-0.1,-0.8326,159960.87,189565.145
600299.SH,20190306,11.6,12.09,11.6,12.01,11.49,0.52,4.5257,218809.16,260766.555
600299.SH,20190305,11.37,11.5,11.3,11.49,11.4,0.09,0.7895,130153.01,148398.553
600299.SH,20190304,11.38,11.6,11.22,11.4,11.33,0.07,0.6178,175835.09,200602.232
600299.SH,20190301,11.44,11.61,11.18,11.33,11.4,-0.07,-0.614,203074.73,230647.268
600299.SH,20190228,10.75,11.72,10.7,11.4,10.7,0.7,6.5421,285317.33,318773.152
600299.SH,20190227,10.82,10.97,10.59,10.7,10.87,-0.17,-1.5639,178806.04,193012.216
600299.SH,20190226,10.94,11.04,10.7,10.87,10.92,-0.05,-0.4579,223849.31,244272.211
600299.SH,20190225,10.61,10.99,10.53,10.92,10.58,0.34,3.2136,252546.8,272012.719
600299.SH,20190222,10.86,10.9,10.31,10.58,10.87,-0.29,-2.6679,164155.76,173760.925
600299.SH,20190221,10.91,11.02,10.83,10.87,10.91,-0.04,-0.3666,82134.01,89790.158
600299.SH,20190220,10.92,11.06,10.86,10.91,10.92,-0.01,-0.0916,102326.41,111981.565
600299.SH,20190219,11.18,11.18,10.79,10.92,11.18,-0.26,-2.3256,158264.3,173313.89
600299.SH,20190218,11.01,11.19,10.74,11.18,10.99,0.19,1.7288,187593.92,204511.433
600299.SH,20190215,11.27,11.29,10.9,10.99,11.2,-0.21,-1.875,58830.51,65075.31
600299.SH,20190214,11.38,11.52,11.17,11.2,11.4,-0.2,-1.7544,48820.48,55047.365
600299.SH,20190213,11.48,11.48,11.28,11.4,11.32,0.08,0.7067,26321.33,29976.997
600299.SH,20190212,11.09,11.41,11.08,11.32,11.09,0.23,2.0739,21201.17,23897.832
600299.SH,20190211,10.89,11.1,10.88,11.09,10.89,0.2,1.8365,15904.23,17555.87
600299.SH,20190201,10.85,10.95,10.78,10.89,10.85,0.04,0.3687,19918.7,21582.37
600299.SH,20190131,10.86,11.03,10.72,10.85,10.95,-0.1,-0.9132,26882.86,29174.234
600299.SH,20190130,11.02,11.17,10.91,10.95,11.06,-0.11,-0.9946,11838.42,13086.938
600299.SH,20190129,11.2,11.27,10.96,11.06,11.2,-0.14,-1.25,17144.24,18995.329
600299.SH,20190128,11.45,11.45,11.14,11.2,11.35,-0.15,-1.3216,13796.5,15580.081
600299.SH,20190125,11.33,11.46,11.3,11.35,11.4,-0.05,-0.4386,13107.54,14907.589
600299.SH,20190124,11.44,11.44,11.32,11.4,11.42,-0.02,-0.1751,8382.93,9536.214
600299.SH,20190123,11.3,11.44,11.26,11.42,11.32,0.1,0.8834,11442.76,13019.934
600299.SH,20190122,11.56,11.6,11.32,11.32,11.5,-0.18,-1.5652,15875.71,18118.988
600299.SH,20190121,11.25,11.55,11.25,11.5,11.26,0.24,2.1314,26107.87,29954.429
600299.SH,20190118,11.18,11.29,11.13,11.26,11.17,0.09,0.8057,15981.81,17926.808
600299.SH,20190117,11.22,11.27,11.12,11.17,11.14,0.03,0.2693,17256.88,19317.047
600299.SH,20190116,11.15,11.26,11.11,11.14,11.17,-0.03,-0.2686,12555.7,14035.628
600299.SH,20190115,11.1,11.22,11.04,11.17,11.11,0.06,0.5401,15641.34,17433.044
600299.SH,20190114,11.25,11.29,11.07,11.11,11.36,-0.25,-2.2007,18034.02,20126.892
600299.SH,20190111,11.28,11.42,11.25,11.36,11.29,0.07,0.62,16339.77,18562.514
600299.SH,20190110,11.42,11.45,11.25,11.29,11.38,-0.09,-0.7909,14735.0,16694.563
600299.SH,20190109,11.17,11.43,11.17,11.38,11.18,0.2,1.7889,26601.41,30267.136
600299.SH,20190108,11.26,11.38,11.11,11.18,11.3,-0.12,-1.0619,15375.0,17269.629
600299.SH,20190107,11.22,11.35,11.17,11.3,11.22,0.08,0.713,15733.04,17722.437
600299.SH,20190104,11.05,11.34,11.01,11.22,11.07,0.15,1.355,12987.68,14551.368
600299.SH,20190103,11.23,11.4,11.06,11.07,11.23,-0.16,-1.4248,17309.0,19474.647
600299.SH,20190102,11.4,11.41,11.2,11.23,11.48,-0.25,-2.1777,18405.0,20811.581
600299.SH,20181228,11.01,11.53,10.61,11.48,11.18,0.3,2.6834,52973.01,59090.619
600299.SH,20181227,11.3,11.35,11.18,11.18,11.19,-0.01,-0.0894,11410.5,12844.926
600299.SH,20181226,11.41,11.43,11.1,11.19,11.39,-0.2,-1.7559,17987.56,20240.707
600299.SH,20181225,11.35,11.41,11.06,11.39,11.37,0.02,0.1759,20048.57,22561.337
600299.SH,20181224,11.1,11.37,11.01,11.37,11.1,0.27,2.4324,17542.16,19717.407
600299.SH,20181221,11.26,11.26,11.01,11.1,11.27,-0.17,-1.5084,16266.5,18104.877
600299.SH,20181220,11.1,11.28,11.1,11.27,11.14,0.13,1.167,15187.0,17000.794
600299.SH,20181219,11.42,11.47,11.11,11.14,11.31,-0.17,-1.5031,13974.5,15702.737
600299.SH,20181218,11.26,11.45,11.12,11.31,11.21,0.1,0.8921,21680.36,24550.707
600299.SH,20181217,11.3,11.45,10.92,11.21,11.44,-0.23,-2.0105,42695.66,47711.095
600299.SH,20181214,11.59,11.59,11.3,11.44,11.55,-0.11,-0.9524,24109.61,27542.563
600299.SH,20181213,11.48,11.73,11.41,11.55,11.46,0.09,0.7853,30322.61,35156.982
600299.SH,20181212,11.64,11.64,11.41,11.46,11.51,-0.05,-0.4344,14388.01,16555.975
600299.SH,20181211,11.75,11.75,11.51,11.51,11.63,-0.12,-1.0318,16555.0,19215.977
600299.SH,20181210,11.44,11.76,11.43,11.63,11.57,0.06,0.5186,19548.57,22752.438
600299.SH,20181207,11.6,11.69,11.53,11.57,11.55,0.02,0.1732,24795.6,28803.398
600299.SH,20181206,11.78,12.04,11.54,11.55,11.86,-0.31,-2.6138,30683.0,36254.49
600299.SH,20181205,11.88,12.0,11.77,11.86,11.95,-0.09,-0.7531,24907.5,29591.342
600299.SH,20181204,12.05,12.05,11.89,11.95,12.05,-0.1,-0.8299,24942.6,29848.67
600299.SH,20181203,12.0,12.11,11.75,12.05,11.73,0.32,2.728,60981.71,72866.987
600299.SH,20181130,11.37,11.8,11.31,11.73,11.38,0.35,3.0756,28723.88,33170.811
600299.SH,20181129,11.78,11.85,11.33,11.38,11.69,-0.31,-2.6518,29184.5,33699.339
600299.SH,20181128,11.57,11.76,11.47,11.69,11.57,0.12,1.0372,19039.26,22208.905
600299.SH,20181127,11.71,11.84,11.5,11.57,11.67,-0.1,-0.8569,40905.22,47542.752
600299.SH,20181126,11.78,12.05,11.5,11.67,11.85,-0.18,-1.519,34040.07,39813.527
600299.SH,20181123,12.43,12.58,11.85,11.85,12.5,-0.65,-5.2,42274.44,51296.214
600299.SH,20181122,12.28,12.69,12.23,12.5,12.25,0.25,2.0408,48036.4,59754.594
600299.SH,20181121,12.11,12.3,12.11,12.25,12.22,0.03,0.2455,23299.4,28444.24
600299.SH,20181120,12.38,12.49,12.13,12.22,12.38,-0.16,-1.2924,30516.8,37508.162
600299.SH,20181119,12.29,12.5,12.22,12.38,12.29,0.09,0.7323,27261.12,33684.62
600299.SH,20181116,12.65,12.69,12.22,12.29,12.65,-0.36,-2.8458,68451.18,84683.391
600299.SH,20181115,12.7,12.85,12.46,12.65,12.79,-0.14,-1.0946,56332.76,71371.524
600299.SH,20181114,12.64,12.96,12.58,12.79,12.62,0.17,1.3471,45454.04,58146.059
600299.SH,20181113,12.55,12.79,12.52,12.62,12.73,-0.11,-0.8641,40954.74,51872.171
600299.SH,20181112,12.29,12.74,12.21,12.73,12.35,0.38,3.0769,38701.65,48331.478
600299.SH,20181109,12.36,12.57,12.31,12.35,12.5,-0.15,-1.2,31391.65,39007.955
600299.SH,20181108,12.91,12.95,12.38,12.5,12.85,-0.35,-2.7237,57580.02,72641.425
600299.SH,20181107,13.02,13.19,12.73,12.85,13.04,-0.19,-1.4571,39750.3,51502.303
600299.SH,20181106,13.11,13.27,12.84,13.04,13.1,-0.06,-0.458,30702.8,39953.955
600299.SH,20181105,13.23,13.23,12.93,13.1,13.3,-0.2,-1.5038,48163.07,62918.685
600299.SH,20181102,12.65,13.37,12.65,13.3,12.67,0.63,4.9724,88084.25,115074.531
600299.SH,20181101,12.79,12.97,12.6,12.67,12.67,0.0,0.0,39837.26,50870.917
600299.SH,20181031,12.66,12.84,12.41,12.67,12.63,0.04,0.3167,42850.75,54301.566
600299.SH,20181030,12.48,12.8,12.31,12.63,12.52,0.11,0.8786,49798.31,62614.248
600299.SH,20181029,13.01,13.01,12.27,12.52,12.97,-0.45,-3.4695,88989.28,111677.792
600299.SH,20181026,13.2,13.41,12.87,12.97,13.28,-0.31,-2.3343,86864.83,113347.951
600299.SH,20181025,12.67,13.55,12.62,13.28,12.7,0.58,4.5669,158537.17,209245.236
600299.SH,20181024,12.1,13.09,12.1,12.7,11.96,0.74,6.1873,99999.24,128276.796
600299.SH,20181023,12.16,12.23,11.76,11.96,12.28,-0.32,-2.6059,39645.47,47446.302
600299.SH,20181022,12.13,12.44,11.95,12.28,12.06,0.22,1.8242,53653.37,65466.578
600299.SH,20181019,11.44,12.2,11.3,12.06,11.51,0.55,4.7785,49689.22,59128.703
600299.SH,20181018,11.1,11.78,10.98,11.51,11.16,0.35,3.1362,49483.74,56699.242
600299.SH,20181017,11.28,11.39,10.8,11.16,11.1,0.06,0.5405,39222.0,43264.081
600299.SH,20181016,11.82,12.07,10.94,11.1,11.91,-0.81,-6.801,53849.72,61163.63
600299.SH,20181015,12.23,12.47,11.81,11.91,12.26,-0.35,-2.8548,29002.17,35199.455
600299.SH,20181012,11.91,12.39,11.75,12.26,11.9,0.36,3.0252,39038.0,47169.819
600299.SH,20181011,12.36,12.9,11.86,11.9,12.96,-1.06,-8.179,59318.75,72949.085
600299.SH,20181010,13.1,13.1,12.75,12.96,12.9,0.06,0.4651,22520.19,29110.987
600299.SH,20181009,13.09,13.16,12.61,12.9,12.98,-0.08,-0.6163,41903.2,54068.14
600299.SH,20181008,12.5,13.24,12.5,12.98,13.3,-0.32,-2.406,40837.54,52843.626
600299.SH,20180928,13.16,13.5,13.16,13.3,13.28,0.02,0.1506,34383.01,45769.771
600299.SH,20180927,13.15,13.5,13.15,13.28,13.14,0.14,1.0654,39161.83,52293.495
600299.SH,20180926,13.17,13.55,13.02,13.14,13.15,-0.01,-0.076,42312.82,56434.818
600299.SH,20180925,13.11,13.32,12.99,13.15,13.3,-0.15,-1.1278,36167.51,47608.631
600299.SH,20180921,13.33,13.5,13.02,13.3,13.33,-0.03,-0.2251,60701.04,79794.113
600299.SH,20180920,12.57,13.63,12.57,13.33,12.64,0.69,5.4589,111201.0,146723.417
600299.SH,20180919,12.32,12.79,12.31,12.64,12.38,0.26,2.1002,33409.0,42313.667
600299.SH,20180918,12.47,12.47,12.14,12.38,12.31,0.07,0.5686,20209.0,24906.773
600299.SH,20180917,12.49,12.54,12.28,12.31,12.41,-0.1,-0.8058,23567.03,29254.249
600299.SH,20180914,12.43,12.53,12.29,12.41,12.43,-0.02,-0.1609,21062.53,26162.897
600299.SH,20180913,12.39,12.49,12.01,12.43,12.29,0.14,1.1391,40151.0,49498.677
600299.SH,20180912,12.3,12.49,12.15,12.29,12.3,-0.01,-0.0813,24147.01,29797.802
600299.SH,20180911,12.03,12.47,12.03,12.3,12.04,0.26,2.1595,40940.0,50429.865
600299.SH,20180910,11.91,12.26,11.82,12.04,11.99,0.05,0.417,32003.32,38640.818
600299.SH,20180907,11.62,11.99,11.58,11.99,11.63,0.36,3.0954,23066.02,27130.933
600299.SH,20180906,11.9,11.96,11.44,11.63,11.88,-0.25,-2.1044,21688.01,25405.958
600299.SH,20180905,12.0,12.09,11.88,11.88,12.03,-0.15,-1.2469,17982.0,21545.372
600299.SH,20180904,11.93,12.07,11.78,12.03,11.93,0.1,0.8382,29262.0,35069.425
600299.SH,20180903,11.81,11.94,11.75,11.93,11.84,0.09,0.7601,10379.0,12307.935
600299.SH,20180831,11.96,12.04,11.72,11.84,11.89,-0.05,-0.4205,20626.03,24492.364
600299.SH,20180830,12.14,12.15,11.88,11.89,12.05,-0.16,-1.3278,25328.63,30447.058
600299.SH,20180829,11.93,12.15,11.84,12.05,12.05,0.0,0.0,16553.61,19871.051
600299.SH,20180828,12.05,12.2,11.99,12.05,12.05,0.0,0.0,24511.63,29619.69
600299.SH,20180827,11.95,12.17,11.95,12.05,11.96,0.09,0.7525,30765.0,37187.36
600299.SH,20180824,11.63,11.98,11.61,11.96,11.75,0.21,1.7872,25379.01,30124.144
600299.SH,20180823,11.72,11.79,11.59,11.75,11.72,0.03,0.256,26051.0,30452.387
600299.SH,20180822,11.6,11.82,11.52,11.72,11.58,0.14,1.209,15969.92,18654.377
600299.SH,20180821,11.4,11.8,11.39,11.58,11.47,0.11,0.959,27056.1,31425.199
600299.SH,20180820,11.7,11.78,11.2,11.47,11.72,-0.25,-2.1331,41251.0,47185.396
600299.SH,20180817,11.93,12.15,11.68,11.72,11.88,-0.16,-1.3468,34483.0,41229.727
600299.SH,20180816,12.18,12.4,11.68,11.88,12.39,-0.51,-4.1162,61445.13,74145.007
600299.SH,20180815,12.83,12.89,12.34,12.39,12.58,-0.19,-1.5103,53165.51,66486.898
600299.SH,20180814,12.72,12.99,12.49,12.58,12.54,0.04,0.319,75383.74,95940.919
600299.SH,20180813,11.8,12.75,11.7,12.54,11.83,0.71,6.0017,87343.52,107614.001
600299.SH,20180810,11.88,12.2,11.75,11.83,11.97,-0.14,-1.1696,25973.48,30781.849
600299.SH,20180809,11.71,12.02,11.68,11.97,11.7,0.27,2.3077,24365.0,29016.901
600299.SH,20180808,12.03,12.04,11.61,11.7,12.03,-0.33,-2.7431,22430.07,26524.221
600299.SH,20180807,11.8,12.06,11.66,12.03,11.63,0.4,3.4394,25545.1,30338.305
600299.SH,20180806,11.71,11.89,11.5,11.63,11.81,-0.18,-1.5241,21472.72,25181.856
600299.SH,20180803,12.15,12.18,11.8,11.81,12.1,-0.29,-2.3967,39054.12,46743.715
600299.SH,20180802,11.99,12.19,11.63,12.1,12.09,0.01,0.0827,58677.31,69743.147
600299.SH,20180801,12.0,12.41,12.0,12.09,12.06,0.03,0.2488,39323.7,48134.034
600299.SH,20180731,11.98,12.2,11.7,12.06,11.94,0.12,1.005,24078.95,28833.892
600299.SH,20180730,12.0,12.12,11.82,11.94,12.0,-0.06,-0.5,26351.31,31521.038
600299.SH,20180727,11.9,12.13,11.6,12.0,11.89,0.11,0.9251,56069.31,66286.947
600299.SH,20180726,11.39,12.25,11.3,11.89,11.79,0.1,0.8482,87202.04,103570.504
600299.SH,20180725,11.52,11.81,11.51,11.79,11.48,0.31,2.7003,33339.35,38896.698
600299.SH,20180724,11.17,11.56,11.1,11.48,11.17,0.31,2.7753,27543.69,31421.628
600299.SH,20180723,10.91,11.17,10.91,11.17,11.05,0.12,1.086,31518.57,34927.092
600299.SH,20180720,10.83,11.09,10.7,11.05,10.91,0.14,1.2832,21611.85,23757.44
600299.SH,20180719,11.11,11.28,10.86,10.91,11.19,-0.28,-2.5,19380.0,21247.446
600299.SH,20180718,11.3,11.34,11.16,11.19,11.28,-0.09,-0.8,18276.0,20512.165
600299.SH,20180717,11.26,11.33,11.11,11.28,11.23,0.05,0.45,11354.65,12711.775
600299.SH,20180716,11.35,11.48,11.15,11.23,11.3,-0.07,-0.62,19434.99,21891.334
600299.SH,20180713,11.27,11.39,11.18,11.3,11.23,0.07,0.62,62789.06,70784.222
600299.SH,20180712,11.02,11.26,11.0,11.23,11.01,0.22,2.0,52638.54,58741.538
600299.SH,20180711,10.75,11.16,10.65,11.01,11.06,-0.05,-0.45,30689.1,33629.914
600299.SH,20180710,11.15,11.2,10.73,11.06,11.18,-0.12,-1.07,35076.02,38589.239
600299.SH,20180709,10.77,11.3,10.77,11.18,10.84,0.34,3.14,70215.29,77557.603
600299.SH,20180706,11.52,11.61,10.68,10.84,11.65,-0.81,-6.95,64676.91,71375.288
600299.SH,20180705,11.92,11.92,11.46,11.65,11.96,-0.31,-2.59,39624.01,45946.04
600299.SH,20180704,12.01,12.15,11.84,11.96,12.01,-0.05,-0.42,24944.61,29913.483
600299.SH,20180703,11.77,12.05,11.6,12.01,11.79,0.22,1.87,38443.69,45705.257
600299.SH,20180702,11.66,12.0,11.6,11.79,11.64,0.15,1.29,28596.68,33665.667
600299.SH,20180629,11.5,11.72,11.2,11.64,11.43,0.21,1.84,23052.83,26473.613
600299.SH,20180628,11.71,11.87,11.4,11.43,11.72,-0.29,-2.47,13952.27,16209.008
600299.SH,20180627,12.09,12.19,11.66,11.72,12.02,-0.3,-2.5,31568.0,37342.498
600299.SH,20180626,11.6,12.1,11.41,12.02,11.75,0.27,2.3,27992.5,33171.286
600299.SH,20180625,12.22,12.31,11.7,11.75,12.11,-0.36,-2.97,27136.0,32589.868
600299.SH,20180622,12.0,12.21,11.74,12.11,12.12,-0.01,-0.08,25983.7,31354.044
600299.SH,20180621,12.13,12.46,11.98,12.12,12.1,0.02,0.17,45655.02,55783.547
600299.SH,20180620,12.03,12.32,11.8,12.1,12.0,0.1,0.83,100421.98,121494.214
600299.SH,20180619,12.72,13.0,11.6,12.0,12.87,-0.87,-6.76,56747.34,70701.134
600299.SH,20180615,12.92,12.99,12.67,12.87,12.76,0.11,0.86,33514.03,43044.522
600299.SH,20180614,12.73,13.08,12.68,12.76,12.75,0.01,0.08,37269.05,47908.768
600299.SH,20180613,12.35,12.92,12.35,12.75,12.43,0.32,2.57,59438.38,75496.036
600299.SH,20180612,12.18,12.62,12.07,12.6,12.19,0.41,3.36,46119.0,57409.779
600299.SH,20180611,12.21,12.34,11.93,12.19,12.16,0.03,0.25,34939.0,42542.174
600299.SH,20180608,12.36,12.36,11.9,12.16,12.34,-0.18,-1.46,41438.01,50356.493
600299.SH,20180607,12.42,12.52,12.3,12.34,12.25,0.09,0.73,24046.0,29856.576
600299.SH,20180606,12.51,12.51,12.2,12.25,12.43,-0.18,-1.45,28800.0,35451.196
600299.SH,20180605,12.38,12.45,12.18,12.43,12.26,0.17,1.39,36635.41,45140.211
600299.SH,20180604,12.95,13.05,12.18,12.26,12.87,-0.61,-4.74,50020.0,62631.022
600299.SH,20180601,12.97,13.16,12.8,12.87,12.87,0.0,0.0,31925.94,41572.887
600299.SH,20180531,12.92,13.12,12.81,12.87,12.92,-0.05,-0.39,34525.86,44639.857
600299.SH,20180530,12.68,13.22,12.6,12.92,13.02,-0.1,-0.77,34606.12,44985.626
600299.SH,20180529,13.07,13.46,13.0,13.02,13.08,-0.06,-0.46,33922.38,44661.312
600299.SH,20180528,13.2,13.27,12.9,13.08,13.21,-0.13,-0.98,44274.92,58121.366
600299.SH,20180525,13.01,13.38,12.75,13.21,13.07,0.14,1.07,57097.36,74787.209
600299.SH,20180524,13.13,13.39,13.06,13.07,13.19,-0.12,-0.91,31088.5,40992.936
600299.SH,20180523,13.64,13.68,13.1,13.19,13.6,-0.41,-3.01,38236.0,51048.879
600299.SH,20180522,13.75,13.88,13.46,13.6,13.76,-0.16,-1.16,41718.79,56628.925
600299.SH,20180521,13.88,14.07,13.66,13.76,13.78,-0.02,-0.15,43469.0,60224.594
600299.SH,20180518,13.8,13.98,13.57,13.78,13.83,-0.05,-0.36,24994.0,34344.892
600299.SH,20180517,13.85,14.15,13.66,13.83,13.82,0.01,0.07,50107.01,69955.982
600299.SH,20180516,13.62,14.05,13.48,13.82,13.62,0.2,1.47,56953.97,79088.861
600299.SH,20180515,13.85,13.85,13.43,13.62,13.63,-0.01,-0.07,19968.49,27125.946
600299.SH,20180514,13.65,13.85,13.52,13.63,13.67,-0.04,-0.29,23335.01,31865.906
600299.SH,20180511,14.02,14.09,13.62,13.67,14.04,-0.37,-2.64,55438.0,76788.346
600299.SH,20180510,13.57,14.05,13.57,14.04,13.58,0.46,3.39,64399.14,89684.986
600299.SH,20180509,13.47,13.65,13.4,13.58,13.54,0.04,0.3,34059.67,46035.419
600299.SH,20180508,13.63,13.74,13.43,13.54,13.62,-0.08,-0.59,28968.46,39216.432
600299.SH,20180507,13.5,13.95,13.46,13.62,13.43,0.19,1.41,43767.3,60188.446
600299.SH,20180504,13.59,13.66,13.38,13.43,13.64,-0.21,-1.54,23064.02,31128.251
600299.SH,20180503,13.57,13.73,13.43,13.64,13.59,0.05,0.37,34994.53,47590.459
600299.SH,20180502,13.53,13.68,13.31,13.59,13.53,0.06,0.44,44883.12,60584.78
600299.SH,20180427,13.0,13.56,12.86,13.53,12.82,0.71,5.54,46409.95,61460.072
600299.SH,20180426,13.0,13.14,12.8,12.82,12.9,-0.08,-0.62,12411.4,15992.998
600299.SH,20180425,12.56,13.03,12.48,12.9,12.58,0.32,2.54,20023.98,25748.801
600299.SH,20180424,12.44,12.7,12.39,12.58,12.45,0.13,1.04,10408.0,13111.009
600299.SH,20180423,12.45,12.6,12.25,12.45,12.61,-0.16,-1.27,18662.98,23120.513
600299.SH,20180420,12.92,13.03,12.5,12.61,12.76,-0.15,-1.18,13662.09,17524.159
600299.SH,20180419,12.95,12.95,12.75,12.76,12.94,-0.18,-1.39,11185.84,14341.35
600299.SH,20180418,12.88,13.01,12.25,12.94,12.9,0.04,0.31,30196.78,38257.541
600299.SH,20180417,12.93,13.05,12.85,12.9,12.93,-0.03,-0.23,12347.98,15993.088
600299.SH,20180416,12.95,13.05,12.83,12.93,12.94,-0.01,-0.08,10548.1,13642.521
600299.SH,20180413,13.05,13.15,12.92,12.94,13.12,-0.18,-1.37,11590.25,15109.75
600299.SH,20180412,13.13,13.25,13.03,13.12,13.11,0.01,0.08,11421.0,14968.516
600299.SH,20180411,13.3,13.3,13.03,13.11,13.02,0.09,0.69,16067.66,21084.24
600299.SH,20180410,13.09,13.09,12.91,13.02,13.12,-0.1,-0.76,19504.39,25336.943
600299.SH,20180409,12.88,13.13,12.8,13.12,13.03,0.09,0.69,19856.12,25883.645
600299.SH,20180404,12.88,13.13,12.78,13.03,12.94,0.09,0.7,24512.15,31832.747
600299.SH,20180403,13.0,13.19,12.65,12.94,13.39,-0.45,-3.36,51528.76,66355.688
600299.SH,20180402,13.5,13.78,13.35,13.39,13.46,-0.07,-0.52,27517.55,37207.275
600299.SH,20180330,13.43,13.59,13.32,13.46,13.42,0.04,0.3,22255.55,29968.346
600299.SH,20180329,13.4,13.6,13.31,13.42,13.45,-0.03,-0.22,22442.28,30083.664
600299.SH,20180328,13.6,13.79,13.4,13.45,13.9,-0.45,-3.24,40873.32,55528.403
600299.SH,20180327,13.73,14.18,13.72,13.9,14.0,-0.1,-0.71,57763.74,80102.357
600299.SH,20180326,13.47,14.08,13.01,14.0,12.9,1.1,8.53,70266.96,95233.055
600299.SH,20180323,13.19,13.56,12.84,12.9,13.7,-0.8,-5.84,36578.82,48286.842
600299.SH,20180322,13.58,13.9,13.56,13.7,13.6,0.1,0.74,31860.13,43751.889
600299.SH,20180321,14.02,14.27,13.58,13.6,13.97,-0.37,-2.65,48317.49,67306.915
600299.SH,20180320,13.79,13.99,13.58,13.97,14.0,-0.03,-0.21,48396.77,66723.238
600299.SH,20180319,13.33,14.07,13.16,14.0,13.38,0.62,4.63,54746.49,75383.962
600299.SH,20180316,13.32,13.43,13.1,13.38,13.32,0.06,0.45,28604.81,37931.781
600299.SH,20180315,13.2,13.45,13.06,13.32,13.36,-0.04,-0.3,31312.59,41282.329
600299.SH,20180314,13.44,13.97,13.28,13.36,13.46,-0.1,-0.74,50848.76,69341.085
600299.SH,20180313,13.45,13.66,13.33,13.46,13.55,-0.09,-0.66,42433.99,57277.485
600299.SH,20180312,13.3,13.56,13.22,13.55,13.36,0.19,1.42,63647.06,85161.587
600299.SH,20180309,12.64,13.7,12.47,13.36,12.62,0.74,5.86,86117.65,113034.373
600299.SH,20180308,12.63,12.69,12.42,12.62,12.58,0.04,0.32,31562.75,39604.686
600299.SH,20180307,11.96,12.64,11.95,12.58,12.02,0.56,4.66,49567.13,61492.131
600299.SH,20180306,12.07,12.08,11.82,12.02,12.04,-0.02,-0.17,10081.83,12084.172
600299.SH,20180305,11.93,12.06,11.85,12.04,11.98,0.06,0.5,10605.47,12686.612
600299.SH,20180302,11.99,12.09,11.8,11.98,12.16,-0.18,-1.48,21790.06,25979.789
600299.SH,20180301,12.12,12.21,11.84,12.16,12.23,-0.07,-0.57,17146.37,20655.819
600299.SH,20180228,12.38,12.38,12.12,12.23,12.34,-0.11,-0.89,15028.23,18299.951
600299.SH,20180227,12.49,12.49,12.17,12.34,12.44,-0.1,-0.8,19688.02,24243.946
600299.SH,20180226,12.31,12.65,12.29,12.44,12.3,0.14,1.14,26796.76,33367.831
600299.SH,20180223,12.04,12.3,11.95,12.3,12.03,0.27,2.24,16688.42,20342.769
600299.SH,20180222,11.99,12.08,11.8,12.03,11.85,0.18,1.52,9945.0,11902.026
600299.SH,20180214,12.0,12.0,11.6,11.85,12.0,-0.15,-1.25,6461.0,7656.81
600299.SH,20180213,12.05,12.06,11.81,12.0,11.99,0.01,0.08,14198.59,16975.119
600299.SH,20180212,11.86,12.05,11.68,11.99,11.74,0.25,2.13,13064.33,15500.7
600299.SH,20180209,11.9,11.9,11.32,11.74,12.07,-0.33,-2.73,23872.72,27635.168
600299.SH,20180208,11.68,12.18,11.58,12.07,11.66,0.41,3.52,28338.91,33929.078
600299.SH,20180207,11.7,11.82,11.3,11.66,11.59,0.07,0.6,17585.12,20404.203
600299.SH,20180206,11.6,11.92,11.48,11.59,11.87,-0.28,-2.36,19425.33,22628.708
600299.SH,20180205,11.45,12.08,11.4,11.87,11.81,0.06,0.51,13527.0,16048.33
600299.SH,20180202,11.48,11.91,11.2,11.81,11.73,0.08,0.68,15442.91,17912.485
600299.SH,20180201,12.25,12.3,11.12,11.73,12.36,-0.63,-5.1,45117.31,53088.392
600299.SH,20180131,12.21,12.55,12.13,12.36,12.21,0.15,1.23,28348.21,34926.504
600299.SH,20180130,12.24,12.37,12.08,12.21,12.24,-0.03,-0.25,11498.41,14064.352
600299.SH,20180129,12.63,12.64,12.11,12.24,12.58,-0.34,-2.7,35370.09,43557.198
600299.SH,20180126,11.88,12.75,11.75,12.58,11.91,0.67,5.63,60152.61,74814.591
600299.SH,20180125,12.12,12.3,11.89,11.91,12.08,-0.17,-1.41,13883.01,16661.011
600299.SH,20180124,11.87,12.09,11.56,12.08,11.82,0.26,2.2,21211.91,25285.968
600299.SH,20180123,11.87,12.07,11.78,11.82,11.94,-0.12,-1.01,12570.81,14926.267
600299.SH,20180122,11.96,12.1,11.83,11.94,11.91,0.03,0.25,16452.1,19685.345
600299.SH,20180119,12.0,12.07,11.82,11.91,12.06,-0.15,-1.24,14971.67,17867.549
600299.SH,20180118,11.65,12.12,11.58,12.06,11.7,0.36,3.08,36760.57,43837.968
600299.SH,20180117,11.7,11.9,11.46,11.7,11.64,0.06,0.52,39455.36,46024.745
600299.SH,20180116,11.69,12.17,11.45,11.64,11.7,-0.06,-0.51,54732.39,64627.349
600299.SH,20180115,11.66,11.88,11.44,11.7,11.77,-0.07,-0.59,26169.86,30593.801
600299.SH,20180112,11.82,11.96,11.56,11.77,11.77,0.0,0.0,44220.23,51784.564
600299.SH,20180111,12.22,12.22,11.62,11.77,12.12,-0.35,-2.89,45381.91,53666.565
600299.SH,20180110,11.56,12.69,11.5,12.12,11.56,0.56,4.84,76656.0,93631.069
600299.SH,20180109,11.29,11.71,11.15,11.56,11.21,0.35,3.12,47048.33,53964.439
600299.SH,20180108,11.01,11.31,10.85,11.21,10.98,0.23,2.09,29395.18,32793.262
600299.SH,20180105,10.7,11.15,10.58,10.98,10.7,0.28,2.62,32779.21,35829.566
600299.SH,20180104,10.55,10.77,10.49,10.7,10.57,0.13,1.23,25188.65,26942.846
600299.SH,20180103,10.43,10.61,10.33,10.57,10.43,0.14,1.34,17729.62,18516.041
600299.SH,20180102,10.13,10.57,10.13,10.43,10.11,0.32,3.17,21464.0,22346.53
600299.SH,20171229,10.04,10.14,10.01,10.11,10.04,0.07,0.7,17344.3,17450.771
600299.SH,20171228,9.98,10.12,9.93,10.04,10.03,0.01,0.1,17685.11,17762.714
600299.SH,20171227,10.05,10.12,10.0,10.03,10.05,-0.02,-0.2,15040.78,15112.861
600299.SH,20171226,10.13,10.15,10.0,10.05,10.15,-0.1,-0.99,14449.5,14525.318
600299.SH,20171225,10.19,10.25,10.12,10.15,10.22,-0.07,-0.68,9488.3,9640.997
600299.SH,20171222,10.31,10.35,10.15,10.22,10.4,-0.18,-1.73,27346.93,27992.335
600299.SH,20171221,10.43,10.55,10.21,10.4,10.52,-0.12,-1.14,31181.81,32492.471
600299.SH,20171220,10.77,10.77,10.46,10.52,10.72,-0.2,-1.87,8888.89,9371.762
600299.SH,20171219,10.67,10.81,10.66,10.72,10.67,0.05,0.47,4922.0,5282.434
600299.SH,20171218,10.65,10.74,10.4,10.67,10.64,0.03,0.28,6814.38,7248.422
600299.SH,20171215,10.7,10.89,10.56,10.64,10.8,-0.16,-1.48,9086.21,9704.556
600299.SH,20171214,10.83,11.0,10.77,10.8,10.91,-0.11,-1.01,9840.0,10686.258
600299.SH,20171213,10.83,11.09,10.8,10.91,10.66,0.25,2.35,22504.29,24583.119
600299.SH,20171212,10.61,10.83,10.59,10.66,10.7,-0.04,-0.37,8518.1,9094.406
600299.SH,20171211,10.4,10.73,10.36,10.7,10.54,0.16,1.52,11551.49,12283.087
600299.SH,20171208,10.37,10.55,10.0,10.54,10.37,0.17,1.64,16892.58,17571.523
600299.SH,20171207,10.5,10.55,10.3,10.37,10.53,-0.16,-1.52,13707.01,14324.925
600299.SH,20171206,10.6,10.76,10.26,10.53,10.61,-0.08,-0.75,28251.8,29555.946
600299.SH,20171205,11.14,11.23,10.3,10.61,11.17,-0.56,-5.01,31359.85,33761.039
600299.SH,20171204,11.2,11.24,11.13,11.17,11.21,-0.04,-0.36,9700.26,10833.243
600299.SH,20171201,11.24,11.36,11.11,11.21,11.24,-0.03,-0.27,11641.68,13061.967
600299.SH,20171130,11.2,11.39,11.1,11.24,11.25,-0.01,-0.09,19067.2,21393.29
600299.SH,20171129,11.56,11.59,11.18,11.25,11.58,-0.33,-2.85,25142.6,28414.808
600299.SH,20171128,11.71,11.72,11.32,11.58,11.72,-0.14,-1.19,29028.96,33362.86
600299.SH,20171127,12.1,12.1,11.6,11.72,12.12,-0.4,-3.3,36172.0,42730.211
600299.SH,20171124,11.95,12.25,11.81,12.12,11.95,0.17,1.42,39197.19,47284.8
600299.SH,20171123,11.88,12.48,11.8,11.95,12.15,-0.2,-1.65,63550.82,77398.013
600299.SH,20171122,12.17,12.53,11.93,12.15,12.22,-0.07,-0.57,63155.08,77156.706
600299.SH,20171121,11.52,12.4,11.31,12.22,11.43,0.79,6.91,76076.88,91721.832
600299.SH,20171120,11.6,11.6,10.76,11.43,11.6,-0.17,-1.47,23438.5,26263.89
600299.SH,20171117,11.75,12.09,11.53,11.6,11.76,-0.16,-1.36,50300.96,59442.419
600299.SH,20171116,11.31,11.79,11.31,11.76,11.36,0.4,3.52,28119.56,32767.687
600299.SH,20171115,11.55,11.6,11.28,11.36,11.59,-0.23,-1.98,10171.01,11592.45
600299.SH,20171114,11.7,11.7,11.34,11.59,11.64,-0.05,-0.43,18051.01,20773.491
600299.SH,20171113,11.68,11.79,11.55,11.64,11.67,-0.03,-0.26,16344.54,19070.805
600299.SH,20171110,11.81,11.81,11.58,11.67,11.8,-0.13,-1.1,14710.71,17200.165
600299.SH,20171109,11.65,11.83,11.56,11.8,11.8,0.0,0.0,15537.77,18187.748
600299.SH,20171108,11.98,11.98,11.66,11.8,11.68,0.12,1.03,37630.24,44455.619
600299.SH,20171107,11.2,11.91,11.15,11.68,11.21,0.47,4.19,15690.9,17866.28
600299.SH,20171106,11.14,11.22,11.04,11.21,11.19,0.02,0.18,6658.0,7423.861
600299.SH,20171103,11.17,11.25,11.11,11.19,11.15,0.04,0.36,8273.87,9240.841
600299.SH,20171102,11.28,11.31,11.1,11.15,11.25,-0.1,-0.89,7098.9,7942.064
600299.SH,20171101,11.34,11.43,11.22,11.25,11.33,-0.08,-0.71,8398.38,9494.817
600299.SH,20171031,11.34,11.36,11.26,11.33,11.32,0.01,0.09,4764.1,5392.141
600299.SH,20171030,11.55,11.59,11.16,11.32,11.55,-0.23,-1.99,10552.8,11931.403
600299.SH,20171027,11.53,11.6,11.49,11.55,11.59,-0.04,-0.35,7083.0,8168.673
600299.SH,20171026,11.52,11.66,11.52,11.59,11.58,0.01,0.09,6164.01,7139.876
600299.SH,20171025,11.36,11.59,11.36,11.58,11.37,0.21,1.85,11566.15,13282.063
600299.SH,20171024,11.4,11.4,11.3,11.37,11.4,-0.03,-0.26,7982.02,9061.991
600299.SH,20171023,11.36,11.41,11.22,11.4,11.34,0.06,0.53,5782.75,6555.097
600299.SH,20171020,11.27,11.34,11.2,11.34,11.25,0.09,0.8,8369.74,9456.013
600299.SH,20171019,11.42,11.42,11.16,11.25,11.41,-0.16,-1.4,11307.03,12727.093
600299.SH,20171018,11.46,11.55,11.35,11.41,11.5,-0.09,-0.78,8142.01,9299.911
600299.SH,20171017,11.51,11.55,11.35,11.5,11.5,0.0,0.0,10804.14,12359.398
600299.SH,20171016,11.69,11.76,11.44,11.5,11.71,-0.21,-1.79,21194.3,24482.533
600299.SH,20171013,11.68,11.76,11.6,11.71,11.72,-0.01,-0.09,7674.36,8964.013
600299.SH,20171012,11.87,11.87,11.67,11.72,11.85,-0.13,-1.1,7472.03,8765.049
600299.SH,20171011,11.92,11.94,11.75,11.85,11.92,-0.07,-0.59,12916.98,15275.597
600299.SH,20171010,11.68,11.92,11.63,11.92,11.67,0.25,2.14,12473.86,14687.281
600299.SH,20171009,11.83,11.87,11.65,11.67,11.65,0.02,0.17,11777.07,13810.046
600299.SH,20170929,11.54,11.72,11.5,11.65,11.5,0.15,1.3,7096.23,8256.7
600299.SH,20170928,11.6,11.63,11.49,11.5,11.56,-0.06,-0.52,7368.34,8483.61
600299.SH,20170927,11.51,11.59,11.47,11.56,11.53,0.03,0.26,10011.35,11532.913
600299.SH,20170926,11.47,11.63,11.45,11.53,11.63,-0.1,-0.86,13084.23,15072.049
600299.SH,20170925,11.78,11.88,11.58,11.63,11.79,-0.16,-1.36,13054.82,15279.438
600299.SH,20170922,11.82,11.84,11.76,11.79,11.84,-0.05,-0.42,12910.0,15220.565
600299.SH,20170921,12.0,12.05,11.81,11.84,12.04,-0.2,-1.66,22859.23,27178.845
600299.SH,20170920,11.97,12.11,11.89,12.04,12.06,-0.02,-0.17,20150.81,24151.65
600299.SH,20170919,12.24,12.26,11.91,12.06,12.16,-0.1,-0.82,15155.63,18292.496
600299.SH,20170918,12.09,12.22,12.09,12.16,12.18,-0.02,-0.16,13289.49,16169.168
600299.SH,20170915,12.26,12.34,12.08,12.18,12.34,-0.16,-1.3,20824.26,25348.409
600299.SH,20170914,11.95,12.36,11.9,12.34,11.95,0.39,3.26,48156.87,58910.82
600299.SH,20170913,12.07,12.08,11.86,11.95,12.02,-0.07,-0.58,21272.21,25389.906
600299.SH,20170912,12.2,12.26,12.01,12.02,12.18,-0.16,-1.31,20945.03,25272.064
600299.SH,20170911,12.17,12.28,12.11,12.18,12.17,0.01,0.08,13776.43,16795.368
600299.SH,20170908,12.18,12.3,12.12,12.17,12.17,0.0,0.0,13473.49,16417.383
600299.SH,20170907,12.19,12.39,12.09,12.17,12.19,-0.02,-0.16,19910.01,24400.96
600299.SH,20170906,12.12,12.25,12.08,12.19,12.17,0.02,0.16,23990.53,29129.336
600299.SH,20170905,12.3,12.41,12.15,12.17,12.29,-0.12,-0.98,25327.57,31033.097
600299.SH,20170904,12.37,12.42,12.25,12.29,12.38,-0.09,-0.73,28738.07,35401.657
600299.SH,20170901,12.28,12.5,12.2,12.38,12.22,0.16,1.31,60691.71,75126.254
600299.SH,20170831,12.23,12.25,12.07,12.22,12.16,0.06,0.49,19539.68,23750.264
600299.SH,20170830,12.25,12.25,12.03,12.16,12.31,-0.15,-1.22,29819.74,36215.088
600299.SH,20170829,12.03,12.63,12.03,12.31,12.26,0.05,0.41,42731.42,52747.485
600299.SH,20170828,12.35,12.66,12.23,12.26,11.85,0.41,3.46,76560.47,94922.512
600299.SH,20170825,11.49,12.02,11.44,11.85,11.49,0.36,3.13,29288.03,34537.413
600299.SH,20170824,11.7,11.8,11.48,11.49,11.77,-0.28,-2.38,23972.0,27793.809
600299.SH,20170823,11.69,11.89,11.69,11.77,11.79,-0.02,-0.17,24316.11,28698.071
600299.SH,20170822,11.82,12.16,11.75,11.79,11.63,0.16,1.38,51131.06,61111.552
600299.SH,20170821,11.44,11.7,11.42,11.63,11.45,0.18,1.57,18421.14,21361.339
600299.SH,20170818,11.56,11.6,11.43,11.45,11.56,-0.11,-0.95,15424.0,17776.522
600299.SH,20170817,11.44,11.58,11.31,11.56,11.4,0.16,1.4,25297.79,28979.726
600299.SH,20170816,11.28,11.45,11.27,11.4,11.25,0.15,1.33,19863.34,22578.994
600299.SH,20170815,11.18,11.33,11.1,11.25,11.15,0.1,0.9,12589.28,14113.213
600299.SH,20170814,11.0,11.16,10.9,11.15,11.01,0.14,1.27,9970.93,11072.219
600299.SH,20170811,11.2,11.26,10.99,11.01,11.24,-0.23,-2.05,16448.58,18265.646
600299.SH,20170810,11.32,11.35,11.16,11.24,11.32,-0.08,-0.71,14912.77,16774.601
600299.SH,20170809,11.33,11.39,11.29,11.32,11.35,-0.03,-0.26,9623.72,10902.85
600299.SH,20170808,11.37,11.43,11.26,11.35,11.35,0.0,0.0,14383.36,16280.418
600299.SH,20170807,11.3,11.36,11.29,11.35,11.31,0.04,0.35,9162.9,10374.288
600299.SH,20170804,11.42,11.47,11.3,11.31,11.42,-0.11,-0.96,13236.47,15045.681
600299.SH,20170803,11.43,11.61,11.28,11.42,11.38,0.04,0.35,17737.2,20236.84
600299.SH,20170802,11.54,11.64,11.37,11.38,11.61,-0.23,-1.98,19813.0,22751.728
600299.SH,20170801,11.4,11.65,11.38,11.61,11.4,0.21,1.84,32369.92,37472.014
600299.SH,20170731,11.34,11.45,11.29,11.4,11.37,0.03,0.26,20911.4,23802.286
600299.SH,20170728,11.31,11.52,11.31,11.37,11.26,0.11,0.98,17985.53,20555.765
600299.SH,20170727,11.2,11.3,11.08,11.26,11.29,-0.03,-0.27,19806.83,22158.112
600299.SH,20170726,11.35,11.4,11.25,11.29,11.34,-0.05,-0.44,10326.14,11672.73
600299.SH,20170725,11.38,11.48,11.3,11.34,11.4,-0.06,-0.53,8486.0,9651.491
600299.SH,20170724,11.27,11.52,11.27,11.4,11.27,0.13,1.15,15005.92,17124.519
600299.SH,20170721,11.29,11.37,11.25,11.27,11.37,-0.1,-0.88,10427.58,11781.586
600299.SH,20170720,11.28,11.51,11.2,11.37,11.28,0.09,0.8,16924.64,19283.593
600299.SH,20170719,11.05,11.33,10.99,11.28,11.04,0.24,2.17,17163.8,19078.34
600299.SH,20170718,11.0,11.1,10.84,11.04,10.94,0.1,0.91,10533.01,11611.55
600299.SH,20170717,11.94,12.06,10.76,10.94,11.94,-1.0,-8.38,39580.27,44365.174
600299.SH,20170714,12.09,12.1,11.89,11.94,12.1,-0.16,-1.32,20167.2,24138.753
600299.SH,20170713,12.07,12.12,11.99,12.1,12.09,0.01,0.08,20365.14,24517.927
600299.SH,20170712,12.24,12.29,12.0,12.09,12.24,-0.15,-1.23,22464.7,27205.71
600299.SH,20170711,12.35,12.55,12.18,12.24,12.4,-0.16,-1.29,29087.51,35902.618
600299.SH,20170710,12.08,12.62,12.01,12.4,12.16,0.24,1.97,50831.26,62894.407
600299.SH,20170707,12.2,12.2,12.11,12.16,12.21,-0.05,-0.41,9300.52,11287.437
600299.SH,20170706,12.23,12.27,12.15,12.21,12.23,-0.02,-0.16,13410.45,16352.206
600299.SH,20170705,12.12,12.24,12.12,12.23,12.16,0.07,0.58,15130.91,18463.565
600299.SH,20170704,12.22,12.23,12.13,12.16,12.2,-0.04,-0.33,12543.4,15246.45
600299.SH,20170703,12.16,12.25,12.14,12.2,12.17,0.03,0.25,12272.68,14952.19
600299.SH,20170630,12.15,12.28,12.13,12.17,12.2,-0.03,-0.25,10859.52,13236.773
600299.SH,20170629,12.21,12.29,12.12,12.2,12.22,-0.02,-0.16,14749.23,17972.697
600299.SH,20170628,12.33,12.34,12.2,12.22,12.42,-0.2,-1.61,25786.7,31566.712
600299.SH,20170627,11.95,12.66,11.94,12.42,11.91,0.51,4.28,57240.5,70515.231
600299.SH,20170626,11.94,11.99,11.88,11.91,11.94,-0.03,-0.25,21296.74,25399.457
600299.SH,20170623,12.05,12.07,11.86,11.94,12.07,-0.13,-1.08,16191.48,19336.631
600299.SH,20170622,12.08,12.16,12.01,12.07,12.05,0.02,0.17,23169.92,28019.745
600299.SH,20170621,12.09,12.1,12.0,12.05,12.04,0.01,0.08,7847.02,9439.728
600299.SH,20170620,12.07,12.08,12.03,12.04,12.06,-0.02,-0.17,9485.0,11429.391
600299.SH,20170619,12.03,12.1,12.0,12.06,12.03,0.03,0.25,11223.77,13508.43
600299.SH,20170616,12.04,12.11,11.96,12.03,12.04,-0.01,-0.08,7750.77,9333.282
600299.SH,20170615,11.93,12.07,11.9,12.04,11.93,0.11,0.92,10928.62,13090.308
600299.SH,20170614,12.0,12.0,11.9,11.93,11.94,-0.01,-0.08,9443.55,11267.959
600299.SH,20170613,12.08,12.21,12.08,12.17,12.06,0.11,0.91,15211.48,18478.075
600299.SH,20170612,12.13,12.13,12.0,12.06,12.18,-0.12,-0.99,16116.59,19435.484
600299.SH,20170609,12.1,12.25,12.07,12.18,12.08,0.1,0.83,21212.89,25755.765
600299.SH,20170608,12.16,12.18,12.0,12.08,12.17,-0.09,-0.74,13525.81,16347.432
600299.SH,20170607,12.04,12.17,11.99,12.17,12.03,0.14,1.16,22502.66,27206.276
600299.SH,20170606,12.1,12.11,11.99,12.03,12.05,-0.02,-0.17,12343.43,14869.575
600299.SH,20170605,12.04,12.1,11.97,12.05,12.03,0.02,0.17,5123.0,6167.161
600299.SH,20170602,11.92,12.07,11.9,12.03,11.99,0.04,0.33,8477.66,10152.257
600299.SH,20170601,12.13,12.15,11.98,11.99,12.19,-0.2,-1.64,11719.44,14121.02
600299.SH,20170531,12.24,12.24,11.98,12.19,12.11,0.08,0.66,20635.28,24933.611
600299.SH,20170526,12.12,12.13,11.98,12.11,12.12,-0.01,-0.08,9185.86,11065.011
600299.SH,20170525,12.12,12.12,11.89,12.12,12.12,0.0,0.0,20698.72,24875.712
600299.SH,20170524,12.43,12.48,11.92,12.12,12.48,-0.36,-2.88,28960.85,35186.885
600299.SH,20170523,12.95,13.06,12.43,12.48,13.01,-0.53,-4.07,19169.62,24456.682
600299.SH,20170522,13.02,13.1,12.96,13.01,13.07,-0.06,-0.46,10504.73,13684.021
600299.SH,20170519,13.04,13.14,13.02,13.07,13.12,-0.05,-0.38,9820.08,12848.201
600299.SH,20170518,13.09,13.16,12.98,13.12,13.17,-0.05,-0.38,12900.05,16859.978
600299.SH,20170517,13.18,13.19,13.02,13.17,13.18,-0.01,-0.08,18279.82,23893.82
600299.SH,20170516,13.38,13.38,12.89,13.18,13.3,-0.12,-0.9,23782.29,30942.265
600299.SH,20170515,13.44,13.44,13.26,13.3,13.39,-0.09,-0.67,8732.44,11622.503
600299.SH,20170512,13.35,13.53,13.25,13.39,13.35,0.04,0.3,16589.89,22261.334
600299.SH,20170511,13.27,13.37,13.13,13.35,13.33,0.02,0.15,24408.95,32297.371
600299.SH,20170510,13.38,13.41,13.32,13.33,13.4,-0.07,-0.52,15158.5,20262.085
600299.SH,20170509,13.44,13.45,13.31,13.4,13.35,0.05,0.37,8930.02,11935.159
600299.SH,20170508,13.32,13.4,13.28,13.35,13.32,0.03,0.23,11355.77,15137.909
600299.SH,20170505,13.39,13.4,13.31,13.32,13.43,-0.11,-0.82,14401.88,19223.075
600299.SH,20170504,13.32,13.47,13.29,13.43,13.35,0.08,0.6,13813.53,18471.366
600299.SH,20170503,13.44,13.44,13.1,13.35,13.44,-0.09,-0.67,11182.6,14901.591
600299.SH,20170502,13.04,13.44,13.03,13.44,13.48,-0.04,-0.3,25153.21,33412.153
600299.SH,20170428,13.35,13.5,13.32,13.48,13.38,0.1,0.75,11605.19,15559.39
600299.SH,20170427,13.45,13.45,13.17,13.38,13.47,-0.09,-0.67,18998.82,25294.617
600299.SH,20170426,13.47,13.54,13.43,13.47,13.44,0.03,0.22,10504.64,14149.039
600299.SH,20170425,13.3,13.49,13.22,13.44,13.34,0.1,0.75,14363.59,19250.906
600299.SH,20170424,13.77,13.9,13.0,13.34,13.86,-0.52,-3.75,35877.81,47962.548
600299.SH,20170421,13.89,13.98,13.82,13.86,13.91,-0.05,-0.36,9795.95,13584.904
600299.SH,20170420,13.78,13.93,13.78,13.91,13.79,0.12,0.87,16080.6,22291.482
600299.SH,20170419,14.0,14.05,13.7,13.79,14.01,-0.22,-1.57,24729.51,34158.964
600299.SH,20170418,13.98,14.12,13.92,14.01,13.97,0.04,0.29,23143.85,32430.994
600299.SH,20170417,14.01,14.02,13.81,13.97,14.01,-0.04,-0.29,34461.08,48104.869
600299.SH,20170414,13.98,14.02,13.89,14.01,13.99,0.02,0.14,18718.42,26137.837
600299.SH,20170413,13.92,14.03,13.86,13.99,13.89,0.1,0.72,31082.3,43396.417
600299.SH,20170412,13.95,13.95,13.77,13.89,13.96,-0.07,-0.5,89672.63,124011.21
600299.SH,20170411,13.79,13.97,13.72,13.96,13.88,0.08,0.58,39837.03,55168.291
600299.SH,20170410,14.13,14.14,13.84,13.88,14.12,-0.24,-1.7,57924.27,80904.704
600299.SH,20170407,14.14,14.18,14.04,14.12,14.12,0.0,0.0,28179.37,39692.358
600299.SH,20170406,14.29,14.32,14.0,14.12,14.24,-0.12,-0.84,25376.05,35876.427
600299.SH,20170405,14.22,14.31,14.07,14.24,14.12,0.12,0.85,22196.77,31591.633
600299.SH,20170331,14.02,14.15,14.0,14.12,14.02,0.1,0.71,18063.17,25381.01
600299.SH,20170330,14.29,14.29,13.99,14.02,14.28,-0.26,-1.82,37698.19,53060.017
600299.SH,20170329,14.4,14.44,14.21,14.28,14.45,-0.17,-1.18,24868.26,35555.255
600299.SH,20170328,14.21,14.47,14.19,14.45,14.27,0.18,1.26,26144.2,37413.396
600299.SH,20170327,14.35,14.44,14.19,14.27,14.36,-0.09,-0.63,35542.24,50874.87
600299.SH,20170324,14.5,14.5,14.28,14.36,14.5,-0.14,-0.97,43842.64,62936.252
600299.SH,20170323,14.51,14.78,14.42,14.5,14.37,0.13,0.9,76246.62,111088.401
600299.SH,20170322,14.26,14.4,14.15,14.37,14.25,0.12,0.84,33199.11,47424.467
600299.SH,20170321,14.25,14.3,14.12,14.25,14.19,0.06,0.42,23120.33,32893.559
600299.SH,20170320,14.05,14.26,14.05,14.19,14.12,0.07,0.5,26700.69,37860.724
600299.SH,20170317,14.3,14.34,14.09,14.12,14.29,-0.17,-1.19,31404.76,44520.585
600299.SH,20170316,14.24,14.36,14.19,14.29,14.27,0.02,0.14,27946.09,39874.627
600299.SH,20170315,14.03,14.33,13.99,14.27,14.01,0.26,1.86,39587.35,55897.851
600299.SH,20170314,14.23,14.25,13.99,14.01,14.21,-0.2,-1.41,40567.63,57065.635
600299.SH,20170313,14.1,14.27,14.02,14.21,14.18,0.03,0.21,21750.51,30787.176
600299.SH,20170310,14.15,14.25,14.12,14.18,14.16,0.02,0.14,23119.11,32799.293
600299.SH,20170309,14.43,14.44,14.08,14.16,14.42,-0.26,-1.8,41021.49,58304.889
600299.SH,20170308,14.5,14.6,14.38,14.42,14.54,-0.12,-0.83,19817.63,28691.392
600299.SH,20170307,14.45,14.55,14.41,14.54,14.45,0.09,0.62,17629.68,25582.952
600299.SH,20170306,14.38,14.49,14.37,14.45,14.38,0.07,0.49,19322.22,27907.212
600299.SH,20170303,14.5,14.54,14.33,14.38,14.54,-0.16,-1.1,32735.1,47199.766
600299.SH,20170302,14.68,14.75,14.48,14.54,14.67,-0.13,-0.89,31071.23,45419.039
600299.SH,20170301,14.51,14.68,14.41,14.67,14.51,0.16,1.1,29869.85,43541.325
600299.SH,20170228,14.62,14.67,14.45,14.51,14.64,-0.13,-0.89,40226.39,58551.918
600299.SH,20170227,14.83,14.93,14.61,14.64,14.82,-0.18,-1.21,37589.5,55620.753
600299.SH,20170224,14.73,14.83,14.65,14.82,14.74,0.08,0.54,31462.51,46440.135
600299.SH,20170223,14.76,14.87,14.54,14.74,14.81,-0.07,-0.47,35666.96,52469.992
600299.SH,20170222,14.71,14.82,14.59,14.81,14.72,0.09,0.61,36166.16,53216.991
600299.SH,20170221,14.71,14.78,14.66,14.72,14.69,0.03,0.2,25949.31,38180.784
600299.SH,20170220,14.51,14.7,14.5,14.69,14.59,0.1,0.69,30951.94,45216.702
600299.SH,20170217,14.81,14.87,14.56,14.59,14.87,-0.28,-1.88,45930.81,67446.35
600299.SH,20170216,14.8,14.88,14.67,14.87,14.78,0.09,0.61,31764.16,46894.189
600299.SH,20170215,14.99,15.0,14.75,14.78,15.04,-0.26,-1.73,58437.89,86792.443
600299.SH,20170214,15.13,15.25,15.03,15.04,15.09,-0.05,-0.33,53800.83,81422.575
600299.SH,20170213,14.95,15.13,14.83,15.09,14.95,0.14,0.94,64298.65,96453.733
600299.SH,20170210,15.03,15.05,14.86,14.95,15.03,-0.08,-0.53,53414.79,79804.552
600299.SH,20170209,14.69,15.05,14.69,15.03,14.75,0.28,1.9,67546.67,100568.932
600299.SH,20170208,14.65,14.76,14.59,14.75,14.73,0.02,0.14,25360.89,37228.688
600299.SH,20170207,14.79,14.9,14.63,14.73,14.8,-0.07,-0.47,29597.28,43619.454
600299.SH,20170206,14.75,14.83,14.6,14.8,14.8,0.0,0.0,40678.69,59739.658
600299.SH,20170203,14.94,15.09,14.75,14.8,14.93,-0.13,-0.87,36579.64,54619.836
600299.SH,20170126,14.7,14.95,14.7,14.93,14.72,0.21,1.43,31812.62,47279.354
600299.SH,20170125,14.61,14.86,14.6,14.72,14.68,0.04,0.27,29146.24,42921.064
600299.SH,20170124,14.89,15.07,14.6,14.68,14.97,-0.29,-1.94,47814.45,70972.825
600299.SH,20170123,14.6,14.99,14.45,14.97,14.61,0.36,2.46,78337.37,115865.937
600299.SH,20170120,14.54,14.79,14.51,14.61,14.54,0.07,0.48,43616.71,63973.838
600299.SH,20170119,14.7,14.7,14.48,14.54,14.79,-0.25,-1.69,27561.04,40174.125
600299.SH,20170118,14.55,14.88,14.37,14.79,14.67,0.12,0.82,65454.99,95692.91
600299.SH,20170117,14.66,14.9,14.51,14.67,14.65,0.02,0.14,38608.12,56721.24
600299.SH,20170116,14.33,14.74,14.03,14.65,14.44,0.21,1.45,143094.32,208117.322
600299.SH,20170113,14.15,14.55,13.86,14.44,14.01,0.43,3.07,43989.81,62719.292
600299.SH,20170112,14.08,14.13,14.0,14.01,14.06,-0.05,-0.36,13049.13,18335.107
600299.SH,20170111,14.25,14.26,14.03,14.06,14.17,-0.11,-0.78,14861.88,20992.357
600299.SH,20170110,14.38,14.38,14.16,14.17,14.39,-0.22,-1.53,18145.95,25814.71
600299.SH,20170109,14.31,14.56,14.12,14.39,14.35,0.04,0.28,25283.75,36131.89
600299.SH,20170106,14.45,14.62,14.35,14.35,14.47,-0.12,-0.83,21415.6,31037.921
600299.SH,20170105,14.52,14.53,14.44,14.47,14.51,-0.04,-0.28,16117.8,23325.993
600299.SH,20170104,14.45,14.52,14.34,14.51,14.47,0.04,0.28,30902.31,44528.495
600299.SH,20170103,14.31,14.53,14.31,14.47,14.39,0.08,0.56,24871.18,35868.319
600299.SH,20161230,14.37,14.42,14.26,14.39,14.37,0.02,0.14,10303.72,14791.311
600299.SH,20161229,14.52,14.52,14.3,14.37,14.5,-0.13,-0.9,13713.13,19762.905
600299.SH,20161228,14.54,14.54,14.41,14.5,14.5,0.0,0.0,14343.82,20751.06
600299.SH,20161227,14.39,14.55,14.37,14.5,14.39,0.11,0.76,20606.5,29816.105
600299.SH,20161226,14.29,14.39,14.2,14.39,14.26,0.13,0.91,15168.67,21671.681
600299.SH,20161223,14.33,14.37,14.22,14.26,14.34,-0.08,-0.56,21640.43,30858.935
600299.SH,20161222,14.22,14.38,14.04,14.34,14.2,0.14,0.99,18767.79,26792.3
600299.SH,20161221,14.0,14.22,14.0,14.2,14.09,0.11,0.78,20627.11,29244.599
600299.SH,20161220,14.2,14.2,13.98,14.09,14.2,-0.11,-0.77,19038.95,26807.712
600299.SH,20161219,14.18,14.23,14.11,14.2,14.12,0.08,0.57,21238.23,30133.2
600299.SH,20161216,14.15,14.22,14.09,14.12,14.14,-0.02,-0.14,39585.66,55863.05
600299.SH,20161215,14.0,14.26,14.0,14.14,14.09,0.05,0.35,15090.25,21367.468
600299.SH,20161214,14.17,14.17,13.98,14.09,14.13,-0.04,-0.28,27865.03,39160.861
600299.SH,20161213,14.0,14.2,13.89,14.13,14.0,0.13,0.93,22873.52,32234.616
600299.SH,20161212,14.55,14.61,13.96,14.0,14.54,-0.54,-3.71,80385.8,113668.055
600299.SH,20161209,14.58,14.65,14.48,14.54,14.63,-0.09,-0.62,25317.26,36831.959
600299.SH,20161208,14.85,14.85,14.55,14.63,14.86,-0.23,-1.55,42662.28,62536.8
600299.SH,20161207,14.79,14.94,14.71,14.86,14.74,0.12,0.81,41313.76,61307.653
600299.SH,20161206,14.8,14.96,14.65,14.74,14.83,-0.09,-0.61,67200.97,99598.356
600299.SH,20161205,14.46,14.85,14.36,14.83,14.51,0.32,2.21,81791.89,120452.002
600299.SH,20161202,14.58,14.6,14.4,14.51,14.57,-0.06,-0.41,44800.05,64840.062
600299.SH,20161201,14.52,14.64,14.45,14.57,14.52,0.05,0.34,51879.65,75437.82
600299.SH,20161130,14.28,14.64,14.23,14.52,14.35,0.17,1.18,71041.69,103071.854
600299.SH,20161129,14.53,14.72,14.32,14.35,14.47,-0.12,-0.83,80975.26,117208.633
600299.SH,20161128,14.29,14.54,14.27,14.47,14.26,0.21,1.47,69318.88,100082.808
600299.SH,20161125,14.35,14.42,14.1,14.26,14.32,-0.06,-0.42,28880.99,41081.899
600299.SH,20161124,14.33,14.45,14.23,14.32,14.3,0.02,0.14,42317.89,60637.411
600299.SH,20161123,14.34,14.35,14.22,14.3,14.3,0.0,0.0,31446.02,44865.159
600299.SH,20161122,14.27,14.35,14.22,14.3,14.28,0.02,0.14,35752.59,51095.459
600299.SH,20161121,14.45,14.45,14.2,14.28,14.4,-0.12,-0.83,43672.41,62370.711
600299.SH,20161118,14.44,14.67,14.37,14.4,14.45,-0.05,-0.35,45219.41,65640.326
600299.SH,20161117,14.66,14.67,14.41,14.45,14.7,-0.25,-1.7,67726.02,98063.718
600299.SH,20161116,14.16,14.77,14.13,14.7,14.14,0.56,3.96,115117.81,167816.181
600299.SH,20161115,14.14,14.18,14.11,14.14,14.14,0.0,0.0,23128.11,32699.831
600299.SH,20161114,14.17,14.22,14.1,14.14,14.17,-0.03,-0.21,26520.78,37544.604
600299.SH,20161111,14.13,14.27,14.13,14.17,14.1,0.07,0.5,33193.85,47149.757
600299.SH,20161110,14.17,14.24,14.08,14.1,14.09,0.01,0.07,26277.25,37163.981
600299.SH,20161109,14.22,14.22,14.06,14.09,14.22,-0.13,-0.91,27712.66,39095.013
600299.SH,20161108,14.21,14.34,14.16,14.22,14.23,-0.01,-0.07,22450.88,31965.352
600299.SH,20161107,14.16,14.36,14.12,14.23,14.14,0.09,0.64,37301.5,53117.262
600299.SH,20161104,14.13,14.16,14.01,14.14,14.12,0.02,0.14,32995.89,46542.31
600299.SH,20161103,14.01,14.15,14.0,14.12,14.11,0.01,0.07,37494.94,52880.717
600299.SH,20161102,14.12,14.18,14.01,14.11,14.12,-0.01,-0.07,20276.88,28625.492
600299.SH,20161101,13.99,14.14,13.9,14.12,14.04,0.08,0.57,30166.94,42465.296
600299.SH,20161031,13.96,14.07,13.5,14.04,13.93,0.11,0.79,50955.63,70071.006
600299.SH,20161028,14.15,14.2,13.91,13.93,14.15,-0.22,-1.55,22341.5,31336.097
600299.SH,20161027,14.16,14.22,14.11,14.15,14.16,-0.01,-0.07,12835.18,18166.518
600299.SH,20161026,14.34,14.34,14.08,14.16,14.29,-0.13,-0.91,25190.17,35684.174
600299.SH,20161025,14.27,14.38,14.2,14.29,14.26,0.03,0.21,16762.3,23931.467
600299.SH,20161024,14.14,14.3,14.06,14.26,14.16,0.1,0.71,24589.37,34882.731
600299.SH,20161021,14.27,14.28,14.05,14.16,14.18,-0.02,-0.14,20247.14,28651.433
600299.SH,20161020,14.28,14.31,14.1,14.18,14.22,-0.04,-0.28,15779.59,22424.621
600299.SH,20161019,14.33,14.35,14.14,14.22,14.34,-0.12,-0.84,20241.01,28874.516
600299.SH,20161018,14.27,14.35,14.19,14.34,14.13,0.21,1.49,23655.29,33807.093
600299.SH,20161017,14.28,14.5,14.07,14.13,14.34,-0.21,-1.46,21854.15,31212.654
600299.SH,20161014,14.15,14.5,14.12,14.34,14.19,0.15,1.06,27249.63,39020.691
600299.SH,20161013,14.32,14.32,14.11,14.19,14.25,-0.06,-0.42,21138.46,29929.162
600299.SH,20161012,14.28,14.34,14.15,14.25,14.22,0.03,0.21,19778.83,28193.968
600299.SH,20161011,14.21,14.34,14.17,14.22,14.21,0.01,0.07,15717.91,22375.337
600299.SH,20161010,14.08,14.24,14.05,14.21,14.0,0.21,1.5,18092.56,25613.416
600299.SH,20160930,13.95,14.01,13.89,14.0,13.94,0.06,0.43,11138.89,15536.4
600299.SH,20160929,13.86,14.01,13.83,13.94,13.86,0.08,0.58,13200.65,18370.993
600299.SH,20160928,13.99,14.03,13.81,13.86,13.94,-0.08,-0.57,13224.53,18342.103
600299.SH,20160927,13.7,13.98,13.7,13.94,13.9,0.04,0.29,15246.33,21197.913
600299.SH,20160926,13.89,14.08,13.66,13.9,13.94,-0.04,-0.29,28565.35,39505.437
600299.SH,20160923,13.91,13.98,13.86,13.94,13.93,0.01,0.07,14017.05,19528.729
600299.SH,20160922,13.96,14.14,13.85,13.93,13.91,0.02,0.14,32847.98,45879.685
600299.SH,20160921,13.98,14.07,13.84,13.91,13.92,-0.01,-0.07,17223.95,24024.382
600299.SH,20160920,14.15,14.3,13.78,13.92,14.21,-0.29,-2.04,29996.49,42030.178
600299.SH,20160919,14.18,14.27,14.12,14.21,14.22,-0.01,-0.07,18132.14,25718.0
600299.SH,20160914,14.06,14.34,13.97,14.22,14.12,0.1,0.71,37160.51,52473.309
600299.SH,20160913,14.34,14.55,14.0,14.12,14.3,-0.18,-1.26,43635.42,61950.049
600299.SH,20160912,14.68,14.75,14.28,14.3,14.89,-0.59,-3.96,33194.12,48134.646
600299.SH,20160909,14.94,15.08,14.84,14.89,14.99,-0.1,-0.67,15392.68,23013.335
600299.SH,20160908,15.03,15.16,14.95,14.99,15.03,-0.04,-0.27,19567.26,29446.008
600299.SH,20160907,14.95,15.14,14.93,15.03,14.96,0.07,0.47,36313.97,54597.589
600299.SH,20160906,14.85,15.02,14.72,14.96,14.76,0.2,1.36,23496.36,34930.751
600299.SH,20160905,14.73,14.88,14.72,14.76,14.73,0.03,0.2,14304.04,21173.874
600299.SH,20160902,14.7,14.86,14.67,14.73,14.7,0.03,0.2,18926.09,27944.121
600299.SH,20160901,14.83,14.92,14.7,14.7,14.88,-0.18,-1.21,24817.01,36722.542
600299.SH,20160831,15.16,15.16,14.82,14.88,15.09,-0.21,-1.39,32112.57,47887.182
600299.SH,20160830,15.15,15.22,15.01,15.09,15.1,-0.01,-0.07,29824.38,45089.462
600299.SH,20160829,14.95,15.11,14.86,15.1,14.91,0.19,1.27,27490.99,41341.842
600299.SH,20160826,14.95,15.15,14.8,14.91,14.9,0.01,0.07,31409.93,47030.972
600299.SH,20160825,14.99,15.0,14.73,14.9,15.1,-0.2,-1.32,29858.64,44395.789
600299.SH,20160824,15.14,15.16,15.03,15.1,15.11,-0.01,-0.07,35470.86,53524.14
600299.SH,20160823,14.94,15.13,14.8,15.11,14.86,0.25,1.68,36004.83,53995.766
600299.SH,20160822,14.99,15.07,14.77,14.86,14.97,-0.11,-0.73,23096.39,34413.274
600299.SH,20160819,14.97,15.01,14.83,14.97,14.96,0.01,0.07,26017.23,38781.849
600299.SH,20160818,15.08,15.16,14.93,14.96,15.13,-0.17,-1.12,32082.9,48160.177
600299.SH,20160817,15.24,15.24,15.01,15.13,15.18,-0.05,-0.33,29477.0,44509.101
600299.SH,20160816,15.19,15.25,15.03,15.18,15.13,0.05,0.33,52257.62,79155.296
600299.SH,20160815,14.88,15.15,14.85,15.13,14.83,0.3,2.02,61114.67,91946.558
600299.SH,20160812,14.71,14.87,14.6,14.83,14.7,0.13,0.88,34629.11,50866.938
600299.SH,20160811,14.78,14.97,14.67,14.7,14.75,-0.05,-0.34,36246.36,53676.709
600299.SH,20160810,14.93,14.99,14.7,14.75,14.93,-0.18,-1.21,41931.17,62161.096
600299.SH,20160809,14.71,14.97,14.57,14.93,14.71,0.22,1.5,41000.79,60929.232
600299.SH,20160808,14.63,14.72,14.42,14.71,14.63,0.08,0.55,34821.62,50746.77
600299.SH,20160805,14.71,14.88,14.58,14.63,14.72,-0.09,-0.61,34658.84,50971.411
600299.SH,20160804,14.57,14.76,14.55,14.72,14.54,0.18,1.24,34672.45,50812.097
600299.SH,20160803,14.35,14.65,14.28,14.54,14.29,0.25,1.75,43509.2,63168.001
600299.SH,20160802,14.14,14.36,14.05,14.29,14.22,0.07,0.49,23624.8,33574.876
600299.SH,20160801,14.5,14.58,14.18,14.22,14.5,-0.28,-1.93,34085.94,48777.501
600299.SH,20160729,14.26,14.84,14.23,14.5,14.31,0.19,1.33,56402.38,81975.693
600299.SH,20160728,14.8,14.9,14.02,14.31,14.76,-0.45,-3.05,71284.13,103068.129
600299.SH,20160727,15.28,15.3,14.41,14.76,15.24,-0.48,-3.15,60978.2,90531.597
600299.SH,20160726,14.94,15.28,14.75,15.24,14.79,0.45,3.04,47153.92,71253.29
600299.SH,20160725,14.73,14.9,14.62,14.79,14.68,0.11,0.75,21186.59,31330.256
600299.SH,20160722,14.88,14.9,14.61,14.68,14.91,-0.23,-1.54,37891.02,55899.192
600299.SH,20160721,15.0,15.19,14.89,14.91,15.05,-0.14,-0.93,29027.06,43657.833
600299.SH,20160720,15.14,15.29,14.94,15.05,15.11,-0.06,-0.4,28569.58,43139.486
600299.SH,20160719,15.12,15.19,14.88,15.11,15.12,-0.01,-0.07,30758.73,46154.721
600299.SH,20160718,15.07,15.28,14.95,15.12,15.07,0.05,0.33,36405.35,55139.113
600299.SH,20160715,15.08,15.23,14.98,15.07,15.04,0.03,0.2,30010.46,45201.436
600299.SH,20160714,15.15,15.46,14.96,15.04,15.27,-0.23,-1.51,60256.83,91193.454
600299.SH,20160713,14.8,15.47,14.69,15.27,14.69,0.58,3.95,91372.34,138200.134
600299.SH,20160712,14.33,14.72,14.33,14.69,14.53,0.16,1.1,50882.11,74146.83
600299.SH,20160711,14.6,14.7,14.51,14.53,14.61,-0.08,-0.55,46134.84,67360.445
600299.SH,20160708,14.56,14.74,14.43,14.61,14.5,0.11,0.76,41840.37,61044.617
600299.SH,20160707,14.7,14.7,14.42,14.5,14.7,-0.2,-1.36,38363.12,55845.834
600299.SH,20160706,14.63,14.82,14.41,14.7,14.67,0.03,0.2,52699.83,77126.969
600299.SH,20160705,14.38,14.82,14.15,14.67,14.36,0.31,2.16,98590.82,143019.739
600299.SH,20160704,13.99,14.46,13.91,14.36,14.11,0.25,1.77,57045.21,81449.682
600299.SH,20160701,13.75,14.47,13.74,14.11,13.78,0.33,2.39,89459.77,127115.127
600299.SH,20160630,13.86,13.86,13.66,13.78,13.74,0.04,0.29,35683.09,49048.485
600299.SH,20160629,14.05,14.07,13.71,13.74,13.99,-0.25,-1.79,49790.95,69074.571
600299.SH,20160628,13.59,14.04,13.51,13.99,13.59,0.4,2.94,59260.07,82104.094
600299.SH,20160627,13.34,13.68,13.34,13.59,13.35,0.24,1.8,30327.34,41093.555
600299.SH,20160624,13.79,13.8,13.0,13.35,13.76,-0.41,-2.98,45920.98,61652.016
600299.SH,20160623,13.86,13.87,13.58,13.76,13.87,-0.11,-0.79,31372.7,42991.462
600299.SH,20160622,13.9,13.9,13.64,13.87,13.8,0.07,0.51,35741.48,49239.392
600299.SH,20160621,14.01,14.18,13.73,13.8,14.04,-0.24,-1.71,60444.34,84328.57
600299.SH,20160620,13.88,14.17,13.51,14.04,13.86,0.18,1.3,77255.97,106993.146
600299.SH,20160617,13.5,13.94,13.31,13.86,13.37,0.49,3.66,84040.88,114543.709
600299.SH,20160616,13.49,13.54,13.24,13.37,13.42,-0.05,-0.37,45587.39,60961.835
600299.SH,20160615,12.83,13.45,12.71,13.42,12.99,0.43,3.31,50921.68,67610.894
600299.SH,20160614,13.12,13.12,12.91,12.99,13.01,-0.02,-0.15,33884.41,44010.438
600299.SH,20160613,13.18,13.57,13.0,13.01,13.24,-0.23,-1.74,57975.72,77388.481
600299.SH,20160608,13.3,13.36,13.11,13.24,13.21,0.03,0.23,27357.47,36172.636
600299.SH,20160607,13.45,13.53,13.27,13.37,13.47,-0.1,-0.74,30523.44,40799.832
600299.SH,20160606,13.61,13.65,13.42,13.47,13.55,-0.08,-0.59,29164.29,39383.736
600299.SH,20160603,13.33,13.56,13.22,13.55,13.29,0.26,1.96,49586.62,66650.7
600299.SH,20160602,13.25,13.41,13.1,13.29,13.2,0.09,0.68,36020.29,47631.505
600299.SH,20160601,13.2,13.46,13.15,13.2,13.15,0.05,0.38,47789.89,63682.377
600299.SH,20160531,12.66,13.16,12.66,13.15,12.65,0.5,3.95,43533.63,56682.947
600299.SH,20160530,12.7,12.86,12.53,12.65,12.79,-0.14,-1.09,19494.28,24740.212
600299.SH,20160527,12.8,12.92,12.74,12.79,12.89,-0.1,-0.78,24110.66,30895.451
600299.SH,20160526,12.92,13.07,12.59,12.89,12.99,-0.1,-0.77,33518.14,42813.049
600299.SH,20160525,13.29,13.29,12.95,12.99,13.08,-0.09,-0.69,22866.43,29972.652
600299.SH,20160524,13.29,13.29,13.03,13.08,13.32,-0.24,-1.8,24145.33,31668.999
600299.SH,20160523,12.99,13.35,12.96,13.32,12.96,0.36,2.78,30576.81,40267.357
600299.SH,20160520,12.92,13.06,12.7,12.96,13.08,-0.12,-0.92,40948.38,52710.629
600299.SH,20160519,13.23,13.39,13.05,13.08,13.32,-0.24,-1.8,41296.86,54584.691
600299.SH,20160518,13.11,13.78,12.92,13.32,13.37,-0.05,-0.37,71952.95,96602.956
600299.SH,20160517,13.11,13.43,13.07,13.37,13.05,0.32,2.45,40206.2,53373.252
600299.SH,20160516,12.91,13.09,12.83,13.05,12.91,0.14,1.08,19711.49,25599.027
600299.SH,20160513,13.09,13.18,12.89,12.91,13.07,-0.16,-1.22,22608.74,29511.793
600299.SH,20160512,12.78,13.08,12.3,13.07,12.88,0.19,1.48,35070.85,44615.882
600299.SH,20160511,13.05,13.12,12.81,12.88,12.87,0.01,0.08,29737.13,38542.379
600299.SH,20160510,12.77,13.09,12.7,12.87,12.77,0.1,0.78,30541.33,39267.157
600299.SH,20160509,13.42,13.42,12.68,12.77,13.49,-0.72,-5.34,42765.61,55503.054
600299.SH,20160506,14.05,14.17,13.48,13.49,14.04,-0.55,-3.92,52279.89,72184.693
600299.SH,20160505,14.04,14.06,13.88,14.04,14.03,0.01,0.07,28992.4,40557.616
600299.SH,20160504,13.97,14.16,13.92,14.03,14.11,-0.08,-0.57,35925.01,50433.533
600299.SH,20160503,13.78,14.14,13.61,14.11,13.68,0.43,3.14,49254.26,68533.47
600299.SH,20160429,13.82,13.98,13.58,13.68,13.84,-0.16,-1.16,33693.22,46218.285
600299.SH,20160428,13.99,14.2,13.57,13.84,14.02,-0.18,-1.28,37692.12,52362.317
600299.SH,20160427,14.28,14.28,14.01,14.02,14.28,-0.26,-1.82,40369.9,56966.006
600299.SH,20160426,14.4,14.45,14.07,14.28,14.31,-0.03,-0.21,61086.65,87092.453
600299.SH,20160425,13.59,14.5,13.51,14.31,13.61,0.7,5.14,71388.63,100111.256
600299.SH,20160422,13.56,13.77,13.41,13.61,13.65,-0.04,-0.29,45088.91,61168.765
600299.SH,20160421,14.0,14.08,13.63,13.65,14.0,-0.35,-2.5,56475.65,78468.554
600299.SH,20160420,15.26,15.32,13.82,14.0,15.21,-1.21,-7.96,93099.34,133298.57
600299.SH,20160419,15.24,15.36,15.08,15.21,15.2,0.01,0.07,33760.09,51196.997
600299.SH,20160418,15.4,15.48,15.08,15.2,15.31,-0.11,-0.72,48336.78,73670.211
600299.SH,20160415,15.59,15.59,15.2,15.31,15.59,-0.28,-1.8,67789.98,103966.352
600299.SH,20160414,15.75,15.8,15.41,15.59,16.07,-0.48,-2.99,130687.57,203282.196
600299.SH,20160413,15.71,16.55,15.57,16.07,15.53,0.54,3.48,129739.42,206911.239
600299.SH,20160412,15.33,15.55,15.23,15.53,15.24,0.29,1.9,64495.65,99443.507
600299.SH,20160411,14.98,15.35,14.98,15.24,14.98,0.26,1.74,40205.29,61337.295
600299.SH,20160408,15.01,15.26,14.74,14.98,15.26,-0.28,-1.83,48002.27,71996.726
600299.SH,20160407,15.39,15.6,15.24,15.26,15.38,-0.12,-0.78,69488.58,106853.396
600299.SH,20160406,15.32,15.49,15.22,15.38,15.49,-0.11,-0.71,50532.21,77648.602
600299.SH,20160405,15.27,15.53,15.13,15.49,15.33,0.16,1.04,71622.24,110376.52
600299.SH,20160401,15.35,15.47,14.8,15.33,15.29,0.04,0.26,58762.75,88831.262
600299.SH,20160331,15.04,15.31,15.0,15.29,14.95,0.34,2.27,51966.21,78944.957
600299.SH,20160330,14.68,14.96,14.66,14.95,14.54,0.41,2.82,36704.0,54516.642
600299.SH,20160329,14.82,14.92,14.45,14.54,14.81,-0.27,-1.82,35672.47,52287.159
600299.SH,20160328,15.43,15.64,14.8,14.81,15.33,-0.52,-3.39,66065.84,100594.826
600299.SH,20160325,15.25,15.47,15.06,15.33,15.2,0.13,0.86,39617.02,60331.154
600299.SH,20160324,15.51,15.65,15.12,15.2,15.8,-0.6,-3.8,73842.45,113789.4
600299.SH,20160323,15.6,15.83,15.42,15.8,15.45,0.35,2.27,60422.82,94294.425
600299.SH,20160322,15.56,15.66,15.27,15.45,15.66,-0.21,-1.34,53273.4,82589.54
600299.SH,20160321,15.58,15.8,15.37,15.66,15.49,0.17,1.1,86750.77,134963.641
600299.SH,20160318,14.88,15.5,14.86,15.49,14.82,0.67,4.52,74465.9,113147.661
600299.SH,20160317,14.4,14.95,14.4,14.82,14.47,0.35,2.42,56013.78,82265.25
600299.SH,20160316,15.3,15.38,14.43,14.47,15.07,-0.6,-3.98,57141.16,84279.923
600299.SH,20160315,15.2,15.37,14.96,15.07,15.11,-0.04,-0.26,42098.49,63788.379
600299.SH,20160314,14.98,15.45,14.83,15.11,14.73,0.38,2.58,51711.91,78528.285
600299.SH,20160311,14.81,14.89,14.42,14.73,14.78,-0.05,-0.34,33871.6,49670.625
600299.SH,20160310,15.2,15.43,14.72,14.78,15.2,-0.42,-2.76,49611.03,74266.232
600299.SH,20160309,15.49,15.82,15.0,15.2,16.02,-0.82,-5.12,70890.77,109162.118
600299.SH,20160308,16.21,16.37,15.37,16.02,15.99,0.03,0.19,97242.93,153543.297
600299.SH,20160307,15.21,16.0,15.01,15.99,14.82,1.17,7.89,120978.27,189689.806
600299.SH,20160304,15.1,15.5,14.62,14.82,15.21,-0.39,-2.56,74199.32,111636.877
600299.SH,20160303,15.41,16.11,15.18,15.21,15.58,-0.37,-2.37,116774.81,183315.303
600299.SH,20160302,14.83,15.69,14.83,15.58,14.83,0.75,5.06,127131.98,195424.994
600299.SH,20160301,14.5,15.02,14.27,14.83,14.51,0.32,2.21,78119.13,115101.716
600299.SH,20160229,14.9,15.06,14.0,14.51,15.11,-0.6,-3.97,82808.53,119262.23
600299.SH,20160226,14.1,15.43,14.09,15.11,14.04,1.07,7.62,119757.93,175945.603
600299.SH,20160225,15.58,15.58,14.01,14.04,15.57,-1.53,-9.83,110450.77,160994.828
600299.SH,20160224,14.84,15.86,14.7,15.57,15.15,0.42,2.77,153127.72,235412.675
600299.SH,20160223,14.0,15.34,13.88,15.15,14.0,1.15,8.21,111667.26,161339.058
600299.SH,20160222,13.74,14.28,13.74,14.0,13.64,0.36,2.64,70313.5,98775.508
600299.SH,20160219,13.65,13.75,13.55,13.64,13.63,0.01,0.07,39075.71,53291.435
600299.SH,20160218,13.8,13.86,13.57,13.63,13.79,-0.16,-1.16,49198.4,67488.511
600299.SH,20160217,13.57,13.85,13.46,13.79,13.63,0.16,1.17,63262.35,86300.767
600299.SH,20160216,13.15,13.64,13.15,13.63,13.08,0.55,4.2,58918.01,79385.787
600299.SH,20160215,12.74,13.2,12.72,13.08,13.33,-0.25,-1.88,31606.97,41055.188
600299.SH,20160205,13.61,13.67,13.3,13.33,13.54,-0.21,-1.55,39684.21,53272.639
600299.SH,20160204,13.44,13.78,13.33,13.54,13.3,0.24,1.8,52595.47,71275.189
600299.SH,20160203,13.07,13.34,12.93,13.3,13.2,0.1,0.76,41334.24,54222.845
600299.SH,20160202,12.9,13.29,12.8,13.2,12.85,0.35,2.72,54209.3,71371.766
600299.SH,20160201,13.15,13.15,12.75,12.85,13.1,-0.25,-1.91,36244.56,46876.615
600299.SH,20160129,12.4,13.45,12.4,13.1,12.61,0.49,3.89,58155.28,75188.886
600299.SH,20160128,13.0,13.4,12.51,12.61,12.85,-0.24,-1.87,75645.28,98742.335
600299.SH,20160127,13.0,13.28,12.01,12.85,13.02,-0.17,-1.31,64833.0,81431.192
600299.SH,20160126,14.27,14.27,13.02,13.02,14.47,-1.45,-10.02,62339.43,84879.935
600299.SH,20160125,14.5,14.65,14.28,14.47,14.39,0.08,0.56,53560.32,77611.705
600299.SH,20160122,14.7,14.7,13.87,14.39,14.3,0.09,0.63,66774.1,95487.668
600299.SH,20160121,13.9,15.55,13.81,14.3,14.25,0.05,0.35,94851.42,139016.816
600299.SH,20160120,13.95,14.75,13.95,14.25,14.18,0.07,0.49,55163.92,79386.986
600299.SH,20160119,13.66,14.26,13.46,14.18,13.64,0.54,3.96,53623.67,74372.352
600299.SH,20160118,12.98,13.66,12.85,13.64,13.17,0.47,3.57,49141.7,65599.395
600299.SH,20160115,13.89,13.89,13.0,13.17,13.86,-0.69,-4.98,48931.21,65438.833
600299.SH,20160114,12.72,14.0,12.6,13.86,13.16,0.7,5.32,56928.76,75551.616
600299.SH,20160113,14.06,14.3,12.99,13.16,14.02,-0.86,-6.13,52894.26,72659.903
600299.SH,20160112,14.09,14.57,13.7,14.02,14.01,0.01,0.07,56041.75,78922.435
600299.SH,20160111,15.23,15.23,13.98,14.01,15.29,-1.28,-8.37,65856.26,96485.522
600299.SH,20160108,15.45,15.82,14.27,15.29,15.07,0.22,1.46,71270.39,109019.072
600299.SH,20160107,16.3,16.3,14.96,15.07,16.58,-1.51,-9.11,12754.0,19995.33
600299.SH,20160106,16.58,16.77,16.1,16.58,16.21,0.37,2.28,51895.82,85305.974
600299.SH,20160105,15.27,16.94,15.27,16.21,16.9,-0.69,-4.08,81462.6,132544.047
600299.SH,20160104,18.75,18.93,16.87,16.9,18.74,-1.84,-9.82,52491.29,93314.895
600299.SH,20151231,19.22,19.33,18.63,18.74,19.22,-0.48,-2.5,62444.89,118252.227
600299.SH,20151230,19.55,19.58,18.88,19.22,19.49,-0.27,-1.39,91442.85,174762.825
600299.SH,20151229,20.08,20.42,19.28,19.49,20.27,-0.78,-3.85,136233.99,266283.264
600299.SH,20151228,19.93,20.97,19.88,20.27,19.95,0.32,1.6,231723.53,477444.915
600299.SH,20151225,19.06,20.3,18.85,19.95,18.98,0.97,5.11,119416.89,234244.129
600299.SH,20151224,19.41,19.54,18.71,18.98,19.53,-0.55,-2.82,64828.5,123379.008
600299.SH,20151223,18.96,19.82,18.8,19.53,18.96,0.57,3.01,111732.7,217270.06
600299.SH,20151222,19.1,19.44,18.78,18.96,18.96,0.0,0.0,60253.86,114710.072
600299.SH,20151221,18.74,19.48,18.55,18.96,18.34,0.62,3.38,83008.62,157963.539
600299.SH,20151218,18.3,18.55,18.08,18.34,18.3,0.04,0.22,61035.96,111418.84
600299.SH,20151217,17.83,18.58,17.79,18.3,17.76,0.54,3.04,85527.56,155910.789
600299.SH,20151216,17.92,18.1,17.65,17.76,17.92,-0.16,-0.89,40831.15,72911.969
600299.SH,20151215,17.8,18.13,17.67,17.92,17.92,0.0,0.0,48434.66,86630.469
600299.SH,20151214,16.52,18.11,16.52,17.92,16.74,1.18,7.05,65607.65,116289.936
600299.SH,20151211,16.7,17.0,16.65,16.74,16.92,-0.18,-1.06,25287.07,42475.005
600299.SH,20151210,16.9,17.2,16.8,16.92,16.9,0.02,0.12,31529.42,53590.26
600299.SH,20151209,17.03,17.38,16.69,16.9,17.11,-0.21,-1.23,32610.41,55299.312
600299.SH,20151208,17.6,17.73,17.08,17.11,17.79,-0.68,-3.82,53589.13,92792.103
600299.SH,20151207,17.81,18.12,17.6,17.79,17.89,-0.1,-0.56,50473.51,90004.707
600299.SH,20151204,17.6,18.18,17.2,17.89,17.48,0.41,2.35,87786.05,155370.073
600299.SH,20151203,17.0,17.92,16.88,17.48,16.83,0.65,3.86,77407.74,135488.712
600299.SH,20151202,16.64,16.85,16.0,16.83,16.57,0.26,1.57,45279.13,74318.425
600299.SH,20151201,16.9,17.15,16.2,16.57,16.97,-0.4,-2.36,86958.48,144274.779
600299.SH,20151130,16.85,17.33,15.88,16.97,16.96,0.01,0.06,80203.11,134534.595
600299.SH,20151127,18.48,18.74,16.78,16.96,18.64,-1.68,-9.01,99570.94,175377.167
600299.SH,20151126,19.29,19.39,18.61,18.64,19.21,-0.57,-2.97,66424.07,125410.017
600299.SH,20151125,19.39,19.69,19.06,19.21,19.2,0.01,0.05,66293.98,128222.019
600299.SH,20151124,18.87,19.22,18.65,19.2,18.88,0.32,1.69,47587.8,90406.082
600299.SH,20151123,18.75,19.23,18.6,18.88,18.9,-0.02,-0.11,47679.49,90496.98
600299.SH,20151120,19.06,19.17,18.71,18.9,18.99,-0.09,-0.47,50219.76,94824.842
600299.SH,20151119,18.6,19.1,18.5,18.99,18.56,0.43,2.32,50358.02,94614.623
600299.SH,20151118,19.45,19.85,18.35,18.56,19.64,-1.08,-5.5,76306.07,145363.257
600299.SH,20151117,20.51,20.65,19.6,19.64,20.43,-0.79,-3.87,113124.09,225901.789
600299.SH,20151116,19.81,20.5,19.31,20.43,20.19,0.24,1.19,110843.04,220304.538
600299.SH,20151113,20.0,21.36,19.7,20.19,19.75,0.44,2.23,185502.99,377317.204
600299.SH,20151112,17.92,19.75,17.76,19.75,17.95,1.8,10.03,110667.9,206873.873
600299.SH,20151111,18.0,18.18,17.68,17.95,18.0,-0.05,-0.28,50939.33,90965.707
600299.SH,20151110,17.38,18.2,17.07,18.0,17.39,0.61,3.51,90222.03,159644.678
600299.SH,20151109,17.13,17.41,16.85,17.39,17.36,0.03,0.17,72675.68,124950.594
600299.SH,20151106,17.15,17.47,17.01,17.36,17.14,0.22,1.28,96886.43,167110.212
600299.SH,20151105,17.25,17.48,17.06,17.14,17.27,-0.13,-0.75,62974.99,108948.487
600299.SH,20151104,16.91,17.4,16.91,17.27,16.8,0.47,2.8,67309.52,115746.449
600299.SH,20151103,16.97,17.32,16.68,16.8,17.09,-0.29,-1.7,40450.81,68659.606
600299.SH,20151102,17.89,18.06,16.98,17.09,18.22,-1.13,-6.2,82453.64,144427.473
600299.SH,20151030,17.83,18.75,17.6,18.22,17.74,0.48,2.71,83834.87,152309.647
600299.SH,20151029,17.66,17.89,17.42,17.74,17.67,0.07,0.4,59006.86,104364.291
600299.SH,20151028,17.45,17.97,17.31,17.67,17.75,-0.08,-0.45,75345.66,133257.284
600299.SH,20151027,17.25,17.85,16.79,17.75,17.14,0.61,3.56,86105.48,149743.62
600299.SH,20151026,17.28,17.65,16.99,17.14,17.29,-0.15,-0.87,82652.59,142394.162
600299.SH,20151023,16.51,17.33,16.48,17.29,16.39,0.9,5.49,72338.98,123390.34
600299.SH,20151022,15.5,16.4,15.5,16.39,15.65,0.74,4.73,46217.66,73547.879
600299.SH,20151021,16.6,17.17,15.56,15.65,16.65,-1.0,-6.01,100476.12,165755.451
600299.SH,20151020,16.34,16.71,16.15,16.65,16.34,0.31,1.9,65446.87,107107.368
600299.SH,20151019,16.58,16.83,16.16,16.34,16.66,-0.32,-1.92,79186.36,130551.403
600299.SH,20151016,16.95,16.95,16.3,16.66,16.89,-0.23,-1.36,67431.81,111896.481
600299.SH,20151015,17.01,17.15,16.25,16.89,15.91,0.98,6.16,85094.62,141880.849
600299.SH,20151014,16.02,16.35,15.56,15.91,16.35,-0.44,-2.69,50725.05,80548.531
600299.SH,20151013,15.81,16.68,15.56,16.35,15.89,0.46,2.89,55116.19,89550.265
600299.SH,20151012,15.22,16.2,15.2,15.89,15.01,0.88,5.86,77118.91,122732.233
600299.SH,20151009,14.96,15.47,14.7,15.01,15.02,-0.01,-0.07,57106.4,86069.738
600299.SH,20151008,14.72,15.17,14.43,15.02,14.4,0.62,4.31,51241.59,76020.394
600299.SH,20150930,14.11,14.47,13.69,14.4,14.11,0.29,2.06,82561.17,116659.576
600299.SH,20150929,12.69,14.11,12.42,14.11,12.83,1.28,9.98,88254.49,120788.456
600299.SH,20150928,12.92,12.92,12.28,12.83,12.74,0.09,0.71,20027.01,25318.575
600299.SH,20150925,13.1,13.28,12.6,12.74,13.15,-0.41,-3.12,34658.6,44827.55
600299.SH,20150924,13.06,13.43,13.0,13.15,13.06,0.09,0.69,33108.46,43641.442
600299.SH,20150923,13.11,13.35,12.95,13.06,13.4,-0.34,-2.54,39564.64,51911.683
600299.SH,20150922,13.53,13.68,13.02,13.4,13.46,-0.06,-0.45,56367.36,75240.415
600299.SH,20150921,12.89,13.48,12.61,13.46,12.94,0.52,4.02,51607.35,68475.182
600299.SH,20150918,12.51,13.0,12.36,12.94,12.43,0.51,4.1,51742.89,65764.271
600299.SH,20150917,12.69,13.35,12.0,12.43,12.69,-0.26,-2.05,68749.94,88699.749
600299.SH,20150916,11.5,12.73,11.5,12.69,11.57,1.12,9.68,53978.18,65580.464
600299.SH,20150915,11.55,12.38,11.04,11.57,11.56,0.01,0.09,61019.64,71826.197
600299.SH,20150914,12.94,13.33,11.53,11.56,12.81,-1.25,-9.76,65563.58,80703.198
600299.SH,20150911,12.63,12.96,12.4,12.81,12.63,0.18,1.43,35580.14,45348.551
600299.SH,20150910,12.55,13.32,12.35,12.63,12.61,0.02,0.16,71957.93,93067.623
600299.SH,20150909,11.7,12.61,11.55,12.61,11.46,1.15,10.03,108293.59,134592.751
600299.SH,20150908,10.7,11.51,10.5,11.46,10.81,0.65,6.01,38338.73,42251.603
600299.SH,20150907,10.38,10.93,10.11,10.81,10.04,0.77,7.67,52745.66,56338.96
600299.SH,20150902,10.4,11.05,9.8,10.04,10.78,-0.74,-6.86,58951.94,60799.023
600299.SH,20150901,11.7,11.7,10.61,10.78,11.7,-0.92,-7.86,45585.73,50334.508
600299.SH,20150831,12.48,12.48,11.62,11.7,12.49,-0.79,-6.33,66446.28,79724.911
600299.SH,20150828,11.93,12.5,11.68,12.49,11.58,0.91,7.86,76778.85,92183.539
600299.SH,20150827,11.53,12.05,10.8,11.58,11.53,0.05,0.43,101109.09,116259.768
600299.SH,20150826,12.98,13.17,11.53,11.53,12.81,-1.28,-9.99,150890.8,182225.956
600299.SH,20150825,12.81,13.22,12.81,12.81,14.23,-1.42,-9.98,70884.62,91169.125
600299.SH,20150824,15.21,15.21,14.23,14.23,15.81,-1.58,-9.99,55475.88,79839.305
600299.SH,20150821,16.75,17.13,15.78,15.81,16.87,-1.06,-6.28,51828.56,84781.032
600299.SH,20150820,17.2,17.65,16.68,16.87,17.31,-0.44,-2.54,45612.93,78691.502
600299.SH,20150819,15.68,17.48,15.61,17.31,16.43,0.88,5.36,76442.34,126207.541
600299.SH,20150818,18.21,18.65,16.43,16.43,18.26,-1.83,-10.02,116413.97,202839.511
600299.SH,20150817,18.4,18.4,17.27,18.26,18.48,-0.22,-1.19,79276.35,143066.45
600299.SH,20150814,18.63,18.99,18.2,18.48,18.49,-0.01,-0.05,75371.74,140206.178
600299.SH,20150813,17.9,18.53,17.88,18.49,18.04,0.45,2.49,84866.71,154826.542
600299.SH,20150812,18.17,19.0,18.02,18.04,18.51,-0.47,-2.54,123062.83,227794.37
600299.SH,20150811,17.65,18.8,17.2,18.51,17.55,0.96,5.47,137553.04,250895.312
600299.SH,20150810,16.5,17.9,16.4,17.55,16.35,1.2,7.34,125440.13,217584.157
600299.SH,20150807,15.8,16.81,15.61,16.35,15.49,0.86,5.55,75678.07,122009.533
600299.SH,20150806,15.07,16.03,15.07,15.49,15.67,-0.18,-1.15,45629.9,71252.287
600299.SH,20150805,16.4,16.63,15.53,15.67,16.23,-0.56,-3.45,82940.53,134074.845
600299.SH,20150804,15.15,16.39,14.9,16.23,15.09,1.14,7.55,89583.64,139902.048
600299.SH,20150803,16.01,16.08,14.9,15.09,16.07,-0.98,-6.1,59112.39,91611.427
600299.SH,20150731,16.22,16.78,15.55,16.07,16.61,-0.54,-3.25,52864.87,86088.816
600299.SH,20150730,17.4,17.5,16.16,16.61,17.4,-0.79,-4.54,87186.64,149296.438
600299.SH,20150729,16.99,17.47,15.81,17.4,16.61,0.79,4.76,99631.36,166120.115
600299.SH,20150728,15.6,17.75,15.5,16.61,17.12,-0.51,-2.98,152974.82,250908.656
600299.SH,20150727,19.2,20.67,16.98,17.12,18.87,-1.75,-9.27,190620.59,364018.326
600299.SH,20150724,18.53,19.61,18.35,18.87,18.33,0.54,2.95,126623.66,241492.382
600299.SH,20150723,17.85,18.5,17.78,18.33,17.85,0.48,2.69,84778.94,154256.617
600299.SH,20150722,18.22,18.49,17.42,17.85,18.39,-0.54,-2.94,101440.22,182333.708
600299.SH,20150721,18.37,18.88,17.8,18.39,18.38,0.01,0.05,84921.99,156849.645
600299.SH,20150720,18.09,19.41,17.92,18.38,18.07,0.31,1.72,133808.39,248637.028
600299.SH,20150717,16.84,18.5,16.62,18.07,16.87,1.2,7.11,113758.4,201996.899
600299.SH,20150716,14.53,17.15,14.08,16.87,15.64,1.23,7.86,149099.32,234190.634
600299.SH,20150715,17.81,17.81,15.18,15.64,16.74,-1.1,-6.57,250957.24,417497.641
600299.SH,20150714,16.74,16.74,16.74,16.74,15.22,1.52,9.99,5928.8,9924.811
600299.SH,20150713,15.22,15.22,15.22,15.22,13.84,1.38,9.97,22118.0,33663.596
600299.SH,20150708,13.84,13.84,13.84,13.84,15.38,-1.54,-10.01,1896.0,2624.064
600299.SH,20150707,15.38,15.38,15.38,15.38,17.09,-1.71,-10.01,9202.0,14152.676
600299.SH,20150706,17.12,20.89,17.09,17.09,18.99,-1.9,-10.01,192893.18,344442.596
600299.SH,20150703,18.99,18.99,18.99,18.99,21.1,-2.11,-10.0,3997.0,7590.303
600299.SH,20150702,21.1,21.1,21.1,21.1,23.44,-2.34,-9.98,8837.0,18646.07
600299.SH,20150701,23.44,23.44,23.44,23.44,26.04,-2.6,-9.98,15117.0,35434.248
600299.SH,20150630,26.04,26.04,26.04,26.04,28.93,-2.89,-9.99,12049.0,31375.596
600299.SH,20150617,29.12,29.49,27.03,28.93,29.12,-0.19,-0.65,76501.0,216656.669
600299.SH,20150616,30.9,30.92,28.9,29.12,30.97,-1.85,-5.97,80675.95,238710.686
600299.SH,20150615,31.0,31.55,30.13,30.97,30.57,0.4,1.31,117378.0,362355.065
600299.SH,20150612,30.49,31.3,30.0,30.57,30.45,0.12,0.39,113158.5,345539.527
600299.SH,20150611,30.51,31.18,30.02,30.45,28.9,1.55,5.36,116220.01,354702.208
600299.SH,20150610,28.71,29.85,28.2,28.9,28.69,0.21,0.73,87893.45,256681.718
600299.SH,20150609,28.79,29.72,28.38,28.69,29.12,-0.43,-1.48,62816.01,181038.123
600299.SH,20150608,30.13,30.18,28.55,29.12,29.9,-0.78,-2.61,107402.36,312206.827
600299.SH,20150605,29.9,31.4,29.0,29.9,29.57,0.33,1.12,112024.0,338317.988
600299.SH,20150604,30.55,30.61,28.0,29.57,30.55,-0.98,-3.21,114926.38,337221.496
600299.SH,20150603,30.6,31.79,29.72,30.55,30.6,-0.05,-0.16,104928.49,321178.423
600299.SH,20150602,29.3,30.87,28.5,30.6,29.37,1.23,4.19,135242.7,398285.488
600299.SH,20150601,28.4,29.68,28.35,29.37,28.33,1.04,3.67,117699.34,343608.12
600299.SH,20150529,27.18,29.45,26.06,28.33,27.29,1.04,3.81,197645.38,552206.029
600299.SH,20150528,31.48,32.4,27.2,27.29,30.07,-2.78,-9.25,246668.86,762026.146
600299.SH,20150527,27.5,30.07,27.5,30.07,27.34,2.73,9.99,185411.67,545470.131
600299.SH,20150526,24.51,27.34,24.51,27.34,24.85,2.49,10.02,152432.5,394637.922
600299.SH,20150525,26.31,26.31,24.32,24.85,24.31,0.54,2.22,177529.37,447974.157
600299.SH,20150522,22.1,24.31,22.1,24.31,22.1,2.21,10.0,174901.01,408559.403
600299.SH,20150521,21.75,22.59,21.66,22.1,21.72,0.38,1.75,81431.97,179342.164
600299.SH,20150520,21.6,22.5,21.54,21.72,21.83,-0.11,-0.5,89411.75,195776.523
600299.SH,20150519,21.37,22.58,20.55,21.83,21.42,0.41,1.91,99739.97,215868.557
600299.SH,20150518,21.57,22.99,21.08,21.42,21.5,-0.08,-0.37,124420.61,275100.008
600299.SH,20150515,19.64,21.63,19.11,21.5,19.66,1.84,9.36,132826.83,271516.884
600299.SH,20150514,19.6,20.3,19.42,19.66,19.37,0.29,1.5,75875.89,149616.54
600299.SH,20150513,19.96,20.0,19.22,19.37,19.95,-0.58,-2.91,68887.69,134153.871
600299.SH,20150512,19.55,20.7,19.1,19.95,19.56,0.39,1.99,89682.16,179438.631
600299.SH,20150511,18.56,19.83,18.56,19.56,18.03,1.53,8.49,115648.04,225683.153
600299.SH,20150508,16.45,18.03,16.45,18.03,16.39,1.64,10.01,82292.67,142469.185
600299.SH,20150507,16.42,16.5,15.9,16.39,16.31,0.08,0.49,47562.65,77316.222
600299.SH,20150506,17.09,17.45,16.28,16.31,17.01,-0.7,-4.12,44537.23,75099.077
600299.SH,20150505,17.65,17.93,16.85,17.01,17.65,-0.64,-3.63,50420.95,87096.416
600299.SH,20150504,17.2,17.72,17.2,17.65,17.13,0.52,3.04,45992.14,80579.264
600299.SH,20150430,17.47,17.47,16.98,17.13,17.47,-0.34,-1.95,40883.14,70324.281
600299.SH,20150429,17.38,17.74,17.06,17.47,17.21,0.26,1.51,56855.39,98857.825
600299.SH,20150428,17.9,17.99,16.93,17.21,17.86,-0.65,-3.64,56377.79,97785.568
600299.SH,20150427,17.69,18.21,17.5,17.86,17.68,0.18,1.02,60877.84,108329.798
600299.SH,20150424,18.1,18.1,17.4,17.68,18.32,-0.64,-3.49,67777.39,119913.148
600299.SH,20150423,18.56,18.95,18.2,18.32,18.57,-0.25,-1.35,56289.21,103926.192
600299.SH,20150422,17.88,19.13,17.88,18.57,17.9,0.67,3.74,55046.02,102652.636
600299.SH,20150421,17.24,18.15,17.24,17.9,17.36,0.54,3.11,50737.23,90084.822
600299.SH,20150420,18.24,18.24,17.2,17.36,18.15,-0.79,-4.35,77603.28,136753.045
600299.SH,20150417,17.81,18.65,17.81,18.15,17.79,0.36,2.02,61501.79,112766.253
600299.SH,20150416,17.87,18.55,16.83,17.79,17.9,-0.11,-0.61,53442.94,94778.8
600299.SH,20150415,19.09,19.09,17.65,17.9,19.15,-1.25,-6.53,79856.41,146711.046
600299.SH,20150414,19.75,20.12,19.12,19.15,19.87,-0.72,-3.62,78898.27,154004.956
600299.SH,20150413,19.17,20.5,18.4,19.87,19.68,0.19,0.97,133877.13,260506.593
600299.SH,20150410,19.0,20.55,18.77,19.68,18.77,0.91,4.85,196671.67,391881.822
600299.SH,20150408,17.88,18.77,17.64,18.77,17.88,0.89,4.98,109670.77,200321.34
600299.SH,20150407,18.0,18.2,17.74,17.88,18.67,-0.79,-4.23,135846.29,241991.235
600299.SH,20150403,18.83,19.36,18.18,18.67,18.44,0.23,1.25,113137.16,214000.978
600299.SH,20150402,18.0,18.44,17.82,18.44,17.56,0.88,5.01,91501.25,167793.683
600299.SH,20150401,16.89,17.56,16.77,17.56,16.72,0.84,5.02,47176.44,82090.594
600299.SH,20150331,16.15,16.89,15.8,16.72,16.09,0.63,3.92,69848.41,114569.104
600299.SH,20150330,16.2,16.42,15.68,16.09,15.96,0.13,0.81,70122.02,112643.403
600299.SH,20150327,15.31,15.96,15.31,15.96,15.2,0.76,5.0,88939.39,141330.128
600299.SH,20150326,14.8,15.5,14.7,15.2,15.0,0.2,1.33,67546.11,102887.768
600299.SH,20150325,15.7,15.7,14.93,15.0,15.72,-0.72,-4.58,88715.95,134896.067
600299.SH,20150324,16.23,16.23,15.49,15.72,16.31,-0.59,-3.62,113445.98,178693.111
600299.SH,20150323,16.9,16.98,15.48,16.31,16.28,0.03,0.18,156101.59,254939.786
600299.SH,20150320,15.6,16.28,15.6,16.28,15.5,0.78,5.03,78305.79,127260.786
600299.SH,20150319,14.76,15.5,14.76,15.5,14.76,0.74,5.01,85393.27,131170.703
600299.SH,20150318,14.05,14.76,13.82,14.76,14.06,0.7,4.98,64652.76,94111.699
600299.SH,20150317,13.63,14.09,13.5,14.06,13.42,0.64,4.77,79318.84,110636.753
600299.SH,20150316,13.08,13.42,13.08,13.42,12.78,0.64,5.01,53283.56,71178.229
600299.SH,20150313,12.34,12.82,12.34,12.78,12.32,0.46,3.73,36005.49,45636.603
600299.SH,20150312,12.2,12.66,12.0,12.32,12.26,0.06,0.49,46970.99,57755.139
600299.SH,20150311,12.65,12.93,12.21,12.26,12.63,-0.37,-2.93,54469.8,68315.712
600299.SH,20150310,12.1,12.85,12.1,12.63,12.29,0.34,2.77,48842.29,61566.064
600299.SH,20150309,12.3,12.83,12.05,12.29,12.22,0.07,0.57,79294.11,99090.574
600299.SH,20150306,11.58,12.22,11.53,12.22,11.64,0.58,4.98,63756.14,77015.133
600299.SH,20150305,11.87,11.89,11.13,11.64,11.32,0.32,2.83,92923.7,107620.165
600299.SH,20150304,10.83,11.32,10.83,11.32,10.78,0.54,5.01,31306.16,34978.429
600299.SH,20150303,10.28,10.78,10.11,10.78,10.27,0.51,4.97,52370.38,55772.347
600299.SH,20150302,10.2,10.29,10.07,10.27,10.3,-0.03,-0.29,34726.57,35248.637
600299.SH,20150227,9.89,10.34,9.82,10.3,9.85,0.45,4.57,53985.99,55096.648
600299.SH,20150226,9.74,9.92,9.73,9.85,9.83,0.02,0.2,21540.5,21145.567
600299.SH,20150225,9.98,10.09,9.7,9.83,9.9,-0.07,-0.71,32179.6,31835.522
600299.SH,20150217,9.43,9.9,9.38,9.9,9.43,0.47,4.98,29045.16,28272.234
600299.SH,20150216,9.32,9.47,9.18,9.43,9.29,0.14,1.51,23934.89,22263.955
600299.SH,20150213,9.23,9.44,9.23,9.29,9.25,0.04,0.43,28014.12,26101.091
600299.SH,20150212,9.39,9.4,9.2,9.25,9.39,-0.14,-1.49,14828.61,13761.449
600299.SH,20150211,9.43,9.44,9.3,9.39,9.39,0.0,0.0,12311.21,11536.223
600299.SH,20150210,9.16,9.4,9.11,9.39,9.16,0.23,2.51,14168.61,13063.144
600299.SH,20150209,9.13,9.27,9.1,9.16,9.17,-0.01,-0.11,10813.9,9932.964
600299.SH,20150206,9.35,9.4,9.12,9.17,9.39,-0.22,-2.34,15255.3,14049.071
600299.SH,20150205,9.37,9.41,9.26,9.39,9.32,0.07,0.75,15910.62,14866.775
600299.SH,20150204,9.52,9.61,9.27,9.32,9.54,-0.22,-2.31,29500.0,27814.892
600299.SH,20150203,9.64,9.76,9.4,9.54,9.65,-0.11,-1.14,39865.0,38185.646
600299.SH,20150202,10.17,10.17,9.55,9.65,9.76,-0.11,-1.13,75337.9,74804.724
600299.SH,20150126,9.58,9.91,9.5,9.76,9.7,0.06,0.62,47273.16,46021.229
600299.SH,20150123,9.9,10.08,9.67,9.7,9.62,0.08,0.83,84607.54,83711.47
600299.SH,20150122,9.61,9.62,9.5,9.62,9.16,0.46,5.02,69771.85,67046.917
600299.SH,20150121,8.73,9.16,8.69,9.16,8.72,0.44,5.05,26508.23,24038.926
600299.SH,20150120,8.71,8.85,8.65,8.72,8.67,0.05,0.58,28324.99,24703.859
600299.SH,20150119,8.75,8.82,8.51,8.67,8.8,-0.13,-1.48,21445.96,18695.309
600299.SH,20150116,8.91,8.91,8.79,8.8,8.89,-0.09,-1.01,18965.84,16733.671
600299.SH,20150115,8.71,8.9,8.68,8.89,8.67,0.22,2.54,9803.77,8608.704
600299.SH,20150114,8.73,8.81,8.61,8.67,8.76,-0.09,-1.03,13171.0,11465.442
600299.SH,20150113,8.75,8.87,8.75,8.76,8.82,-0.06,-0.68,10101.31,8888.361
600299.SH,20150112,8.96,8.96,8.79,8.82,8.96,-0.14,-1.56,15868.01,14047.386
600299.SH,20150109,8.99,9.09,8.95,8.96,8.99,-0.03,-0.33,12405.16,11163.111
600299.SH,20150108,8.87,9.1,8.87,8.99,8.9,0.09,1.01,18322.1,16509.875
600299.SH,20150107,8.87,9.06,8.83,8.9,8.93,-0.03,-0.34,24456.62,21927.407
600299.SH,20150106,9.02,9.08,8.81,8.93,9.09,-0.16,-1.76,34803.39,30994.358
600299.SH,20150105,9.02,9.21,8.98,9.09,9.02,0.07,0.78,26400.45,23970.947
600299.SH,20141231,9.01,9.05,8.9,9.02,9.0,0.02,0.22,17099.8,15357.658
600299.SH,20141230,9.22,9.22,8.99,9.0,9.22,-0.22,-2.39,16999.5,15418.676
600299.SH,20141229,9.58,9.66,9.16,9.22,9.21,0.01,0.11,31278.91,29280.027
600299.SH,20141226,9.12,9.56,9.1,9.21,9.13,0.08,0.88,26077.0,24208.113
600299.SH,20141225,9.01,9.23,9.0,9.13,9.06,0.07,0.77,17991.4,16385.758
600299.SH,20141224,8.9,9.28,8.9,9.06,8.85,0.21,2.37,22041.77,19961.108
600299.SH,20141223,8.8,9.1,8.79,8.85,8.99,-0.14,-1.56,25422.04,22587.564
600299.SH,20141222,8.79,9.24,8.67,8.99,8.8,0.19,2.16,50445.01,45874.757
600299.SH,20141219,9.1,9.15,8.66,8.8,9.06,-0.26,-2.87,33612.27,29882.76
600299.SH,20141218,9.02,9.24,9.0,9.06,9.07,-0.01,-0.11,25307.82,23050.504
600299.SH,20141217,9.45,9.45,9.06,9.07,9.44,-0.37,-3.92,38271.84,35190.255
600299.SH,20141216,9.34,9.65,9.23,9.44,9.34,0.1,1.07,43801.62,41726.44
600299.SH,20141215,9.4,9.45,9.19,9.34,9.63,-0.29,-3.01,41564.73,38776.694
600299.SH,20141212,9.9,9.98,9.44,9.63,9.5,0.13,1.37,112840.07,110773.124
600299.SH,20141211,9.5,9.5,9.12,9.5,9.05,0.45,4.97,41445.43,39307.244
600299.SH,20141210,8.68,9.05,8.68,9.05,8.62,0.43,4.99,44861.98,40163.498
600299.SH,20141209,8.69,9.09,8.5,8.62,8.66,-0.04,-0.46,127066.53,114468.536
600299.SH,20141208,8.23,8.66,7.95,8.66,8.25,0.41,4.97,74412.99,61865.288
600299.SH,20141205,8.64,8.64,8.21,8.25,8.64,-0.39,-4.51,109465.46,90778.629
600299.SH,20141204,8.8,8.83,8.59,8.64,8.8,-0.16,-1.82,60512.86,52584.004
600299.SH,20141203,8.76,8.95,8.53,8.8,8.77,0.03,0.34,59152.34,51484.643
600299.SH,20141202,8.76,8.88,8.6,8.77,8.75,0.02,0.23,59030.05,51682.794
600299.SH,20141201,9.13,9.19,8.68,8.75,9.13,-0.38,-4.16,63331.64,55932.11
600299.SH,20141128,9.3,9.37,8.91,9.13,9.36,-0.23,-2.46,76100.91,69292.721
600299.SH,20141127,9.46,9.72,9.34,9.36,9.48,-0.12,-1.27,49001.77,46658.386
600299.SH,20141126,9.46,9.54,9.36,9.48,9.54,-0.06,-0.63,27121.14,25590.421
600299.SH,20141125,9.45,9.68,9.37,9.54,9.5,0.04,0.42,47112.89,44889.801
600299.SH,20141124,9.8,9.9,9.48,9.5,9.73,-0.23,-2.36,59567.49,57125.891
600299.SH,20141121,9.76,10.14,9.7,9.73,9.76,-0.03,-0.31,57636.2,57087.88
600299.SH,20141120,9.5,9.96,9.38,9.76,9.53,0.23,2.41,73185.54,71105.461
600299.SH,20141119,9.16,9.53,9.02,9.53,9.08,0.45,4.96,83178.06,77509.971
600299.SH,20141118,9.06,9.24,9.01,9.08,9.06,0.02,0.22,31955.65,29126.995
600299.SH,20141117,8.94,9.19,8.84,9.06,8.94,0.12,1.34,38036.96,34447.606
600299.SH,20141114,8.99,9.08,8.66,8.94,9.12,-0.18,-1.97,94032.95,82737.639
600299.SH,20141113,9.75,9.75,9.12,9.12,9.6,-0.48,-5.0,76697.29,71100.852
600299.SH,20141112,9.75,9.93,9.48,9.6,9.91,-0.31,-3.13,61501.75,59466.287
600299.SH,20141111,10.31,10.6,9.64,9.91,10.14,-0.23,-2.27,120892.77,120569.769
600299.SH,20141110,9.91,10.14,9.67,10.14,9.66,0.48,4.97,186493.82,187048.571
600299.SH,20141107,10.67,10.67,9.65,9.66,10.16,-0.5,-4.92,144255.06,143445.23
600299.SH,20141106,10.16,10.16,10.16,10.16,9.68,0.48,4.96,5096.39,5177.932
600299.SH,20141105,9.6,9.68,9.41,9.68,9.22,0.46,4.99,53049.46,51073.906
600299.SH,20141104,9.0,9.22,8.92,9.22,8.78,0.44,5.01,107265.2,98196.617
600299.SH,20141103,8.36,8.78,8.36,8.78,8.36,0.42,5.02,93754.31,80946.495
600299.SH,20141031,8.24,8.48,8.18,8.36,8.34,0.02,0.24,105448.46,87951.326
600299.SH,20141030,8.5,8.84,8.3,8.34,8.42,-0.08,-0.95,214057.87,183784.013
600299.SH,20141029,8.15,8.42,8.15,8.42,8.02,0.4,4.99,123298.87,103219.338
600299.SH,20141028,8.4,8.48,7.9,8.02,8.16,-0.14,-1.72,342140.75,279454.286
600299.SH,20141027,8.16,8.16,8.05,8.16,7.77,0.39,5.02,293037.13,239004.099
600299.SH,20141024,7.77,7.77,7.77,7.77,7.4,0.37,5.0,6766.94,5257.912
600299.SH,20141023,7.4,7.4,7.4,7.4,7.05,0.35,4.96,12509.68,9257.163
600299.SH,20141022,7.05,7.05,7.05,7.05,6.71,0.34,5.07,1265.01,891.832
600299.SH,20141021,6.71,6.71,6.71,6.71,6.39,0.32,5.01,1342.24,900.643
600299.SH,20141020,6.39,6.39,6.39,6.39,6.09,0.3,4.93,1545.52,987.587
600299.SH,20141017,6.09,6.09,6.09,6.09,5.8,0.29,5.0,2150.9,1309.898
600299.SH,20141016,5.8,5.8,5.8,5.8,5.52,0.28,5.07,3285.01,1905.306
600299.SH,20141015,5.52,5.52,5.52,5.52,5.26,0.26,4.94,2133.94,1177.935
600299.SH,20141014,5.26,5.26,5.26,5.26,5.01,0.25,4.99,1224.81,644.25
600299.SH,20141013,5.01,5.01,5.01,5.01,4.77,0.24,5.03,483.4,242.183
600299.SH,20141010,4.77,4.77,4.77,4.77,4.54,0.23,5.07,557.12,265.746
600299.SH,20141009,4.54,4.54,4.54,4.54,4.32,0.22,5.09,1031.74,468.41
600299.SH,20141008,4.32,4.32,4.32,4.32,4.11,0.21,5.11,476.12,205.684
600299.SH,20140930,4.11,4.11,4.11,4.11,3.91,0.2,5.12,11713.02,4814.051
600299.SH,20140428,3.72,3.91,3.7,3.91,3.72,0.19,5.11,80930.15,31358.039
600299.SH,20140425,3.77,3.81,3.72,3.72,3.77,-0.05,-1.33,26726.9,10054.142
600299.SH,20140424,3.9,3.9,3.75,3.77,3.91,-0.14,-3.58,41206.64,15804.899
600299.SH,20140423,3.86,3.95,3.84,3.91,3.87,0.04,1.03,24493.27,9549.881
600299.SH,20140422,3.95,4.0,3.85,3.87,3.97,-0.1,-2.52,43565.85,17130.218
600299.SH,20140421,3.98,4.01,3.92,3.97,3.98,-0.01,-0.25,34101.68,13540.947
600299.SH,20140418,3.97,4.02,3.96,3.98,3.98,0.0,0.0,47603.01,18972.529
600299.SH,20140417,3.99,4.05,3.98,3.98,4.19,-0.21,-5.01,72212.54,28802.811
600299.SH,20140415,4.24,4.25,4.19,4.19,4.26,-0.07,-1.64,24272.86,10231.129
600299.SH,20140414,4.31,4.31,4.19,4.26,4.31,-0.05,-1.16,42527.91,17990.194
600299.SH,20140411,4.35,4.35,4.31,4.31,4.35,-0.04,-0.92,20007.43,8658.975
600299.SH,20140410,4.38,4.38,4.33,4.35,4.38,-0.03,-0.68,25715.13,11192.385
600299.SH,20140409,4.3,4.39,4.29,4.38,4.32,0.06,1.39,25140.8,10909.219
600299.SH,20140408,4.31,4.32,4.25,4.32,4.31,0.01,0.23,30976.27,13296.638
600299.SH,20140404,4.29,4.33,4.27,4.31,4.29,0.02,0.47,13553.01,5829.371
600299.SH,20140403,4.32,4.35,4.28,4.29,4.28,0.01,0.23,15936.19,6860.506
600299.SH,20140402,4.32,4.36,4.28,4.28,4.32,-0.04,-0.93,17666.3,7619.809
600299.SH,20140401,4.27,4.34,4.23,4.32,4.27,0.05,1.17,14466.41,6219.441
600299.SH,20140331,4.3,4.3,4.22,4.27,4.29,-0.02,-0.47,17722.74,7555.803
600299.SH,20140328,4.4,4.42,4.28,4.29,4.4,-0.11,-2.5,24477.99,10648.468
600299.SH,20140327,4.43,4.48,4.36,4.4,4.44,-0.04,-0.9,28184.9,12396.845
600299.SH,20140326,4.44,4.49,4.41,4.44,4.44,0.0,0.0,28593.95,12701.118
600299.SH,20140325,4.45,4.47,4.39,4.44,4.46,-0.02,-0.45,25687.55,11405.099
600299.SH,20140324,4.38,4.47,4.37,4.46,4.36,0.1,2.29,37107.37,16401.389
600299.SH,20140321,4.28,4.42,4.23,4.36,4.28,0.08,1.87,28340.67,12249.114
600299.SH,20140320,4.31,4.38,4.28,4.28,4.34,-0.06,-1.38,29791.79,12946.237
600299.SH,20140319,4.37,4.37,4.28,4.34,4.38,-0.04,-0.91,39507.32,17055.509
600299.SH,20140318,4.4,4.5,4.37,4.38,4.42,-0.04,-0.91,28954.11,12849.279
600299.SH,20140317,4.32,4.52,4.31,4.42,4.34,0.08,1.84,34004.98,15030.23
600299.SH,20140314,4.29,4.41,4.28,4.34,4.29,0.05,1.17,26569.51,11570.822
600299.SH,20140313,4.29,4.33,4.24,4.29,4.29,0.0,0.0,30215.43,12986.65
600299.SH,20140312,4.38,4.41,4.21,4.29,4.38,-0.09,-2.05,38089.04,16386.497
600299.SH,20140311,4.31,4.42,4.31,4.38,4.4,-0.02,-0.45,25023.79,10929.609
600299.SH,20140310,4.58,4.58,4.34,4.4,4.6,-0.2,-4.35,34626.45,15410.651
600299.SH,20140307,4.53,4.62,4.5,4.6,4.56,0.04,0.88,36943.65,16854.111
600299.SH,20140306,4.61,4.61,4.46,4.56,4.61,-0.05,-1.08,51542.25,23285.367
600299.SH,20140305,4.64,4.88,4.61,4.61,4.67,-0.06,-1.28,62005.72,29290.588
600299.SH,20140304,4.72,4.73,4.59,4.67,4.77,-0.1,-2.1,72253.7,33605.22
600299.SH,20140303,4.71,4.96,4.62,4.77,4.58,0.19,4.15,172245.04,82637.489
600299.SH,20140228,4.15,4.58,4.15,4.58,4.16,0.42,10.1,99550.24,44842.207
600299.SH,20140227,4.2,4.27,4.15,4.16,4.22,-0.06,-1.42,13701.8,5769.153
600299.SH,20140226,4.15,4.22,4.1,4.22,4.15,0.07,1.69,16124.31,6724.778
600299.SH,20140225,4.26,4.34,4.14,4.15,4.31,-0.16,-3.71,31467.71,13355.291
600299.SH,20140224,4.47,4.47,4.27,4.31,4.47,-0.16,-3.58,29540.12,12818.784
600299.SH,20140221,4.45,4.52,4.41,4.47,4.47,0.0,0.0,27306.52,12181.114
600299.SH,20140220,4.5,4.54,4.43,4.47,4.49,-0.02,-0.45,30835.09,13844.3
600299.SH,20140219,4.43,4.53,4.41,4.49,4.43,0.06,1.35,34804.15,15567.932
600299.SH,20140218,4.52,4.52,4.4,4.43,4.52,-0.09,-1.99,31520.4,14013.123
600299.SH,20140217,4.45,4.55,4.45,4.52,4.47,0.05,1.12,23384.98,10559.425
600299.SH,20140214,4.43,4.49,4.38,4.47,4.43,0.04,0.9,27398.57,12155.277
600299.SH,20140213,4.47,4.54,4.4,4.43,4.49,-0.06,-1.34,39318.17,17620.762
600299.SH,20140212,4.37,4.5,4.36,4.49,4.37,0.12,2.75,33493.97,14796.732
600299.SH,20140211,4.34,4.41,4.32,4.37,4.35,0.02,0.46,30296.16,13210.626
600299.SH,20140210,4.23,4.37,4.22,4.35,4.21,0.14,3.33,42849.86,18387.562
600299.SH,20140207,4.2,4.25,4.1,4.21,4.24,-0.03,-0.71,21956.81,9238.044
600299.SH,20140130,4.23,4.29,4.19,4.24,4.23,0.01,0.24,18288.5,7746.681
600299.SH,20140129,4.23,4.25,4.18,4.23,4.22,0.01,0.24,25993.09,10960.378
600299.SH,20140128,4.22,4.26,4.18,4.22,4.24,-0.02,-0.47,20788.76,8768.017
600299.SH,20140127,4.35,4.35,4.19,4.24,4.42,-0.18,-4.07,50833.31,21535.202
600299.SH,20140124,4.35,4.45,4.34,4.42,4.37,0.05,1.14,19211.51,8463.987
600299.SH,20140123,4.38,4.41,4.32,4.37,4.38,-0.01,-0.23,16559.86,7242.037
600299.SH,20140122,4.29,4.39,4.26,4.38,4.26,0.12,2.82,17532.91,7610.381
600299.SH,20140121,4.21,4.31,4.21,4.26,4.24,0.02,0.47,16286.61,6950.722
600299.SH,20140120,4.35,4.39,4.18,4.24,4.35,-0.11,-2.53,31281.32,13321.23
600299.SH,20140117,4.51,4.52,4.31,4.35,4.52,-0.17,-3.76,38032.82,16747.067
600299.SH,20140116,4.57,4.57,4.47,4.52,4.57,-0.05,-1.09,33884.71,15298.047
600299.SH,20140115,4.61,4.65,4.54,4.57,4.61,-0.04,-0.87,11629.06,5331.37
600299.SH,20140114,4.62,4.63,4.54,4.61,4.6,0.01,0.22,21095.03,9674.982
600299.SH,20140113,4.52,4.66,4.52,4.6,4.62,-0.02,-0.43,14345.04,6570.629
600299.SH,20140110,4.64,4.75,4.61,4.62,4.69,-0.07,-1.49,14100.4,6561.902
600299.SH,20140109,4.84,4.88,4.66,4.69,4.85,-0.16,-3.3,27619.15,13204.591
600299.SH,20140108,4.87,4.95,4.8,4.85,4.96,-0.11,-2.22,38179.59,18621.2
600299.SH,20140107,4.59,4.98,4.52,4.96,4.66,0.3,6.44,48028.89,22942.275
600299.SH,20140106,4.85,4.85,4.63,4.66,4.85,-0.19,-3.92,18552.0,8764.533
600299.SH,20140103,4.85,4.88,4.76,4.85,4.88,-0.03,-0.61,20023.04,9663.649
600299.SH,20140102,4.72,4.9,4.69,4.88,4.73,0.15,3.17,21818.71,10443.828
600299.SH,20131231,4.67,4.78,4.65,4.73,4.68,0.05,1.07,20867.95,9873.338
600299.SH,20131230,4.74,4.74,4.66,4.68,4.7,-0.02,-0.43,12887.06,6063.461
600299.SH,20131227,4.66,4.78,4.63,4.7,4.66,0.04,0.86,19716.41,9241.801
600299.SH,20131226,4.83,4.83,4.65,4.66,4.82,-0.16,-3.32,19833.14,9336.465
600299.SH,20131225,4.77,4.83,4.75,4.82,4.77,0.05,1.05,14733.88,7049.28
600299.SH,20131224,4.74,4.85,4.69,4.77,4.74,0.03,0.63,15645.9,7481.564
600299.SH,20131223,4.88,4.93,4.67,4.74,4.87,-0.13,-2.67,29136.97,13813.591
600299.SH,20131220,4.84,4.93,4.84,4.87,4.86,0.01,0.21,29466.66,14376.036
600299.SH,20131219,5.0,5.05,4.86,4.86,5.0,-0.14,-2.8,23266.21,11530.986
600299.SH,20131218,4.96,5.05,4.93,5.0,4.98,0.02,0.4,20649.66,10298.231
600299.SH,20131217,5.04,5.08,4.96,4.98,5.04,-0.06,-1.19,28986.99,14545.317
600299.SH,20131216,5.23,5.24,5.03,5.04,5.2,-0.16,-3.08,42436.36,21680.903
600299.SH,20131213,5.26,5.3,5.17,5.2,5.32,-0.12,-2.26,62680.43,32683.756
600299.SH,20131212,5.1,5.5,5.08,5.32,5.11,0.21,4.11,165479.71,87653.984
600299.SH,20131211,4.92,5.12,4.88,5.11,4.94,0.17,3.44,65195.1,32639.169
600299.SH,20131210,4.99,5.0,4.9,4.94,5.0,-0.06,-1.2,44198.78,21828.236
600299.SH,20131209,5.01,5.13,4.96,5.0,5.05,-0.05,-0.99,46298.85,23292.21
600299.SH,20131206,4.99,5.14,4.94,5.05,5.0,0.05,1.0,60488.44,30649.479
600299.SH,20131205,5.05,5.16,4.96,5.0,5.1,-0.1,-1.96,77912.18,39192.297
600299.SH,20131204,5.07,5.2,5.04,5.1,5.11,-0.01,-0.2,89406.52,45744.039
600299.SH,20131203,4.89,5.18,4.82,5.11,4.94,0.17,3.44,112572.84,56990.17
600299.SH,20131202,5.2,5.29,4.89,4.94,5.43,-0.49,-9.02,204757.17,103929.724
600299.SH,20131129,4.82,5.43,4.82,5.43,4.94,0.49,9.92,293658.34,154810.769
600299.SH,20131128,5.04,5.19,4.92,4.94,4.93,0.01,0.2,175263.01,88297.458
600299.SH,20131127,4.46,4.93,4.46,4.93,4.48,0.45,10.04,69773.08,33395.08
600299.SH,20131126,4.48,4.51,4.45,4.48,4.49,-0.01,-0.22,14637.08,6563.309
600299.SH,20131125,4.53,4.53,4.46,4.49,4.53,-0.04,-0.88,21619.0,9722.538
600299.SH,20131122,4.56,4.56,4.49,4.53,4.54,-0.01,-0.22,33692.72,15246.255
600299.SH,20131121,4.6,4.64,4.5,4.54,4.66,-0.12,-2.58,51729.78,23555.06
600299.SH,20131120,4.59,4.67,4.52,4.66,4.56,0.1,2.19,34251.83,15697.11
600299.SH,20131119,4.57,4.63,4.54,4.56,4.59,-0.03,-0.65,16566.02,7581.51
600299.SH,20131118,4.52,4.6,4.5,4.59,4.52,0.07,1.55,24576.01,11178.12
600299.SH,20131115,4.45,4.55,4.43,4.52,4.46,0.06,1.35,24999.57,11261.245
600299.SH,20131114,4.4,4.5,4.33,4.46,4.39,0.07,1.5945,16513.74,7288.222
600299.SH,20131113,4.47,4.48,4.38,4.39,4.48,-0.09,-2.01,10683.73,4734.366
600299.SH,20131112,4.45,4.49,4.4,4.48,4.44,0.04,0.9,11013.13,4898.197
600299.SH,20131111,4.42,4.46,4.34,4.44,4.42,0.02,0.45,10567.28,4649.932
600299.SH,20131108,4.58,4.58,4.42,4.42,4.56,-0.14,-3.07,14835.76,6644.495
600299.SH,20131107,4.61,4.65,4.53,4.56,4.6,-0.04,-0.87,15142.89,6959.976
600299.SH,20131106,4.6,4.65,4.56,4.6,4.6,0.0,0.0,18885.36,8705.44
600299.SH,20131105,4.64,4.64,4.55,4.6,4.64,-0.04,-0.86,14506.45,6647.086
600299.SH,20131104,4.6,4.65,4.55,4.64,4.6,0.04,0.87,9733.05,4487.992
600299.SH,20131101,4.63,4.67,4.58,4.6,4.64,-0.04,-0.86,10975.13,5071.391
600299.SH,20131031,4.62,4.67,4.52,4.64,4.64,0.0,0.0,13382.12,6153.204
600299.SH,20131030,4.48,4.65,4.48,4.64,4.55,0.09,1.98,11143.89,5120.587
600299.SH,20131029,4.67,4.72,4.38,4.55,4.67,-0.12,-2.57,22009.45,10018.288
600299.SH,20131028,4.7,4.7,4.6,4.67,4.66,0.01,0.21,10360.76,4834.484
600299.SH,20131025,4.76,4.8,4.65,4.66,4.77,-0.11,-2.31,23205.09,10924.522
600299.SH,20131024,4.87,4.9,4.75,4.77,4.87,-0.1,-2.05,15795.62,7622.779
600299.SH,20131023,5.01,5.02,4.85,4.87,4.99,-0.12,-2.4,19904.59,9815.533
600299.SH,20131022,4.94,5.03,4.91,4.99,4.94,0.05,1.01,33415.62,16687.456
600299.SH,20131021,4.85,4.96,4.85,4.94,4.89,0.05,1.02,18274.68,8981.071
600299.SH,20131018,4.87,4.91,4.83,4.89,4.88,0.01,0.2,11868.58,5781.096
600299.SH,20131017,4.9,4.92,4.84,4.88,4.88,0.0,0.0,21236.82,10369.224
600299.SH,20131016,5.07,5.07,4.83,4.88,5.07,-0.19,-3.75,29157.96,14339.419
600299.SH,20131015,5.09,5.13,5.01,5.07,5.08,-0.01,-0.2,25085.35,12695.995
600299.SH,20131014,5.06,5.12,5.04,5.08,5.06,0.02,0.4,25228.47,12844.162
600299.SH,20131011,5.06,5.12,5.03,5.06,5.02,0.04,0.8,19003.08,9624.9
600299.SH,20131010,5.09,5.13,5.0,5.02,5.1,-0.08,-1.57,18385.94,9272.237
600299.SH,20131009,4.93,5.2,4.91,5.1,4.99,0.11,2.2,28429.12,14514.979
600299.SH,20131008,4.86,5.0,4.81,4.99,4.83,0.16,3.31,16422.41,8090.641
600299.SH,20130930,4.86,4.86,4.7,4.83,4.81,0.02,0.42,10787.69,5190.194
600299.SH,20130927,4.8,4.87,4.77,4.81,4.8,0.01,0.21,12474.33,5998.399
600299.SH,20130926,5.03,5.03,4.76,4.8,5.03,-0.23,-4.57,22518.72,11022.506
600299.SH,20130925,5.01,5.08,4.98,5.03,5.01,0.02,0.4,17861.84,8986.328
600299.SH,20130924,5.05,5.09,4.95,5.01,5.06,-0.05,-0.99,18967.2,9517.644
600299.SH,20130923,5.01,5.06,4.98,5.06,4.99,0.07,1.4,16916.93,8503.572
600299.SH,20130918,4.98,5.02,4.96,4.99,4.97,0.02,0.4,13058.5,6520.333
600299.SH,20130917,5.05,5.12,4.96,4.97,5.07,-0.1,-1.97,20053.91,10077.774
600299.SH,20130916,5.12,5.15,5.07,5.07,5.12,-0.05,-0.98,19104.92,9733.657
600299.SH,20130913,5.19,5.26,5.09,5.12,5.22,-0.1,-1.92,34349.08,17656.019
600299.SH,20130912,5.18,5.35,5.12,5.22,5.19,0.03,0.58,42899.7,22459.533
600299.SH,20130911,5.06,5.36,5.02,5.19,5.05,0.14,2.77,67347.5,34830.433
600299.SH,20130910,5.1,5.15,5.05,5.05,5.09,-0.04,-0.79,36181.81,18367.826
600299.SH,20130909,4.97,5.17,4.95,5.09,5.02,0.07,1.39,43729.76,22101.962
600299.SH,20130906,5.03,5.12,4.97,5.02,5.09,-0.07,-1.38,41193.88,20670.589
600299.SH,20130905,5.03,5.38,5.03,5.09,4.91,0.18,3.67,80134.44,41517.164
600299.SH,20130904,4.94,4.95,4.85,4.91,4.93,-0.02,-0.41,17347.38,8466.963
600299.SH,20130903,4.87,4.94,4.8,4.93,4.87,0.06,1.23,21215.1,10401.105
600299.SH,20130902,4.8,4.87,4.71,4.87,4.82,0.05,1.04,30999.05,14910.949
600299.SH,20130830,4.9,4.94,4.8,4.82,4.92,-0.1,-2.03,30392.28,14807.196
600299.SH,20130829,4.83,5.1,4.81,4.92,4.86,0.06,1.23,37398.01,18553.188
600299.SH,20130828,4.88,4.9,4.81,4.86,4.89,-0.03,-0.61,17249.08,8382.082
600299.SH,20130827,4.9,4.92,4.85,4.89,4.92,-0.03,-0.61,20012.41,9760.632
600299.SH,20130826,4.89,4.93,4.82,4.92,4.89,0.03,0.61,23130.32,11276.191
600299.SH,20130823,4.93,4.96,4.76,4.89,4.93,-0.04,-0.81,34771.46,16914.254
600299.SH,20130822,4.67,4.96,4.67,4.93,4.68,0.25,5.34,51911.52,25150.83
600299.SH,20130821,4.75,4.75,4.65,4.68,4.74,-0.06,-1.27,16642.1,7818.124
600299.SH,20130820,4.64,4.76,4.63,4.74,4.67,0.07,1.5,26210.73,12346.052
600299.SH,20130819,4.55,4.7,4.51,4.67,4.61,0.06,1.3,20048.5,9270.093
600299.SH,20130816,4.7,4.86,4.6,4.61,4.81,-0.2,-4.16,28077.98,13248.469
600299.SH,20130815,4.78,4.96,4.77,4.81,4.81,0.0,0.0,28655.57,13967.841
600299.SH,20130814,4.88,4.89,4.77,4.81,4.85,-0.04,-0.82,26363.41,12709.951
600299.SH,20130813,4.86,4.88,4.78,4.85,4.86,-0.01,-0.21,32416.01,15654.496
600299.SH,20130812,4.76,4.89,4.71,4.86,4.77,0.09,1.89,30220.59,14576.397
600299.SH,20130809,4.69,4.8,4.67,4.77,4.69,0.08,1.71,21877.82,10376.087
600299.SH,20130808,4.71,4.73,4.65,4.69,4.73,-0.04,-0.85,15729.58,7364.952
600299.SH,20130807,4.76,4.81,4.69,4.73,4.77,-0.04,-0.84,18755.12,8901.153
600299.SH,20130806,4.75,4.77,4.68,4.77,4.73,0.04,0.85,18360.2,8696.207
600299.SH,20130805,4.69,4.75,4.63,4.73,4.7,0.03,0.64,16750.1,7861.608
600299.SH,20130802,4.78,4.79,4.68,4.7,4.76,-0.06,-1.26,22685.87,10718.218
600299.SH,20130801,4.73,4.76,4.62,4.76,4.71,0.05,1.06,27786.88,13082.353
600299.SH,20130731,4.6,4.8,4.6,4.71,4.64,0.07,1.51,23197.43,10948.778
600299.SH,20130730,4.6,4.68,4.52,4.64,4.66,-0.02,-0.43,16811.28,7744.807
600299.SH,20130729,4.56,4.81,4.47,4.66,4.57,0.09,1.97,30217.07,14141.568
600299.SH,20130726,4.56,4.62,4.5,4.57,4.55,0.02,0.44,16708.82,7620.294
600299.SH,20130725,4.67,4.69,4.51,4.55,4.66,-0.11,-2.36,22836.54,10460.005
600299.SH,20130724,4.59,4.75,4.59,4.66,4.6,0.06,1.3,27736.38,12921.83
600299.SH,20130723,4.52,4.63,4.48,4.6,4.5,0.1,2.22,16886.29,7702.539
600299.SH,20130722,4.41,4.56,4.3,4.5,4.43,0.07,1.58,14749.67,6620.57
600299.SH,20130719,4.63,4.69,4.42,4.43,4.7,-0.27,-5.74,25703.73,11784.592
600299.SH,20130718,4.89,4.89,4.66,4.7,4.78,-0.08,-1.67,33891.3,16057.767
600299.SH,20130717,4.65,4.95,4.61,4.78,4.72,0.06,1.27,56507.11,27210.491
600299.SH,20130716,4.52,4.79,4.46,4.72,4.51,0.21,4.66,22255.29,10154.34
600299.SH,20130715,4.46,4.55,4.44,4.51,4.44,0.07,1.58,16662.57,7484.54
600299.SH,20130712,4.57,4.59,4.42,4.44,4.56,-0.12,-2.63,19867.73,8901.801
600299.SH,20130711,4.4,4.58,4.36,4.56,4.39,0.17,3.87,30890.12,13903.066
600299.SH,20130710,4.14,4.45,4.13,4.39,4.2,0.19,4.52,15002.1,6479.761
600299.SH,20130709,4.14,4.21,4.1,4.2,4.16,0.04,0.96,6684.82,2798.007
600299.SH,20130708,4.3,4.31,4.16,4.16,4.38,-0.22,-5.02,13599.65,5752.217
600299.SH,20130705,4.36,4.43,4.34,4.38,4.36,0.02,0.46,11614.49,5090.795
600299.SH,20130704,4.2,4.48,4.2,4.36,4.23,0.13,3.07,25299.02,10984.019
600299.SH,20130703,4.32,4.32,4.18,4.23,4.32,-0.09,-2.08,11431.35,4849.704
600299.SH,20130702,4.3,4.34,4.24,4.32,4.3,0.02,0.47,13803.31,5909.921
600299.SH,20130701,4.21,4.34,4.21,4.3,4.25,0.05,1.18,11276.23,4830.528
600299.SH,20130628,4.2,4.35,4.15,4.25,4.22,0.03,0.71,20558.69,8746.865
600299.SH,20130627,4.36,4.4,4.2,4.22,4.34,-0.12,-2.77,15121.8,6584.092
600299.SH,20130626,4.35,4.45,4.26,4.34,4.36,-0.02,-0.46,24082.73,10490.165
600299.SH,20130625,4.17,4.4,3.95,4.36,4.24,0.12,2.83,32831.95,13695.83
600299.SH,20130624,4.58,4.58,4.13,4.24,4.59,-0.35,-7.63,23921.67,10377.203
600299.SH,20130621,4.6,4.62,4.5,4.59,4.67,-0.08,-1.71,27000.66,12315.541
600299.SH,20130620,4.77,4.78,4.67,4.67,4.8,-0.13,-2.71,18596.24,8769.57
600299.SH,20130619,4.91,4.91,4.72,4.8,4.89,-0.09,-1.84,21416.87,10233.66
600299.SH,20130618,4.89,4.95,4.85,4.89,4.91,-0.02,-0.41,14226.92,6967.775
600299.SH,20130617,4.94,4.97,4.85,4.91,4.94,-0.03,-0.61,14956.85,7347.423
600299.SH,20130614,4.85,4.96,4.85,4.94,4.87,0.07,1.44,20683.33,10157.579
600299.SH,20130613,5.26,5.26,4.8,4.87,5.33,-0.46,-8.63,44627.21,22317.832
600299.SH,20130607,5.13,5.35,5.09,5.33,5.13,0.2,3.9,55301.64,29034.032
600299.SH,20130606,5.11,5.16,5.05,5.13,5.15,-0.02,-0.39,23999.7,12251.498
600299.SH,20130605,5.17,5.21,5.05,5.15,5.17,-0.02,-0.39,29943.01,15335.831
600299.SH,20130604,5.35,5.38,5.16,5.17,5.35,-0.18,-3.36,23671.59,12444.129
600299.SH,20130603,5.48,5.5,5.34,5.35,5.5,-0.15,-2.73,30200.62,16329.885
600299.SH,20130531,5.5,5.61,5.5,5.5,5.54,-0.04,-0.72,22838.95,12699.039
600299.SH,20130530,5.51,5.58,5.5,5.54,5.58,-0.04,-0.72,23552.05,13039.941
600299.SH,20130529,5.48,5.72,5.4,5.58,5.48,0.1,1.82,47258.42,26181.078
600299.SH,20130528,5.43,5.5,5.35,5.48,5.45,0.03,0.55,29084.55,15815.299
600299.SH,20130527,5.43,5.49,5.39,5.45,5.43,0.02,0.37,21303.26,11590.322
600299.SH,20130524,5.32,5.48,5.31,5.43,5.32,0.11,2.07,23549.21,12743.435
600299.SH,20130523,5.42,5.43,5.31,5.32,5.42,-0.1,-1.85,23989.64,12884.663
600299.SH,20130522,5.5,5.56,5.4,5.42,5.54,-0.12,-2.17,34084.13,18616.096
600299.SH,20130521,5.3,5.55,5.27,5.54,5.3,0.24,4.53,46267.33,25154.871
600299.SH,20130520,5.19,5.35,5.15,5.3,5.21,0.09,1.73,31405.31,16556.914
600299.SH,20130517,5.16,5.23,5.09,5.21,5.14,0.07,1.36,27301.19,14081.622
600299.SH,20130516,5.06,5.16,5.02,5.14,5.06,0.08,1.58,23901.01,12222.353
600299.SH,20130515,5.02,5.08,4.97,5.06,5.01,0.05,1.0,13142.63,6622.148
600299.SH,20130514,5.08,5.08,4.96,5.01,5.07,-0.06,-1.18,13200.06,6610.38
600299.SH,20130513,5.0,5.08,4.96,5.07,5.01,0.06,1.2,15040.4,7549.607
600299.SH,20130510,4.93,5.03,4.9,5.01,4.95,0.06,1.21,14890.56,7411.523
600299.SH,20130509,5.03,5.03,4.89,4.95,5.04,-0.09,-1.79,21832.29,10795.981
600299.SH,20130508,5.03,5.06,4.98,5.04,5.03,0.01,0.2,14960.21,7525.693
600299.SH,20130507,5.06,5.06,4.98,5.03,5.04,-0.01,-0.2,13667.66,6847.537
600299.SH,20130506,4.97,5.06,4.96,5.04,4.98,0.06,1.2,17635.1,8846.217
600299.SH,20130503,4.86,5.02,4.85,4.98,4.89,0.09,1.84,16159.76,8014.949
600299.SH,20130502,4.87,4.9,4.78,4.89,4.88,0.01,0.2,14124.28,6842.993
600299.SH,20130426,4.99,5.01,4.83,4.88,4.99,-0.11,-2.2,22996.89,11294.77
600299.SH,20130425,5.08,5.14,4.99,4.99,5.11,-0.12,-2.35,14873.53,7544.666
600299.SH,20130424,5.0,5.15,5.0,5.11,5.05,0.06,1.19,21670.15,10990.171
600299.SH,20130423,5.25,5.27,5.03,5.05,5.28,-0.23,-4.36,22205.04,11401.75
600299.SH,20130422,5.27,5.29,5.2,5.28,5.29,-0.01,-0.19,16768.84,8781.736
600299.SH,20130419,5.18,5.3,5.18,5.29,5.18,0.11,2.12,24955.2,13075.506
600299.SH,20130418,5.27,5.28,5.15,5.18,5.27,-0.09,-1.71,19723.97,10267.788
600299.SH,20130417,5.33,5.36,5.17,5.27,5.33,-0.06,-1.13,19085.45,10010.75
600299.SH,20130416,5.3,5.33,5.15,5.33,5.34,-0.01,-0.19,11272.93,5910.701
600299.SH,20130415,5.27,5.45,5.22,5.34,5.3,0.04,0.75,23353.73,12498.768
600299.SH,20130412,5.27,5.32,5.16,5.3,5.21,0.09,1.73,15982.9,8371.704
600299.SH,20130411,5.27,5.33,5.2,5.21,5.27,-0.06,-1.14,13815.85,7280.572
600299.SH,20130410,5.29,5.4,5.21,5.27,5.3,-0.03,-0.57,12683.42,6674.976
600299.SH,20130409,5.19,5.32,5.16,5.3,5.22,0.08,1.53,23783.17,12484.956
600299.SH,20130408,5.26,5.26,5.1,5.22,5.31,-0.09,-1.69,22432.19,11548.891
600299.SH,20130403,5.39,5.43,5.2,5.31,5.4,-0.09,-1.67,17260.35,9175.918
600299.SH,20130402,5.47,5.55,5.37,5.4,5.47,-0.07,-1.28,14539.55,7949.374
600299.SH,20130401,5.37,5.47,5.33,5.47,5.37,0.1,1.86,12688.7,6871.892
600299.SH,20130329,5.35,5.46,5.35,5.37,5.38,-0.01,-0.19,14410.31,7778.19
600299.SH,20130328,5.58,5.58,5.37,5.38,5.63,-0.25,-4.44,22314.23,12198.602
600299.SH,20130327,5.6,5.68,5.56,5.63,5.6,0.03,0.54,22359.9,12552.716
600299.SH,20130326,5.7,5.7,5.53,5.6,5.71,-0.11,-1.93,25197.3,14082.837
600299.SH,20130325,5.8,5.8,5.68,5.71,5.75,-0.04,-0.7,17209.56,9858.857
600299.SH,20130322,5.75,5.76,5.63,5.75,5.7,0.05,0.88,24968.33,14224.518
600299.SH,20130321,5.66,5.75,5.65,5.7,5.65,0.05,0.89,20275.94,11552.241
600299.SH,20130320,5.5,5.7,5.5,5.65,5.54,0.11,1.99,20231.05,11420.038
600299.SH,20130319,5.56,5.64,5.36,5.54,5.59,-0.05,-0.89,25040.34,13785.567
600299.SH,20130318,5.88,5.93,5.52,5.59,5.93,-0.34,-5.73,51224.3,29155.386
600299.SH,20130315,5.9,6.06,5.76,5.93,5.86,0.07,1.19,57923.96,34507.63
600299.SH,20130314,5.87,5.92,5.82,5.86,5.88,-0.02,-0.34,19024.4,11192.293
600299.SH,20130313,5.95,5.98,5.8,5.88,5.98,-0.1,-1.67,30760.01,18071.274
600299.SH,20130312,6.22,6.26,5.92,5.98,6.18,-0.2,-3.24,63088.69,38357.225
600299.SH,20130311,6.35,6.45,6.15,6.18,6.38,-0.2,-3.13,54299.25,33878.897
600299.SH,20130308,6.35,6.5,6.28,6.38,6.28,0.1,1.59,59991.47,38481.121
600299.SH,20130307,6.28,6.45,6.19,6.28,6.28,0.0,0.0,39195.84,24761.084
600299.SH,20130306,6.23,6.45,6.17,6.28,6.2,0.08,1.29,52655.93,33227.31
600299.SH,20130305,6.08,6.24,6.08,6.2,6.11,0.09,1.47,31832.6,19706.77
600299.SH,20130304,6.21,6.24,6.05,6.11,6.35,-0.24,-3.78,51086.59,31396.007
600299.SH,20130301,6.19,6.57,6.13,6.35,6.19,0.16,2.58,71912.85,45509.317
600299.SH,20130228,6.12,6.2,6.08,6.19,6.1,0.09,1.48,54050.23,33357.075
600299.SH,20130227,6.06,6.18,6.02,6.1,6.06,0.04,0.66,33669.99,20492.008
600299.SH,20130226,6.08,6.2,6.03,6.06,6.04,0.02,0.33,40653.96,24831.2
600299.SH,20130225,6.02,6.15,6.0,6.04,6.03,0.01,0.17,27670.16,16801.393
600299.SH,20130222,5.98,6.1,5.96,6.03,6.01,0.02,0.33,29884.87,18051.694
600299.SH,20130221,6.27,6.27,5.91,6.01,6.3,-0.29,-4.6,55610.04,33831.864
600299.SH,20130220,6.26,6.37,6.25,6.3,6.26,0.04,0.64,31739.01,19982.297
600299.SH,20130219,6.58,6.6,6.2,6.26,6.59,-0.33,-5.01,69791.07,44392.172
600299.SH,20130218,6.49,6.67,6.49,6.59,6.48,0.11,1.7,69625.8,45892.6
600299.SH,20130208,6.44,6.58,6.44,6.48,6.47,0.01,0.15,25416.3,16536.336
600299.SH,20130207,6.55,6.63,6.41,6.47,6.57,-0.1,-1.52,48891.67,31835.299
600299.SH,20130206,6.44,6.64,6.36,6.57,6.46,0.11,1.7,100243.71,65649.776
600299.SH,20130205,6.35,6.54,6.33,6.46,6.42,0.04,0.62,39296.14,25385.105
600299.SH,20130204,6.51,6.59,6.29,6.42,6.53,-0.11,-1.68,60851.63,38856.716
600299.SH,20130201,6.52,6.63,6.43,6.53,6.57,-0.04,-0.61,57424.35,37372.023
600299.SH,20130131,6.65,6.77,6.46,6.57,6.7,-0.13,-1.94,117827.51,77580.723
600299.SH,20130130,6.1,6.7,6.06,6.7,6.09,0.61,10.02,209911.4,136466.075
600299.SH,20130129,6.07,6.18,6.0,6.09,6.06,0.03,0.5,28333.82,17181.803
600299.SH,20130128,5.87,6.25,5.81,6.06,5.87,0.19,3.24,39732.05,24041.951
600299.SH,20130125,5.9,5.98,5.7,5.87,5.91,-0.04,-0.68,28010.46,16378.759
600299.SH,20130124,6.13,6.21,5.85,5.91,6.19,-0.28,-4.52,61645.92,37277.462
600299.SH,20130123,6.08,6.28,6.05,6.19,6.13,0.06,0.98,52836.29,32556.999
600299.SH,20130122,6.27,6.28,6.05,6.13,6.41,-0.28,-4.37,113132.18,69970.092
600299.SH,20130121,6.05,6.66,6.05,6.41,6.08,0.33,5.43,129762.38,82804.821
600299.SH,20130118,6.02,6.14,6.02,6.08,6.06,0.02,0.33,54338.63,33032.098
600299.SH,20130117,6.08,6.15,5.99,6.06,6.06,0.0,0.0,50604.76,30720.866
600299.SH,20130116,5.98,6.15,5.91,6.06,6.02,0.04,0.66,66754.55,40245.569
600299.SH,20130115,5.96,6.07,5.9,6.02,5.94,0.08,1.35,73087.46,43716.758
600299.SH,20130114,5.68,5.95,5.67,5.94,5.7,0.24,4.21,47193.37,27527.776
600299.SH,20130111,5.98,6.01,5.68,5.7,5.97,-0.27,-4.52,49233.31,28711.764
600299.SH,20130110,6.04,6.05,5.9,5.97,6.01,-0.04,-0.67,45449.87,27144.767
600299.SH,20130109,5.83,6.03,5.83,6.01,5.89,0.12,2.04,57844.13,34196.472
600299.SH,20130108,5.92,5.94,5.8,5.89,5.92,-0.03,-0.51,50581.98,29715.461
600299.SH,20130107,5.86,5.94,5.82,5.92,5.88,0.04,0.68,49091.43,28829.304
600299.SH,20130104,5.96,6.0,5.8,5.88,5.96,-0.08,-1.34,70840.26,41589.953
600299.SH,20121231,5.92,6.29,5.89,5.96,6.0,-0.04,-0.67,117005.66,70970.01
600299.SH,20121228,6.28,6.36,5.8,6.0,6.06,-0.06,-0.99,170049.4,103380.633
600299.SH,20121227,5.55,6.06,5.55,6.06,5.51,0.55,9.98,113139.74,66960.341
600299.SH,20121226,5.51,5.59,5.45,5.51,5.53,-0.02,-0.36,53926.7,29660.509
600299.SH,20121225,5.35,5.58,5.27,5.53,5.32,0.21,3.95,75952.13,41411.803
600299.SH,20121224,5.27,5.43,5.2,5.32,5.25,0.07,1.33,46196.38,24582.127
600299.SH,20121221,5.42,5.44,5.2,5.25,5.39,-0.14,-2.6,61179.31,32281.473
600299.SH,20121220,5.38,5.4,5.29,5.39,5.39,0.0,0.0,37598.24,20104.842
600299.SH,20121219,5.41,5.47,5.3,5.39,5.45,-0.06,-1.1,40381.8,21694.939
600299.SH,20121218,5.6,5.6,5.45,5.45,5.62,-0.17,-3.02,63130.25,34773.082
600299.SH,20121217,5.47,5.64,5.36,5.62,5.48,0.14,2.55,79368.53,43458.983
600299.SH,20121214,5.25,5.56,5.17,5.48,5.33,0.15,2.81,100934.04,54405.409
600299.SH,20121213,5.1,5.4,5.0,5.33,5.1,0.23,4.51,83603.29,43722.985
600299.SH,20121212,5.08,5.15,4.95,5.1,5.1,0.0,0.0,42155.13,21282.641
600299.SH,20121211,5.1,5.28,5.03,5.1,5.14,-0.04,-0.78,54952.59,28333.066
600299.SH,20121210,5.01,5.29,4.95,5.14,5.01,0.13,2.59,57101.9,29313.853
600299.SH,20121207,4.86,5.05,4.8,5.01,4.88,0.13,2.66,42923.06,21227.844
600299.SH,20121206,4.87,4.97,4.77,4.88,4.89,-0.01,-0.2,29456.43,14338.692
600299.SH,20121205,4.7,4.97,4.66,4.89,4.72,0.17,3.6,57152.3,27715.585
600299.SH,20121204,4.53,4.73,4.4,4.72,4.53,0.19,4.19,36950.27,16763.82
600299.SH,20121203,4.72,4.83,4.52,4.53,4.75,-0.22,-4.63,22529.53,10588.119
600299.SH,20121130,4.6,4.76,4.6,4.75,4.62,0.13,2.81,31965.22,15019.695
600299.SH,20121129,4.71,4.78,4.58,4.62,4.7,-0.08,-1.7,26542.84,12423.788
600299.SH,20121128,4.8,4.8,4.6,4.7,4.85,-0.15,-3.09,30906.26,14513.752
600299.SH,20121127,5.09,5.09,4.85,4.85,5.09,-0.24,-4.72,39688.21,19593.58
600299.SH,20121126,5.2,5.26,5.05,5.09,5.24,-0.15,-2.86,29539.11,15162.822
600299.SH,20121123,5.19,5.3,5.15,5.24,5.22,0.02,0.38,26011.79,13629.534
600299.SH,20121122,5.31,5.32,5.19,5.22,5.28,-0.06,-1.14,24637.67,12943.298
600299.SH,20121121,5.19,5.33,5.08,5.28,5.22,0.06,1.15,39189.77,20369.526
600299.SH,20121120,5.17,5.25,5.12,5.22,5.15,0.07,1.36,36251.77,18804.422
600299.SH,20121119,5.08,5.17,5.02,5.15,5.03,0.12,2.39,32522.25,16590.62
600299.SH,20121116,5.08,5.15,4.95,5.03,5.15,-0.12,-2.33,48740.15,24520.382
600299.SH,20121115,5.14,5.28,5.06,5.15,5.19,-0.04,-0.77,39059.73,20249.647
600299.SH,20121114,5.3,5.39,5.04,5.19,5.33,-0.14,-2.63,62994.2,32523.461
600299.SH,20121113,5.6,5.73,5.31,5.33,5.65,-0.32,-5.66,52942.17,29013.414
600299.SH,20121112,5.5,5.65,5.47,5.65,5.54,0.11,1.99,44310.48,24585.458
600299.SH,20121109,5.69,5.78,5.44,5.54,5.73,-0.19,-3.32,72929.44,40700.511
600299.SH,20121108,6.06,6.15,5.65,5.73,6.2,-0.47,-7.58,92554.84,54608.72
600299.SH,20121107,5.99,6.35,5.95,6.2,5.98,0.22,3.68,129106.81,79909.909
600299.SH,20121106,5.95,6.02,5.72,5.98,5.98,0.0,0.0,71609.25,41940.625
600299.SH,20121105,5.96,6.18,5.91,5.98,5.97,0.01,0.17,71717.7,43401.422
600299.SH,20121102,5.95,6.1,5.87,5.97,5.94,0.03,0.51,49364.03,29556.723
600299.SH,20121101,5.8,5.99,5.76,5.94,5.87,0.07,1.19,67903.44,40207.083
600299.SH,20121031,5.81,5.94,5.53,5.87,5.97,-0.1,-1.68,101606.72,58359.813
600299.SH,20121030,6.15,6.35,5.86,5.97,6.15,-0.18,-2.93,108627.06,66447.69
600299.SH,20121029,6.03,6.25,6.03,6.15,6.17,-0.02,-0.32,105554.51,64715.584
600299.SH,20121026,6.08,6.4,6.08,6.17,6.34,-0.17,-2.68,149927.91,93160.335
600299.SH,20121025,7.0,7.1,6.34,6.34,7.04,-0.7,-9.94,262880.5,175694.377
600299.SH,20121024,7.15,7.28,6.85,7.04,6.8,0.24,3.53,386653.75,271721.683
600299.SH,20121023,6.14,6.8,6.11,6.8,6.18,0.62,10.03,176700.42,116075.108
600299.SH,20121022,6.17,6.2,6.0,6.18,6.3,-0.12,-1.9,117701.16,71915.001
600299.SH,20121019,6.25,6.55,6.17,6.3,6.24,0.06,0.96,189941.52,121013.109
600299.SH,20121018,6.04,6.45,6.0,6.24,6.09,0.15,2.46,149616.35,93138.228
600299.SH,20121017,6.15,6.24,6.0,6.09,6.2,-0.11,-1.77,122617.42,74540.115
600299.SH,20121016,6.18,6.58,6.06,6.2,6.28,-0.08,-1.27,156890.69,99026.862
600299.SH,20121015,6.26,6.3,6.0,6.28,6.4,-0.12,-1.88,141779.59,87540.327
600299.SH,20121012,6.08,6.5,6.0,6.4,6.14,0.26,4.23,244927.09,154276.942
600299.SH,20121011,6.23,6.35,6.0,6.14,6.36,-0.22,-3.46,210212.52,129588.036
600299.SH,20121010,6.28,6.78,6.13,6.36,6.51,-0.15,-2.3,331873.77,213216.114
600299.SH,20121008,5.91,6.8,5.9,6.51,6.19,0.32,5.17,356805.55,226895.751
600299.SH,20120928,6.02,6.25,5.8,6.19,5.68,0.51,8.98,336686.55,204743.378
600299.SH,20120927,5.09,5.68,5.03,5.68,5.16,0.52,10.08,96059.73,53270.177
600299.SH,20120926,5.03,5.46,5.01,5.16,5.05,0.11,2.18,81427.98,42745.508
600299.SH,20120925,5.03,5.09,4.95,5.05,5.08,-0.03,-0.59,27444.62,13801.477
600299.SH,20120924,4.99,5.15,4.85,5.08,5.0,0.08,1.6,34052.15,17008.758
600299.SH,20120921,5.14,5.2,4.94,5.0,5.17,-0.17,-3.29,47091.96,23866.078
600299.SH,20120920,5.44,5.52,5.12,5.17,5.49,-0.32,-5.83,52075.48,28062.39
600299.SH,20120919,5.43,5.53,5.35,5.49,5.43,0.06,1.11,33909.24,18438.325
600299.SH,20120918,5.37,5.55,5.31,5.43,5.4,0.03,0.56,40051.6,21816.209
600299.SH,20120917,5.6,5.63,5.36,5.4,5.58,-0.18,-3.23,41091.69,22391.552
600299.SH,20120914,5.75,5.78,5.46,5.58,5.69,-0.11,-1.93,86770.37,48529.96
600299.SH,20120913,5.94,6.08,5.67,5.69,5.93,-0.24,-4.05,122029.84,72058.355
600299.SH,20120912,5.8,5.94,5.7,5.93,5.8,0.13,2.24,117827.46,68798.062
600299.SH,20120911,5.7,5.94,5.66,5.8,5.8,0.0,0.0,151039.85,88028.798
600299.SH,20120910,5.59,5.84,5.41,5.8,5.64,0.16,2.84,150515.8,84860.683
600299.SH,20120907,5.53,5.74,5.52,5.64,5.55,0.09,1.62,120312.43,67704.662
600299.SH,20120906,5.57,5.67,5.4,5.55,5.62,-0.07,-1.25,111140.03,61345.233
600299.SH,20120905,5.77,5.84,5.55,5.62,5.88,-0.26,-4.42,134657.7,76282.5
600299.SH,20120904,5.78,6.08,5.72,5.88,5.91,-0.03,-0.51,191334.57,113019.566
600299.SH,20120903,5.7,6.09,5.64,5.91,5.58,0.33,5.91,252093.82,147348.062
600299.SH,20120831,4.9,5.58,4.9,5.58,5.07,0.51,10.06,90063.33,48693.0
600299.SH,20120830,5.3,5.38,5.04,5.07,5.6,-0.53,-9.46,225077.4,116498.762
600299.SH,20120827,5.38,5.6,5.34,5.6,5.33,0.27,5.07,88830.21,48967.36
600299.SH,20120824,5.08,5.33,4.84,5.33,5.08,0.25,4.92,188212.17,99649.077
600299.SH,20120822,5.08,5.08,5.08,5.08,4.84,0.24,4.96,19183.79,9745.365
600299.SH,20120821,4.84,4.84,4.84,4.84,4.61,0.23,4.99,14753.4,7140.646
600299.SH,20120820,4.47,4.73,4.47,4.61,4.5,0.11,2.44,39324.04,18242.973
600299.SH,20120817,4.58,4.58,4.44,4.5,4.59,-0.09,-1.96,32699.44,14736.823
600299.SH,20120816,4.36,4.59,4.36,4.59,4.37,0.22,5.03,49165.29,22358.99
600299.SH,20120815,4.39,4.46,4.36,4.37,4.41,-0.04,-0.91,16521.39,7282.776
600299.SH,20120814,4.35,4.42,4.3,4.41,4.4,0.01,0.23,32289.99,14093.27
600299.SH,20120813,4.62,4.63,4.4,4.4,4.63,-0.23,-4.97,33010.19,14731.735
600299.SH,20120810,4.62,4.67,4.6,4.63,4.63,0.0,0.0,20076.03,9303.033
600299.SH,20120809,4.56,4.66,4.53,4.63,4.56,0.07,1.54,24606.96,11352.376
600299.SH,20120808,4.61,4.62,4.53,4.56,4.6,-0.04,-0.87,25312.91,11562.581
600299.SH,20120807,4.56,4.66,4.53,4.6,4.56,0.04,0.88,33910.93,15606.648
600299.SH,20120806,4.46,4.57,4.42,4.56,4.47,0.09,2.01,25624.15,11561.584
600299.SH,20120803,4.44,4.48,4.29,4.47,4.45,0.02,0.45,37343.83,16520.758
600299.SH,20120801,4.45,4.53,4.45,4.45,4.68,-0.23,-4.91,95236.46,42504.647
600299.SH,20120731,4.68,4.68,4.68,4.68,4.93,-0.25,-5.07,11187.0,5235.516
600299.SH,20120730,4.93,4.93,4.93,4.93,5.19,-0.26,-5.01,23430.0,11550.99
600299.SH,20120727,5.2,5.25,5.16,5.19,5.18,0.01,0.19,18127.23,9412.929
600299.SH,20120726,5.27,5.29,5.14,5.18,5.27,-0.09,-1.71,37734.46,19711.228
600299.SH,20120725,4.98,5.27,4.97,5.27,5.02,0.25,4.98,55744.89,29193.153
600299.SH,20120724,4.92,5.09,4.92,5.02,4.98,0.04,0.8,19492.58,9783.231
600299.SH,20120723,5.05,5.08,4.96,4.98,5.09,-0.11,-2.16,20423.69,10233.548
600299.SH,20120720,5.09,5.17,5.07,5.09,5.12,-0.03,-0.59,18666.13,9561.357
600299.SH,20120719,5.0,5.17,4.98,5.12,5.01,0.11,2.2,34613.95,17641.708
600299.SH,20120718,4.96,5.02,4.9,5.01,4.98,0.03,0.6,25457.5,12638.702
600299.SH,20120717,5.02,5.1,4.91,4.98,5.17,-0.19,-3.68,42699.31,21245.047
600299.SH,20120716,5.19,5.26,5.17,5.17,5.44,-0.27,-4.96,27528.0,14253.824
600299.SH,20120713,5.46,5.54,5.43,5.44,5.51,-0.07,-1.27,21226.29,11635.816
600299.SH,20120712,5.46,5.53,5.4,5.51,5.46,0.05,0.92,16035.42,8756.867
600299.SH,20120711,5.44,5.48,5.39,5.46,5.43,0.03,0.55,14161.45,7693.49
600299.SH,20120710,5.4,5.46,5.37,5.43,5.45,-0.02,-0.37,19971.46,10816.967
600299.SH,20120709,5.68,5.7,5.42,5.45,5.71,-0.26,-4.55,24794.01,13789.019
600299.SH,20120706,5.7,5.74,5.55,5.71,5.65,0.06,1.06,23892.15,13453.797
600299.SH,20120705,5.86,5.86,5.64,5.65,5.85,-0.2,-3.42,20837.39,11885.57
600299.SH,20120704,5.9,5.95,5.83,5.85,5.89,-0.04,-0.68,13980.78,8216.797
600299.SH,20120703,5.96,6.0,5.87,5.89,5.96,-0.07,-1.17,19927.78,11801.686
600299.SH,20120702,5.87,5.96,5.8,5.96,5.81,0.15,2.58,24303.58,14289.148
600299.SH,20120629,5.74,5.82,5.67,5.81,5.76,0.05,0.87,23625.44,13601.391
600299.SH,20120628,5.9,5.9,5.76,5.76,5.84,-0.08,-1.37,18816.86,10979.561
600299.SH,20120627,5.92,5.97,5.83,5.84,5.92,-0.08,-1.35,17025.19,10073.565
600299.SH,20120626,5.86,5.98,5.82,5.92,5.91,0.01,0.17,21014.67,12419.218
600299.SH,20120625,6.04,6.06,5.9,5.91,6.1,-0.19,-3.11,28679.0,17128.429
600299.SH,20120621,6.2,6.23,6.09,6.1,6.25,-0.15,-2.4,30946.91,18968.106
600299.SH,20120620,6.31,6.34,6.23,6.25,6.28,-0.03,-0.48,24231.7,15218.525
600299.SH,20120619,6.35,6.37,6.25,6.28,6.38,-0.1,-1.57,36011.13,22657.369
600299.SH,20120618,6.31,6.41,6.28,6.38,6.31,0.07,1.11,28437.54,18104.91
600299.SH,20120615,6.28,6.32,6.22,6.31,6.28,0.03,0.48,25041.65,15733.886
600299.SH,20120614,6.3,6.31,6.23,6.28,6.3,-0.02,-0.32,22305.95,13984.969
600299.SH,20120613,6.17,6.31,6.16,6.3,6.17,0.13,2.11,24276.17,15170.99
600299.SH,20120612,6.19,6.2,6.14,6.17,6.24,-0.07,-1.12,17515.34,10807.892
600299.SH,20120611,6.24,6.26,6.1,6.24,6.2,0.04,0.65,26406.03,16384.688
600299.SH,20120608,6.34,6.34,6.19,6.2,6.26,-0.06,-0.96,24107.59,15132.984
600299.SH,20120607,6.31,6.37,6.26,6.26,6.27,-0.01,-0.16,23100.48,14597.602
600299.SH,20120606,6.28,6.36,6.22,6.27,6.29,-0.02,-0.32,20697.12,13041.371
600299.SH,20120605,6.26,6.32,6.25,6.29,6.26,0.03,0.48,22716.15,14258.062
600299.SH,20120604,6.47,6.47,6.26,6.26,6.59,-0.33,-5.01,46534.58,29549.711
600299.SH,20120601,6.51,6.59,6.49,6.59,6.53,0.06,0.92,26652.32,17465.224
600299.SH,20120531,6.46,6.57,6.4,6.53,6.53,0.0,0.0,25173.38,16392.54
600299.SH,20120530,6.52,6.59,6.45,6.53,6.52,0.01,0.15,26883.71,17501.847
600299.SH,20120529,6.4,6.56,6.36,6.52,6.41,0.11,1.72,31792.67,20598.416
600299.SH,20120528,6.4,6.43,6.22,6.41,6.38,0.03,0.47,32095.25,20312.356
600299.SH,20120525,6.6,6.62,6.37,6.38,6.58,-0.2,-3.04,34267.55,22097.192
600299.SH,20120524,6.54,6.68,6.54,6.58,6.62,-0.04,-0.6,26584.78,17563.369
600299.SH,20120523,6.71,6.71,6.57,6.62,6.74,-0.12,-1.78,29785.56,19788.905
600299.SH,20120522,6.55,6.8,6.54,6.74,6.52,0.22,3.37,50920.1,33961.793
600299.SH,20120521,6.55,6.59,6.46,6.52,6.56,-0.04,-0.61,21691.53,14161.014
600299.SH,20120518,6.51,6.61,6.51,6.56,6.58,-0.02,-0.3,23726.15,15554.567
600299.SH,20120517,6.49,6.61,6.49,6.58,6.49,0.09,1.39,26418.29,17318.121
600299.SH,20120516,6.52,6.55,6.48,6.49,6.55,-0.06,-0.92,25459.74,16565.868
600299.SH,20120515,6.64,6.64,6.48,6.55,6.69,-0.14,-2.09,35060.73,22924.432
600299.SH,20120514,6.76,6.78,6.66,6.69,6.72,-0.03,-0.45,32141.85,21566.218
600299.SH,20120511,6.66,6.76,6.66,6.72,6.66,0.06,0.9,33832.63,22715.798
600299.SH,20120510,6.66,6.76,6.65,6.66,6.68,-0.02,-0.3,33943.31,22734.927
600299.SH,20120509,6.89,6.89,6.67,6.68,6.89,-0.21,-3.05,47964.41,32393.64
600299.SH,20120507,6.79,6.9,6.74,6.89,6.83,0.06,0.88,44827.04,30505.583
600299.SH,20120504,6.63,6.84,6.62,6.83,6.66,0.17,2.55,67127.41,45465.774
600299.SH,20120503,6.63,6.72,6.6,6.66,6.68,-0.02,-0.3,50650.98,33715.592
600299.SH,20120502,6.59,6.72,6.45,6.68,6.6,0.08,1.21,87617.72,57762.334
600299.SH,20120427,6.56,6.66,6.55,6.6,6.58,0.02,0.3,45505.74,30080.161
600299.SH,20120426,6.72,6.75,6.51,6.58,6.71,-0.13,-1.94,74220.19,49093.609
600299.SH,20120425,6.68,6.78,6.62,6.71,6.68,0.03,0.45,60738.54,40743.169
600299.SH,20120424,6.75,6.89,6.61,6.68,6.96,-0.28,-4.02,71247.33,47882.668
600299.SH,20120423,7.31,7.33,6.96,6.96,7.33,-0.37,-5.05,94100.97,66747.766
600299.SH,20120420,7.27,7.34,7.22,7.33,7.28,0.05,0.69,62094.98,45176.713
600299.SH,20120419,7.33,7.36,7.24,7.28,7.37,-0.09,-1.22,62002.36,45171.911
600299.SH,20120418,7.31,7.38,7.21,7.37,7.32,0.05,0.68,79048.11,57773.712
600299.SH,20120417,7.33,7.45,7.24,7.32,7.33,-0.01,-0.14,69289.2,50707.709
600299.SH,20120416,7.45,7.53,7.2,7.33,7.45,-0.12,-1.61,85646.63,62734.086
600299.SH,20120412,7.31,7.51,7.31,7.45,7.69,-0.24,-3.12,177692.71,130727.409
600299.SH,20120411,7.69,7.74,7.69,7.69,8.09,-0.4,-4.94,79541.89,61173.137
600299.SH,20120410,8.1,8.19,7.74,8.09,8.15,-0.06,-0.74,52052.25,41377.622
600299.SH,20120409,8.01,8.23,7.91,8.15,8.0,0.15,1.88,46977.38,38109.092
600299.SH,20120406,7.89,8.09,7.82,8.0,7.89,0.11,1.39,35755.57,28604.794
600299.SH,20120405,7.65,7.93,7.64,7.89,7.63,0.26,3.41,27422.3,21482.502
600299.SH,20120330,7.73,7.76,7.51,7.63,7.71,-0.08,-1.04,31515.63,24032.506
600299.SH,20120329,7.88,7.95,7.71,7.71,8.12,-0.41,-5.05,61973.86,47960.83
600299.SH,20120328,8.54,8.55,8.12,8.12,8.55,-0.43,-5.03,45340.31,37147.782
600299.SH,20120327,8.68,8.77,8.41,8.55,8.65,-0.1,-1.16,39277.71,33865.671
600299.SH,20120326,8.4,8.73,8.38,8.65,8.43,0.22,2.61,55768.68,48094.624
600299.SH,20120323,8.48,8.64,8.34,8.43,8.49,-0.06,-0.71,46358.83,39377.597
600299.SH,20120322,8.66,8.66,8.43,8.49,8.59,-0.1,-1.16,33674.7,28659.833
600299.SH,20120321,8.69,8.77,8.51,8.59,8.67,-0.08,-0.92,47572.12,40962.069
600299.SH,20120320,8.58,8.93,8.49,8.67,8.58,0.09,1.05,78711.76,68464.992
600299.SH,20120319,8.37,8.64,8.36,8.58,8.41,0.17,2.02,46947.11,39813.842
600299.SH,20120316,8.21,8.42,8.18,8.41,8.22,0.19,2.31,46975.99,39068.203
600299.SH,20120315,8.55,8.66,8.19,8.22,8.62,-0.4,-4.64,73090.77,60844.53
600299.SH,20120314,9.13,9.26,8.62,8.62,9.07,-0.45,-4.96,105410.51,94311.464
600299.SH,20120313,9.04,9.13,8.95,9.07,9.05,0.02,0.22,47470.85,42905.759
600299.SH,20120312,8.9,9.2,8.9,9.05,8.94,0.11,1.23,54933.47,49799.809
600299.SH,20120309,8.8,8.95,8.75,8.94,8.77,0.17,1.94,43619.63,38681.63
600299.SH,20120308,8.62,8.82,8.62,8.77,8.63,0.14,1.62,37154.25,32478.506
600299.SH,20120307,8.64,8.88,8.59,8.63,8.75,-0.12,-1.37,50248.21,43680.013
600299.SH,20120306,9.0,9.06,8.68,8.75,9.01,-0.26,-2.89,75245.1,66233.403
600299.SH,20120305,8.91,9.18,8.89,9.01,8.93,0.08,0.9,62177.27,56107.747
600299.SH,20120302,8.88,8.97,8.82,8.93,8.81,0.12,1.36,57706.46,51416.533
600299.SH,20120301,8.62,8.91,8.57,8.81,8.73,0.08,0.92,77215.78,67725.468
600299.SH,20120229,8.53,8.98,8.46,8.73,8.55,0.18,2.11,112179.34,99256.716
600299.SH,20120228,8.52,8.64,8.4,8.55,8.56,-0.01,-0.12,59311.45,50572.64
600299.SH,20120227,8.52,8.79,8.52,8.56,8.52,0.04,0.47,65156.16,56491.988
600299.SH,20120224,8.42,8.54,8.41,8.52,8.48,0.04,0.47,50923.17,43237.394
600299.SH,20120223,8.64,8.75,8.38,8.48,8.64,-0.16,-1.85,72606.2,62002.83
600299.SH,20120222,8.45,8.66,8.43,8.64,8.49,0.15,1.77,48028.3,41161.207
600299.SH,20120221,8.26,8.53,8.2,8.49,8.28,0.21,2.54,44364.07,37019.997
600299.SH,20120220,8.4,8.46,8.28,8.28,8.28,0.0,0.0,36311.9,30412.179
600299.SH,20120217,8.48,8.5,8.23,8.28,8.47,-0.19,-2.24,58291.04,48583.397
600299.SH,20120216,8.62,8.7,8.4,8.47,8.66,-0.19,-2.19,50465.66,42987.53
600299.SH,20120215,8.47,8.87,8.4,8.66,8.49,0.17,2.0,52305.85,45285.137
600299.SH,20120214,8.43,8.5,8.31,8.49,8.43,0.06,0.71,39005.63,32793.792
600299.SH,20120213,8.2,8.49,8.1,8.43,8.25,0.18,2.18,59523.92,49775.142
600299.SH,20120210,8.19,8.33,8.14,8.25,8.2,0.05,0.61,53076.05,43702.407
600299.SH,20120209,8.2,8.35,8.05,8.2,8.14,0.06,0.74,64653.53,52952.176
600299.SH,20120208,7.99,8.16,7.83,8.14,8.04,0.1,1.24,69726.8,56040.593
600299.SH,20120207,8.26,8.3,7.89,8.04,8.3,-0.26,-3.13,92160.13,74061.596
600299.SH,20120206,7.92,8.3,7.92,8.3,7.9,0.4,5.06,120736.59,99067.488
600299.SH,20120203,7.72,8.0,7.67,7.9,7.7,0.2,2.6,67785.73,53490.72
600299.SH,20120202,7.64,7.75,7.51,7.7,7.65,0.05,0.65,52197.94,39851.924
600299.SH,20120201,7.54,7.89,7.52,7.65,7.6,0.05,0.66,110446.15,85490.693
600299.SH,20120131,7.34,7.67,7.21,7.6,7.36,0.24,3.26,65937.61,49440.727
600299.SH,20120130,7.25,7.5,7.17,7.36,7.2,0.16,2.22,46938.74,34505.117
600299.SH,20120120,7.14,7.24,7.11,7.2,7.11,0.09,1.27,30462.06,21880.072
600299.SH,20120119,7.03,7.16,6.92,7.11,6.99,0.12,1.72,32578.07,23048.427
600299.SH,20120118,7.12,7.27,6.97,6.99,7.1,-0.11,-1.55,52624.24,37594.916
600299.SH,20120117,6.68,7.1,6.68,7.1,6.76,0.34,5.03,46138.85,32360.996
600299.SH,20120116,6.98,7.06,6.75,6.76,7.1,-0.34,-4.79,26015.77,17955.017
600299.SH,20120113,7.41,7.41,7.05,7.1,7.4,-0.3,-4.05,45014.39,32297.788
600299.SH,20120112,7.34,7.51,7.27,7.4,7.38,0.02,0.27,58048.24,43006.913
600299.SH,20120111,7.45,7.51,7.33,7.38,7.47,-0.09,-1.2,46346.76,34340.65
600299.SH,20120110,7.16,7.48,7.11,7.47,7.16,0.31,4.33,48748.52,35760.424
600299.SH,20120109,6.8,7.17,6.69,7.16,6.83,0.33,4.83,43442.43,30571.396
600299.SH,20120106,6.75,6.85,6.5,6.83,6.83,0.0,0.0,38813.96,25703.557
600299.SH,20120105,7.2,7.24,6.83,6.83,7.19,-0.36,-5.01,35849.2,25090.603
600299.SH,20120104,7.45,7.6,7.18,7.19,7.38,-0.19,-2.57,26629.7,19707.906
600299.SH,20111230,7.22,7.43,7.2,7.38,7.21,0.17,2.36,25329.52,18573.745
600299.SH,20111229,7.31,7.49,7.18,7.21,7.33,-0.12,-1.64,41501.45,30318.954
600299.SH,20111228,7.15,7.34,7.1,7.33,7.21,0.12,1.66,24712.9,17808.385
600299.SH,20111227,7.37,7.43,7.1,7.21,7.38,-0.17,-2.3,27191.16,19789.511
600299.SH,20111226,7.55,7.68,7.36,7.38,7.51,-0.13,-1.73,42325.68,31916.589
600299.SH,20111223,7.18,7.51,7.11,7.51,7.15,0.36,5.04,30681.86,22898.376
600299.SH,20111222,7.4,7.4,7.1,7.15,7.47,-0.32,-4.28,42931.47,30700.419
600299.SH,20111221,7.75,7.78,7.46,7.47,7.75,-0.28,-3.61,40473.16,30960.991
600299.SH,20111220,7.4,7.75,7.32,7.75,7.38,0.37,5.01,55565.42,42917.692
600299.SH,20111219,7.38,7.44,7.2,7.38,7.48,-0.1,-1.34,23142.63,16931.638
600299.SH,20111216,7.27,7.5,7.23,7.48,7.26,0.22,3.03,31069.54,22819.967
600299.SH,20111215,7.35,7.41,7.23,7.26,7.55,-0.29,-3.84,36257.08,26535.554
600299.SH,20111214,7.88,7.94,7.55,7.55,7.95,-0.4,-5.03,45637.28,35020.97
600299.SH,20111213,8.31,8.35,7.95,7.95,8.37,-0.42,-5.02,38185.33,30615.073
600299.SH,20111212,8.49,8.5,8.36,8.37,8.43,-0.06,-0.71,15078.19,12698.181
600299.SH,20111209,8.48,8.57,8.4,8.43,8.52,-0.09,-1.06,13894.39,11768.575
600299.SH,20111208,8.53,8.6,8.36,8.52,8.52,0.0,0.0,21184.84,17953.745
600299.SH,20111207,8.4,8.58,8.4,8.52,8.49,0.03,0.35,17896.39,15253.937
600299.SH,20111206,8.48,8.58,8.33,8.49,8.47,0.02,0.24,27069.62,22844.753
600299.SH,20111205,8.92,8.93,8.46,8.47,8.9,-0.43,-4.83,30626.42,26215.62
600299.SH,20111202,9.1,9.16,8.8,8.9,9.26,-0.36,-3.89,43275.75,38763.645
600299.SH,20111201,9.4,9.6,9.24,9.26,9.24,0.02,0.22,49889.61,46931.281
600299.SH,20111130,9.72,9.72,9.24,9.24,9.73,-0.49,-5.04,37854.07,35498.797
600299.SH,20111129,9.63,9.78,9.5,9.73,9.53,0.2,2.1,29388.21,28358.688
600299.SH,20111128,9.6,9.65,9.45,9.53,9.54,-0.01,-0.1,25159.83,23945.744
600299.SH,20111125,9.69,9.79,9.47,9.54,9.65,-0.11,-1.14,27005.57,25872.999
600299.SH,20111124,9.63,9.77,9.44,9.65,9.76,-0.11,-1.13,28090.59,27027.279
600299.SH,20111123,9.76,9.89,9.74,9.76,9.81,-0.05,-0.51,24235.6,23783.504
600299.SH,20111121,9.99,10.02,9.65,9.81,9.95,-0.14,-1.41,39050.04,38228.893
600299.SH,20111118,10.25,10.36,9.95,9.95,10.37,-0.42,-4.05,45411.59,45954.101
600299.SH,20111117,10.29,10.53,10.25,10.37,10.28,0.09,0.88,40445.46,42047.202
600299.SH,20111116,10.75,10.78,10.27,10.28,10.73,-0.45,-4.19,50215.38,52701.797
600299.SH,20111115,10.55,10.8,10.5,10.73,10.55,0.18,1.71,51925.84,55531.746
600299.SH,20111114,10.42,10.58,10.39,10.55,10.32,0.23,2.23,36471.06,38380.341
600299.SH,20111111,10.42,10.48,10.26,10.32,10.4,-0.08,-0.77,39067.06,40526.077
600299.SH,20111110,10.64,10.65,10.39,10.4,10.76,-0.36,-3.35,54569.06,57365.232
600299.SH,20111109,10.74,10.78,10.5,10.76,10.69,0.07,0.65,47623.85,50814.486
600299.SH,20111108,10.67,10.88,10.6,10.69,10.66,0.03,0.28,49830.68,53430.051
600299.SH,20111107,10.66,10.78,10.57,10.66,10.64,0.02,0.19,44248.8,47180.499
600299.SH,20111104,10.51,10.82,10.45,10.64,10.46,0.18,1.72,71820.46,76323.723
600299.SH,20111103,10.88,10.99,10.41,10.46,10.54,-0.08,-0.76,138814.17,148603.503
600299.SH,20111102,9.86,10.54,9.82,10.54,10.04,0.5,4.98,92392.46,95016.4
600299.SH,20111101,9.77,10.05,9.73,10.04,9.92,0.12,1.21,64901.53,64475.176
600299.SH,20111031,9.99,9.99,9.71,9.92,10.14,-0.22,-2.17,92546.55,91285.711
600299.SH,20111028,10.14,10.25,10.02,10.14,10.03,0.11,1.1,92966.3,94147.553
600299.SH,20111027,10.09,10.21,9.98,10.03,10.08,-0.05,-0.5,42444.78,42787.625
600299.SH,20111026,9.98,10.2,9.94,10.08,10.09,-0.01,-0.1,66434.96,67111.641
600299.SH,20111025,9.8,10.15,9.69,10.09,9.82,0.27,2.75,69708.82,69585.328
600299.SH,20111024,9.7,9.88,9.33,9.82,9.76,0.06,0.61,75804.73,73070.759
600299.SH,20111021,10.25,10.28,9.76,9.76,10.27,-0.51,-4.97,72873.11,72295.879
600299.SH,20111020,10.7,10.77,10.27,10.27,10.81,-0.54,-5.0,70289.91,72756.97
600299.SH,20111019,10.83,10.96,10.62,10.81,10.8,0.01,0.09,64143.59,69227.506
600299.SH,20111018,11.2,11.3,10.8,10.8,11.37,-0.57,-5.01,82236.15,91098.333
600299.SH,20111017,11.1,11.4,10.78,11.37,11.12,0.25,2.25,106161.91,118471.638
600299.SH,20111014,11.61,11.71,11.12,11.12,11.71,-0.59,-5.04,194559.39,218292.383
600299.SH,20111013,11.95,12.09,11.56,11.71,11.98,-0.27,-2.25,182980.89,216412.893
600299.SH,20111012,11.59,12.0,11.37,11.98,11.66,0.32,2.74,102544.22,120999.706
600299.SH,20111011,12.15,12.24,11.46,11.66,11.83,-0.17,-1.44,48781.08,57905.196
600299.SH,20111010,11.73,11.9,11.58,11.83,11.72,0.11,0.94,43579.57,51342.07
600299.SH,20110930,11.74,11.97,11.37,11.72,11.76,-0.04,-0.34,53552.0,62469.832
600299.SH,20110929,12.02,12.04,11.65,11.76,12.15,-0.39,-3.21,57523.51,68178.72
600299.SH,20110928,12.35,12.64,12.06,12.15,12.24,-0.09,-0.74,63434.85,78302.473
600299.SH,20110927,12.68,12.75,12.0,12.24,12.58,-0.34,-2.7,86550.36,106908.672
600299.SH,20110926,13.01,13.17,12.58,12.58,13.24,-0.66,-4.98,86207.87,110556.434
600299.SH,20110923,12.75,13.6,12.55,13.24,13.05,0.19,1.46,150438.05,197829.623
600299.SH,20110922,13.8,13.8,13.02,13.05,13.19,-0.14,-1.06,218684.52,293767.604
600299.SH,20110921,12.85,13.19,12.8,13.19,12.56,0.63,5.02,81602.98,106551.821
600299.SH,20110920,11.9,12.56,11.89,12.56,11.96,0.6,5.02,73636.26,91598.309
600299.SH,20110919,12.2,12.2,11.91,11.96,12.26,-0.3,-2.45,32610.42,39230.079
600299.SH,20110916,12.2,12.45,12.12,12.26,12.16,0.1,0.82,54338.8,66942.549
600299.SH,20110915,12.05,12.37,11.96,12.16,12.01,0.15,1.25,66394.01,81147.437
600299.SH,20110914,11.76,12.02,11.46,12.01,11.67,0.34,2.91,56147.79,65954.274
600299.SH,20110913,11.98,11.98,11.53,11.67,12.14,-0.47,-3.87,90253.13,104972.618
600299.SH,20110909,12.43,12.53,11.9,12.14,12.41,-0.27,-2.18,61640.83,75174.602
600299.SH,20110908,12.77,12.79,12.4,12.41,12.65,-0.24,-1.9,41474.8,52249.718
600299.SH,20110907,12.41,12.76,12.4,12.65,12.4,0.25,2.02,41798.6,52630.733
600299.SH,20110906,12.62,12.65,12.19,12.4,12.83,-0.43,-3.35,83283.02,102636.034
600299.SH,20110905,13.43,13.54,12.83,12.83,13.51,-0.68,-5.03,72885.62,94548.603
600299.SH,20110902,13.3,13.65,13.21,13.51,13.32,0.19,1.43,56374.83,76041.603
600299.SH,20110901,13.25,13.59,13.24,13.32,13.24,0.08,0.6,42632.47,57113.876
600299.SH,20110831,13.56,13.68,12.94,13.24,13.55,-0.31,-2.29,62926.08,83213.392
600299.SH,20110830,13.79,13.89,13.51,13.55,13.64,-0.09,-0.66,63360.63,86603.611
600299.SH,20110829,13.5,13.88,13.5,13.64,13.58,0.06,0.44,63690.82,87383.108
600299.SH,20110826,13.4,13.65,13.25,13.58,13.41,0.17,1.27,52584.94,70843.162
600299.SH,20110825,13.12,13.42,13.08,13.41,13.08,0.33,2.52,49104.43,65243.241
600299.SH,20110824,13.24,13.24,12.98,13.08,13.05,0.03,0.23,38054.03,49906.077
600299.SH,20110823,12.7,13.12,12.7,13.05,12.72,0.33,2.59,42973.14,55703.185
600299.SH,20110822,12.9,13.16,12.63,12.72,12.88,-0.16,-1.24,55381.65,71104.835
600299.SH,20110819,13.0,13.2,12.65,12.88,13.29,-0.41,-3.09,70926.53,91403.418
600299.SH,20110818,13.55,13.73,13.27,13.29,13.51,-0.22,-1.63,47229.15,63622.106
600299.SH,20110817,13.59,13.76,13.28,13.51,13.59,-0.08,-0.59,56287.27,76035.586
600299.SH,20110816,13.9,14.15,13.57,13.59,14.01,-0.42,-3.0,70774.29,97842.948
600299.SH,20110815,13.7,14.07,13.6,14.01,13.6,0.41,3.01,63816.97,88588.247
600299.SH,20110812,13.7,14.04,13.56,13.6,13.63,-0.03,-0.22,87160.99,120039.266
600299.SH,20110811,12.74,13.76,12.71,13.63,13.1,0.53,4.05,97079.64,129538.322
600299.SH,20110810,13.26,13.52,13.07,13.1,13.07,0.03,0.23,71960.96,95632.868
600299.SH,20110809,12.64,13.26,12.63,13.07,13.29,-0.22,-1.66,97997.29,125786.115
600299.SH,20110808,13.86,13.86,13.29,13.29,13.99,-0.7,-5.0,78845.73,105851.211
600299.SH,20110805,13.5,14.3,13.46,13.99,14.07,-0.08,-0.57,66718.44,93174.257
600299.SH,20110804,13.8,14.36,13.76,14.07,13.77,0.3,2.18,66943.96,94231.94
600299.SH,20110803,13.67,14.08,13.57,13.77,13.86,-0.09,-0.65,61222.72,85099.499
600299.SH,20110802,14.23,14.24,13.66,13.86,14.38,-0.52,-3.62,155056.55,212998.477
600299.SH,20110801,14.37,14.58,14.3,14.38,14.6,-0.22,-1.51,65395.1,94312.341
600299.SH,20110729,15.51,15.51,14.6,14.6,15.37,-0.77,-5.01,135807.15,200658.932
600299.SH,20110728,15.23,15.49,15.1,15.37,15.32,0.05,0.33,92057.95,140628.283
600299.SH,20110727,14.76,15.49,14.64,15.32,14.89,0.43,2.89,119953.69,181562.066
600299.SH,20110726,14.72,14.99,14.31,14.89,14.78,0.11,0.74,137582.75,201353.753
600299.SH,20110725,15.02,15.56,14.68,14.78,15.04,-0.26,-1.73,192441.01,289919.283
600299.SH,20110722,15.02,15.66,15.01,15.04,15.06,-0.02,-0.13,107306.22,164240.905
600299.SH,20110721,15.22,15.33,14.85,15.06,15.33,-0.27,-1.76,130410.25,196285.196
600299.SH,20110720,15.31,15.77,15.22,15.33,15.45,-0.12,-0.78,105206.68,162327.331
600299.SH,20110719,15.07,15.98,14.86,15.45,15.22,0.23,1.51,205257.92,316691.077
600299.SH,20110718,15.6,15.7,14.83,15.22,15.03,0.19,1.26,311069.86,473844.67
600299.SH,20110715,14.8,15.03,14.32,15.03,14.31,0.72,5.03,91018.76,136780.9
600299.SH,20110713,13.89,14.31,13.63,14.31,13.63,0.68,4.99,144451.82,202131.169
600299.SH,20110712,13.3,13.9,13.25,13.63,13.24,0.39,2.95,278468.05,383055.781
600299.SH,20110711,12.6,13.24,12.51,13.24,12.61,0.63,5.0,150814.03,196920.497
600299.SH,20110708,12.58,12.88,12.58,12.61,13.24,-0.63,-4.76,197203.99,249762.241
600299.SH,20110706,13.11,13.28,13.01,13.24,13.17,0.07,0.53,71982.38,94795.437
600299.SH,20110705,12.94,13.34,12.8,13.17,12.94,0.23,1.78,105771.3,139099.588
600299.SH,20110704,12.62,12.98,12.58,12.94,12.61,0.33,2.62,83002.64,106010.488
600299.SH,20110701,12.72,12.79,12.45,12.61,12.72,-0.11,-0.86,73103.24,91964.072
600299.SH,20110630,12.65,12.92,12.6,12.72,12.69,0.03,0.24,79265.73,101073.9
600299.SH,20110629,12.62,12.94,12.53,12.69,12.61,0.08,0.63,69229.91,87960.102
600299.SH,20110628,12.61,12.99,12.46,12.61,12.68,-0.07,-0.55,68116.43,86291.582
600299.SH,20110627,12.45,12.75,12.34,12.68,12.45,0.23,1.85,59482.67,74686.902
600299.SH,20110624,12.11,12.64,12.11,12.45,12.22,0.23,1.88,75344.42,93133.332
600299.SH,20110623,11.5,12.22,11.43,12.22,11.64,0.58,4.98,65794.55,77950.513
600299.SH,20110622,11.78,11.87,11.52,11.64,11.81,-0.17,-1.44,42653.71,49879.358
600299.SH,20110621,11.4,11.85,11.39,11.81,11.39,0.42,3.69,56208.28,65139.692
600299.SH,20110620,11.82,11.88,11.33,11.39,11.93,-0.54,-4.53,61832.93,70983.432
600299.SH,20110617,12.0,12.16,11.9,11.93,12.01,-0.08,-0.67,46319.94,55719.964
600299.SH,20110616,12.25,12.25,11.79,12.01,12.3,-0.29,-2.36,59508.77,71721.601
600299.SH,20110615,12.5,12.56,12.27,12.3,12.53,-0.23,-1.84,51375.52,63828.82
600299.SH,20110614,12.4,12.69,12.35,12.53,12.47,0.06,0.48,56524.25,70699.043
600299.SH,20110613,12.25,12.63,12.21,12.47,12.43,0.04,0.32,74876.35,93368.978
600299.SH,20110610,12.11,12.56,11.85,12.43,12.43,0.0,0.0,92617.85,112522.243
600299.SH,20110608,11.85,12.49,11.8,12.43,11.91,0.52,4.37,88678.19,107568.168
600299.SH,20110607,11.65,12.01,11.56,11.91,11.67,0.24,2.06,86355.01,102380.883
600299.SH,20110603,11.15,11.67,11.15,11.67,11.11,0.56,5.04,75667.35,87065.698
600299.SH,20110602,11.5,11.54,11.1,11.11,11.68,-0.57,-4.88,81683.49,91414.375
600299.SH,20110601,11.54,11.78,11.48,11.68,11.59,0.09,0.78,49965.34,58198.089
600299.SH,20110531,11.34,11.65,11.22,11.59,11.36,0.23,2.02,56052.87,64345.081
600299.SH,20110530,11.76,11.9,11.36,11.36,11.96,-0.6,-5.02,56565.34,65767.392
600299.SH,20110527,12.52,12.64,11.96,11.96,12.59,-0.63,-5.0,79368.76,96187.831
600299.SH,20110526,12.99,13.13,12.51,12.59,12.96,-0.37,-2.85,68739.98,87968.504
600299.SH,20110525,13.09,13.29,12.8,12.96,13.07,-0.11,-0.84,67577.81,88354.015
600299.SH,20110524,13.36,13.55,13.05,13.07,13.54,-0.47,-3.47,94856.89,126010.483
600299.SH,20110523,14.12,14.25,13.54,13.54,14.25,-0.71,-4.98,75201.61,103435.029
600299.SH,20110520,13.79,14.42,13.62,14.25,13.82,0.43,3.11,73798.32,103829.552
600299.SH,20110519,14.02,14.19,13.72,13.82,14.05,-0.23,-1.64,63179.55,88313.724
600299.SH,20110518,13.95,14.17,13.84,14.05,14.03,0.02,0.14,52029.31,72891.177
600299.SH,20110517,14.7,14.7,14.01,14.03,14.75,-0.72,-4.88,109208.32,155625.552
600299.SH,20110516,14.57,14.86,14.45,14.75,14.74,0.01,0.07,94056.96,137846.815
600299.SH,20110513,14.12,14.82,14.05,14.74,14.11,0.63,4.46,158558.36,231641.379
600299.SH,20110512,14.33,14.62,14.1,14.11,14.56,-0.45,-3.09,122511.78,175879.1
600299.SH,20110511,13.95,14.78,13.84,14.56,14.08,0.48,3.41,199834.48,290845.457
600299.SH,20110510,14.07,14.15,13.81,14.08,14.17,-0.09,-0.64,70911.83,98974.565
600299.SH,20110509,14.06,14.3,13.9,14.17,14.19,-0.02,-0.14,82584.63,116569.917
600299.SH,20110506,13.76,14.29,13.71,14.19,14.0,0.19,1.36,110354.42,155319.582
600299.SH,20110505,13.55,14.09,13.3,14.0,13.73,0.27,1.97,75943.04,104346.866
600299.SH,20110504,13.95,14.08,13.7,13.73,13.93,-0.2,-1.44,75111.41,104228.466
600299.SH,20110503,13.6,14.1,13.5,13.93,13.56,0.37,2.73,81971.08,113461.572
600299.SH,20110429,12.92,13.56,12.92,13.56,12.91,0.65,5.03,68645.17,91579.0
600299.SH,20110428,13.44,13.49,12.8,12.91,13.3,-0.39,-2.93,53664.61,70190.358
600299.SH,20110427,13.4,13.69,13.16,13.3,13.37,-0.07,-0.52,40249.93,54030.816
600299.SH,20110426,13.31,13.58,13.05,13.37,13.56,-0.19,-1.4,44335.64,59106.492
600299.SH,20110425,13.98,14.0,13.55,13.56,14.01,-0.45,-3.21,47759.76,65504.058
600299.SH,20110422,14.38,14.4,13.9,14.01,14.33,-0.32,-2.23,71619.68,100825.581
600299.SH,20110420,14.29,14.58,14.1,14.33,14.44,-0.11,-0.76,95395.43,136745.225
600299.SH,20110419,13.59,14.45,13.42,14.44,13.76,0.68,4.94,133182.34,186341.95
600299.SH,20110418,13.92,14.11,13.65,13.76,13.94,-0.18,-1.29,113261.54,157508.415
600299.SH,20110415,13.56,13.95,13.46,13.94,13.65,0.29,2.12,72776.67,100151.09
600299.SH,20110414,13.44,13.84,13.3,13.65,13.47,0.18,1.34,63317.08,85820.786
600299.SH,20110413,13.27,13.6,13.16,13.47,13.1,0.37,2.82,55231.59,74204.753
600299.SH,20110412,13.11,13.26,13.0,13.1,13.11,-0.01,-0.08,36504.29,47890.303
600299.SH,20110411,13.25,13.45,13.08,13.11,13.28,-0.17,-1.28,43090.91,56974.575
600299.SH,20110408,12.89,13.31,12.82,13.28,12.92,0.36,2.79,50158.68,65658.147
600299.SH,20110407,12.76,13.04,12.73,12.92,12.81,0.11,0.86,44877.84,57920.145
600299.SH,20110406,12.88,12.94,12.67,12.81,12.95,-0.14,-1.08,35161.01,45031.782
600299.SH,20110401,12.55,12.99,12.41,12.95,12.72,0.23,1.81,52886.03,67027.232
600299.SH,20110331,13.2,13.39,12.72,12.72,13.39,-0.67,-5.0,60569.13,78584.202
600299.SH,20110330,13.5,13.63,13.11,13.39,13.6,-0.21,-1.54,53026.87,70903.084
600299.SH,20110329,13.89,14.19,13.45,13.6,13.93,-0.33,-2.37,81047.42,112091.914
600299.SH,20110328,13.45,14.1,13.41,13.93,13.49,0.44,3.26,92436.27,128154.092
600299.SH,20110325,13.26,13.5,13.14,13.49,13.35,0.14,1.05,57309.28,76222.266
600299.SH,20110324,13.5,13.55,13.2,13.35,13.38,-0.03,-0.22,54479.65,72682.502
600299.SH,20110323,13.3,13.55,13.17,13.38,13.26,0.12,0.91,52057.85,69350.365
600299.SH,20110322,13.23,13.38,13.13,13.26,13.25,0.01,0.08,57480.4,76121.954
600299.SH,20110321,13.08,13.46,13.08,13.25,13.22,0.03,0.23,69661.85,92613.222
600299.SH,20110318,12.84,13.43,12.8,13.22,12.84,0.38,2.96,81828.4,107926.979
600299.SH,20110317,12.68,13.05,12.51,12.84,12.76,0.08,0.63,71658.51,92146.079
600299.SH,20110316,12.52,12.77,12.46,12.76,12.59,0.17,1.35,36496.6,46188.735
600299.SH,20110315,12.75,12.85,12.26,12.59,12.74,-0.15,-1.18,55778.19,69576.696
600299.SH,20110314,12.61,12.93,12.61,12.74,12.52,0.22,1.76,46057.65,58836.494
600299.SH,20110311,12.6,12.69,12.48,12.52,12.6,-0.08,-0.63,34141.06,42849.892
600299.SH,20110310,12.82,12.82,12.55,12.6,12.84,-0.24,-1.87,36145.36,45624.255
600299.SH,20110309,12.95,13.0,12.72,12.84,12.94,-0.1,-0.77,47885.38,61452.138
600299.SH,20110308,13.02,13.07,12.82,12.94,13.0,-0.06,-0.46,35486.52,45734.192
600299.SH,20110307,12.82,13.08,12.77,13.0,12.79,0.21,1.64,52178.63,67508.359
600299.SH,20110304,12.6,12.83,12.51,12.79,12.63,0.16,1.27,33532.68,42570.447
600299.SH,20110303,12.66,12.93,12.53,12.63,12.73,-0.1,-0.79,36592.36,46499.638
600299.SH,20110302,12.6,12.76,12.41,12.73,12.7,0.03,0.24,38790.57,48809.708
600299.SH,20110301,12.65,12.78,12.53,12.7,12.65,0.05,0.4,42524.52,53856.299
600299.SH,20110228,12.65,12.68,12.43,12.65,12.59,0.06,0.48,30620.57,38477.215
600299.SH,20110225,12.35,12.68,12.26,12.59,12.42,0.17,1.37,32474.88,40568.36
600299.SH,20110224,12.24,12.48,12.2,12.42,12.34,0.08,0.65,32886.02,40425.454
600299.SH,20110223,12.15,12.41,12.1,12.34,12.19,0.15,1.23,38168.45,46875.336
600299.SH,20110222,12.79,12.83,12.19,12.19,12.83,-0.64,-4.99,70606.69,87556.4
600299.SH,20110221,13.1,13.1,12.58,12.83,12.77,0.06,0.47,94777.76,121304.366
600299.SH,20110218,12.29,12.77,12.29,12.77,12.16,0.61,5.02,67727.15,86205.825
600299.SH,20110217,11.98,12.18,11.9,12.16,11.98,0.18,1.5,44244.64,53189.667
600299.SH,20110216,11.83,12.0,11.76,11.98,11.9,0.08,0.67,31842.76,37852.377
600299.SH,20110215,11.95,12.06,11.82,11.9,12.0,-0.1,-0.83,36041.07,43053.59
600299.SH,20110214,11.85,12.05,11.78,12.0,11.85,0.15,1.27,34786.23,41351.629
600299.SH,20110211,11.62,11.9,11.55,11.85,11.61,0.24,2.07,27645.95,32507.904
600299.SH,20110210,11.28,11.65,11.18,11.61,11.39,0.22,1.93,29743.78,34009.867
600299.SH,20110209,11.39,11.49,11.26,11.39,11.53,-0.14,-1.21,17145.82,19543.818
600299.SH,20110201,11.48,11.56,11.26,11.53,11.45,0.08,0.7,25836.31,29437.771
600299.SH,20110131,11.45,11.57,11.33,11.45,11.48,-0.03,-0.26,19371.98,22193.364
600299.SH,20110128,11.29,11.5,11.24,11.48,11.43,0.05,0.44,26162.26,29739.043
600299.SH,20110127,11.16,11.46,10.91,11.43,11.16,0.27,2.42,28756.66,32301.981
600299.SH,20110126,10.93,11.21,10.53,11.16,10.93,0.23,2.1,21447.12,23614.963
600299.SH,20110124,11.17,11.29,10.93,10.93,11.5,-0.57,-4.96,52020.05,57495.573
600299.SH,20110121,10.94,11.58,10.73,11.5,11.29,0.21,1.86,86847.47,95635.634
600299.SH,20110120,11.9,12.09,11.29,11.29,11.88,-0.59,-4.97,58306.83,67167.926
600299.SH,20110119,11.71,11.97,11.63,11.88,11.71,0.17,1.45,22900.61,27145.742
600299.SH,20110118,11.98,12.07,11.63,11.71,12.17,-0.46,-3.78,40081.89,47305.6
600299.SH,20110117,12.8,12.8,12.17,12.17,12.81,-0.64,-5.0,45300.38,55470.549
600299.SH,20110114,13.52,13.55,12.81,12.81,13.48,-0.67,-4.97,44010.07,57308.746
600299.SH,20110112,13.5,13.62,13.26,13.48,13.45,0.03,0.22,33314.03,44646.884
600299.SH,20110111,13.29,13.76,13.25,13.45,13.46,-0.01,-0.07,58331.87,78948.285
600299.SH,20110110,13.05,13.61,12.92,13.46,13.05,0.41,3.14,74865.41,99855.33
600299.SH,20110107,12.86,13.09,12.83,13.05,12.97,0.08,0.62,39143.86,50698.194
600299.SH,20110106,13.06,13.15,12.85,12.97,13.07,-0.1,-0.77,28544.24,37152.637
600299.SH,20110105,12.99,13.09,12.76,13.07,13.05,0.02,0.15,71832.55,92479.555
600299.SH,20110104,13.08,13.13,12.87,13.05,13.08,-0.03,-0.23,43278.81,56282.581
600299.SH,20101231,12.93,13.15,12.76,13.08,12.93,0.15,1.16,45462.99,58812.091
600299.SH,20101230,12.82,13.09,12.71,12.93,12.86,0.07,0.54,39624.53,51078.315
600299.SH,20101229,12.45,12.89,12.45,12.86,12.5,0.36,2.88,50044.99,63812.208
600299.SH,20101228,12.39,12.79,12.15,12.5,12.34,0.16,1.3,40418.52,50516.181
600299.SH,20101227,12.67,12.95,12.28,12.34,12.71,-0.37,-2.91,40689.85,51701.262
600299.SH,20101224,12.16,12.78,11.96,12.71,12.3,0.41,3.33,48794.34,60448.713
600299.SH,20101223,12.4,12.45,12.06,12.3,12.47,-0.17,-1.36,29301.5,35867.103
600299.SH,20101222,12.36,12.52,12.27,12.47,12.46,0.01,0.08,23729.04,29429.495
600299.SH,20101221,12.26,12.52,12.17,12.46,12.25,0.21,1.71,41035.43,50544.696
600299.SH,20101220,12.85,12.85,12.16,12.25,12.8,-0.55,-4.3,70800.42,87335.467
600299.SH,20101217,12.82,12.9,12.6,12.8,12.84,-0.04,-0.31,21635.88,27497.986
600299.SH,20101216,12.92,12.96,12.8,12.84,12.97,-0.13,-1.0,24048.48,30944.661
600299.SH,20101215,12.8,13.0,12.69,12.97,12.82,0.15,1.17,48550.96,62350.6
600299.SH,20101214,12.83,12.95,12.72,12.82,12.86,-0.04,-0.31,37161.9,47569.612
600299.SH,20101213,12.7,12.91,12.6,12.86,12.77,0.09,0.7,61096.73,78057.406
600299.SH,20101210,12.21,12.79,12.15,12.77,12.21,0.56,4.59,62496.94,78222.931
600299.SH,20101209,12.13,12.27,12.01,12.21,12.16,0.05,0.41,39951.17,48546.991
600299.SH,20101208,12.05,12.29,11.94,12.16,12.15,0.01,0.08,38023.45,46034.176
600299.SH,20101207,11.72,12.19,11.54,12.15,11.72,0.43,3.67,50230.25,59824.357
600299.SH,20101206,12.05,12.13,11.7,11.72,12.02,-0.3,-2.5,30159.1,35909.954
600299.SH,20101203,12.32,12.39,11.85,12.02,12.32,-0.3,-2.44,28916.74,35032.209
600299.SH,20101202,12.34,12.47,12.21,12.32,12.19,0.13,1.07,43476.82,53560.937
600299.SH,20101201,12.19,12.27,12.0,12.19,12.19,0.0,0.0,32810.13,39749.47
600299.SH,20101130,12.85,12.85,12.19,12.19,12.83,-0.64,-4.99,76400.38,94370.515
600299.SH,20101129,13.06,13.23,12.75,12.83,13.21,-0.38,-2.88,74859.74,96817.861
600299.SH,20101126,13.45,13.6,13.15,13.21,13.56,-0.35,-2.58,36005.17,47932.709
600299.SH,20101125,13.58,13.65,13.35,13.56,13.44,0.12,0.89,37383.54,50531.602
600299.SH,20101124,13.15,13.5,13.1,13.44,13.34,0.1,0.75,39749.03,52930.354
600299.SH,20101123,13.4,13.45,12.85,13.34,13.51,-0.17,-1.26,59673.47,78104.597
600299.SH,20101122,13.77,14.14,13.45,13.51,13.92,-0.41,-2.95,75223.13,103279.8
600299.SH,20101119,13.3,13.99,12.82,13.92,13.33,0.59,4.43,77112.98,103182.448
600299.SH,20101118,13.09,13.7,13.09,13.33,13.78,-0.45,-3.27,76028.56,100200.41
600299.SH,20101116,14.25,14.48,13.78,13.78,14.5,-0.72,-4.97,66702.42,93318.68
600299.SH,20101115,13.68,14.54,13.56,14.5,14.27,0.23,1.61,109131.23,150346.729
600299.SH,20101112,14.85,14.85,14.27,14.27,15.02,-0.75,-4.99,71058.62,102671.924
600299.SH,20101111,15.01,15.24,15.0,15.02,15.13,-0.11,-0.73,58067.83,87739.909
600299.SH,20101110,15.31,15.49,15.0,15.13,15.26,-0.13,-0.85,61606.88,93445.251
600299.SH,20101109,14.8,15.4,14.68,15.26,14.76,0.5,3.39,82844.81,125363.794
600299.SH,20101108,14.55,14.85,14.54,14.76,14.64,0.12,0.82,55051.74,81005.698
600299.SH,20101105,14.48,14.68,14.18,14.64,14.31,0.33,2.31,74280.12,107388.416
600299.SH,20101104,13.88,14.35,13.8,14.31,13.97,0.34,2.43,57531.79,80863.205
600299.SH,20101103,14.26,14.29,13.81,13.97,14.38,-0.41,-2.85,67896.95,95061.959
600299.SH,20101102,14.47,14.49,14.2,14.38,14.45,-0.07,-0.48,65178.88,93321.352
600299.SH,20101101,14.26,14.55,14.17,14.45,14.26,0.19,1.33,73791.28,106080.847
600299.SH,20101029,13.89,14.3,13.73,14.26,13.88,0.38,2.74,79604.32,112062.512
600299.SH,20101028,13.81,13.94,13.46,13.88,13.92,-0.04,-0.29,50266.28,69022.828
600299.SH,20101027,14.03,14.1,13.64,13.92,14.13,-0.21,-1.49,46718.06,64923.655
600299.SH,20101026,14.09,14.22,13.8,14.13,14.12,0.01,0.07,60620.67,84771.804
600299.SH,20101025,14.1,14.2,13.82,14.12,13.96,0.16,1.15,61830.26,86741.195
600299.SH,20101022,13.59,14.0,13.53,13.96,13.67,0.29,2.12,46323.6,64019.996
600299.SH,20101021,13.54,13.79,13.41,13.67,13.55,0.12,0.89,42059.14,57136.146
600299.SH,20101020,12.93,13.56,12.82,13.55,13.19,0.36,2.73,68734.25,91847.204
600299.SH,20101019,12.65,13.2,12.64,13.19,12.77,0.42,3.29,44261.85,57317.058
600299.SH,20101018,13.25,13.25,12.5,12.77,13.05,-0.28,-2.15,47515.72,60534.882
600299.SH,20101015,12.36,13.1,12.35,13.05,12.59,0.46,3.65,70549.99,89788.571
600299.SH,20101014,13.28,13.4,12.59,12.59,13.25,-0.66,-4.98,64109.3,82324.475
600299.SH,20101013,13.25,13.58,13.02,13.25,13.32,-0.07,-0.53,39631.41,52394.705
600299.SH,20101012,12.78,13.43,12.62,13.32,12.86,0.46,3.58,60264.09,79831.55
600299.SH,20101011,12.63,12.88,12.56,12.86,12.53,0.33,2.63,45530.63,57906.906
600299.SH,20101008,12.48,12.55,12.16,12.53,12.31,0.22,1.79,59617.02,73915.839
600299.SH,20100930,11.88,12.46,11.8,12.31,11.93,0.38,3.19,52239.6,63497.478
600299.SH,20100929,11.87,12.02,11.71,11.93,11.98,-0.05,-0.42,26017.95,30949.861
600299.SH,20100928,12.06,12.06,11.81,11.98,12.06,-0.08,-0.66,24001.02,28575.261
600299.SH,20100927,11.88,12.09,11.88,12.06,11.89,0.17,1.43,22021.51,26459.657
600299.SH,20100921,11.78,11.95,11.55,11.89,11.68,0.21,1.8,21492.48,25313.381
600299.SH,20100920,11.81,11.99,11.63,11.68,11.95,-0.27,-2.26,25419.72,30040.042
600299.SH,20100917,11.56,12.1,11.33,11.95,11.8,0.15,1.27,56639.57,65693.436
600299.SH,20100915,12.2,12.25,11.57,11.8,12.18,-0.38,-3.12,81059.7,95538.065
600299.SH,20100914,12.27,12.47,12.09,12.18,12.3,-0.12,-0.98,33100.77,40620.246
600299.SH,20100913,12.19,12.34,12.1,12.3,12.27,0.03,0.24,40571.91,49675.353
600299.SH,20100910,11.88,12.32,11.62,12.27,11.74,0.53,4.51,62975.42,75704.996
600299.SH,20100909,12.23,12.23,11.7,11.74,12.1,-0.36,-2.98,51492.64,61406.917
600299.SH,20100908,11.7,12.15,11.58,12.1,11.8,0.3,2.54,55952.0,66517.023
600299.SH,20100907,11.5,11.85,11.45,11.8,11.53,0.27,2.34,51039.41,59646.487
600299.SH,20100906,11.53,11.96,11.42,11.53,11.53,0.0,0.0,64886.77,75615.597
600299.SH,20100903,11.07,11.57,10.95,11.53,11.14,0.39,3.5,107391.26,121213.015
600299.SH,20100902,11.28,11.3,10.7,11.14,11.23,-0.09,-0.8,74753.46,82788.245
600299.SH,20100901,11.53,11.62,10.99,11.23,11.53,-0.3,-2.6,96597.01,108061.835
600299.SH,20100831,11.3,11.77,11.25,11.53,11.4,0.13,1.14,60575.32,69835.79
600299.SH,20100830,10.9,11.44,10.82,11.4,10.92,0.48,4.4,70713.43,79556.136
600299.SH,20100827,10.92,11.01,10.7,10.92,11.04,-0.12,-1.09,54303.49,58817.387
600299.SH,20100826,11.09,11.25,11.0,11.04,11.06,-0.02,-0.18,34311.5,38015.086
600299.SH,20100825,11.23,11.35,10.96,11.06,11.22,-0.16,-1.43,44482.84,49412.611
600299.SH,20100824,11.17,11.32,10.95,11.22,11.17,0.05,0.45,39142.22,43764.806
600299.SH,20100823,11.52,11.52,11.01,11.17,11.57,-0.4,-3.46,81335.09,91559.438
600299.SH,20100820,11.18,11.59,10.9,11.57,11.31,0.26,2.3,92701.95,104731.189
600299.SH,20100819,11.3,11.39,11.12,11.31,11.38,-0.07,-0.62,46414.69,52216.137
600299.SH,20100818,11.37,11.47,11.2,11.38,11.37,0.01,0.09,44289.4,50172.999
600299.SH,20100817,11.4,11.43,11.19,11.37,11.34,0.03,0.26,62477.49,70806.533
600299.SH,20100816,11.1,11.67,11.1,11.34,11.17,0.17,1.52,110904.37,127362.699
600299.SH,20100813,10.55,11.29,10.4,11.17,10.75,0.42,3.91,119680.14,130081.304
600299.SH,20100812,11.14,11.4,10.71,10.75,11.27,-0.52,-4.61,124963.9,138479.666
600299.SH,20100811,10.72,11.32,10.66,11.27,10.78,0.49,4.55,126987.18,140714.773
600299.SH,20100810,10.87,10.99,10.52,10.78,10.88,-0.1,-0.92,76280.73,81755.939
600299.SH,20100809,10.82,10.96,10.58,10.88,10.81,0.07,0.65,63343.37,68051.108
600299.SH,20100806,10.8,10.89,10.36,10.81,10.91,-0.1,-0.92,129486.38,137493.904
600299.SH,20100805,10.8,11.17,10.66,10.91,10.82,0.09,0.83,87165.81,95271.686
600299.SH,20100804,10.41,10.96,10.41,10.82,10.51,0.31,2.95,92951.4,98824.615
600299.SH,20100803,10.36,10.83,10.3,10.51,10.44,0.07,0.67,104978.77,110897.601
600299.SH,20100802,10.1,10.54,9.95,10.44,10.04,0.4,3.98,97108.12,99799.423
600299.SH,20100730,9.9,10.1,9.77,10.04,9.99,0.05,0.5,67264.32,66836.09
600299.SH,20100729,9.7,10.2,9.65,9.99,9.71,0.28,2.88,132503.99,132837.362
600299.SH,20100728,9.34,9.75,9.26,9.71,9.35,0.36,3.85,96888.61,92207.359
600299.SH,20100727,9.45,9.68,9.33,9.35,9.48,-0.13,-1.37,94657.21,89907.973
600299.SH,20100726,9.2,9.52,9.13,9.48,9.16,0.32,3.49,86233.08,80366.332
600299.SH,20100723,9.1,9.24,8.99,9.16,9.07,0.09,0.99,63578.85,57881.406
600299.SH,20100722,9.0,9.18,8.93,9.07,9.06,0.01,0.11,52831.12,47850.341
600299.SH,20100721,9.02,9.28,8.99,9.06,9.11,-0.05,-0.55,98465.69,89851.193
600299.SH,20100720,8.7,9.12,8.66,9.11,8.69,0.42,4.83,89732.37,80315.523
600299.SH,20100719,8.26,8.8,8.25,8.69,8.43,0.26,3.08,66554.78,57243.313
600299.SH,20100716,8.04,8.45,7.89,8.43,8.1,0.33,4.07,42181.7,34326.773
600299.SH,20100715,8.63,8.63,8.08,8.1,8.27,-0.17,-2.06,73080.34,61349.657
600299.SH,20100714,8.27,8.27,8.27,8.27,7.88,0.39,4.95,15899.2,13148.638
600299.SH,20100713,8.05,8.08,7.84,7.88,8.14,-0.26,-3.19,36729.4,29201.418
600299.SH,20100712,8.03,8.22,7.95,8.14,8.02,0.12,1.5,41218.99,33422.507
600299.SH,20100709,7.85,8.05,7.77,8.02,7.85,0.17,2.17,37173.75,29542.275
600299.SH,20100708,7.86,7.95,7.78,7.85,7.85,0.0,0.0,35173.28,27587.074
600299.SH,20100707,7.69,7.86,7.62,7.85,7.68,0.17,2.21,27832.18,21521.735
600299.SH,20100706,7.46,7.71,7.44,7.68,7.49,0.19,2.54,34800.86,26522.821
600299.SH,20100705,7.5,7.55,7.31,7.49,7.54,-0.05,-0.66,22370.02,16631.527
600299.SH,20100702,7.5,7.59,7.25,7.54,7.48,0.06,0.8,34295.09,25570.588
600299.SH,20100701,7.68,7.77,7.45,7.48,7.72,-0.24,-3.11,29673.47,22591.45
600299.SH,20100630,7.8,7.88,7.65,7.72,8.04,-0.32,-3.98,42670.16,33029.742
600299.SH,20100629,8.49,8.53,8.04,8.04,8.46,-0.42,-4.96,48025.72,39161.37
600299.SH,20100628,8.52,8.6,8.42,8.46,8.5,-0.04,-0.47,19630.71,16692.502
600299.SH,20100625,8.69,8.73,8.42,8.5,8.74,-0.24,-2.75,33274.09,28441.048
600299.SH,20100624,8.63,8.83,8.61,8.74,8.61,0.13,1.51,33838.42,29588.839
600299.SH,20100623,8.65,8.73,8.49,8.61,8.76,-0.15,-1.71,30101.64,25975.64
600299.SH,20100622,8.6,8.8,8.56,8.76,8.68,0.08,0.92,32888.43,28675.244
600299.SH,20100621,8.32,8.69,8.27,8.68,8.41,0.27,3.21,42250.06,35975.303
600299.SH,20100618,8.81,8.93,8.41,8.41,8.85,-0.44,-4.97,54070.15,46993.308
600299.SH,20100617,9.03,9.1,8.84,8.85,8.97,-0.12,-1.34,34613.49,30927.076
600299.SH,20100611,9.03,9.06,8.88,8.97,8.95,0.02,0.22,46273.73,41520.561
600299.SH,20100610,8.99,9.03,8.86,8.95,9.04,-0.09,-1.0,55008.89,49241.397
600299.SH,20100609,8.76,9.07,8.71,9.04,8.71,0.33,3.79,88475.53,78551.009
600299.SH,20100608,8.65,8.75,8.57,8.71,8.61,0.1,1.16,51171.36,44315.212
600299.SH,20100607,8.51,8.71,8.44,8.61,8.73,-0.12,-1.37,59100.74,50716.958
600299.SH,20100604,8.62,8.88,8.54,8.73,8.54,0.19,2.22,69345.33,60620.685
600299.SH,20100603,8.73,8.78,8.48,8.54,8.72,-0.18,-2.06,57635.86,49927.722
600299.SH,20100602,8.45,8.74,8.35,8.72,8.45,0.27,3.2,72242.74,61580.612
600299.SH,20100601,8.6,8.71,8.32,8.45,8.72,-0.27,-3.1,72210.85,61511.433
600299.SH,20100531,9.07,9.11,8.72,8.72,9.18,-0.46,-5.01,75876.6,67967.732
600299.SH,20100528,9.27,9.33,9.05,9.18,9.24,-0.06,-0.65,105424.5,96735.216
600299.SH,20100527,8.92,9.29,8.67,9.24,8.94,0.3,3.36,105698.71,95133.011
600299.SH,20100526,8.75,9.04,8.75,8.94,8.78,0.16,1.82,62838.4,55909.65
600299.SH,20100525,8.89,8.97,8.67,8.78,9.05,-0.27,-2.98,84897.34,75131.659
600299.SH,20100524,8.68,9.07,8.63,9.05,8.64,0.41,4.75,130256.23,115940.59
600299.SH,20100521,8.32,8.77,8.21,8.64,8.64,0.0,0.0,109800.75,92025.194
600299.SH,20100520,8.85,9.08,8.59,8.64,8.91,-0.27,-3.03,58726.06,51727.257
600299.SH,20100519,8.9,9.14,8.83,8.91,9.05,-0.14,-1.55,61419.21,55170.686
600299.SH,20100518,9.09,9.18,8.99,9.05,9.46,-0.41,-4.33,111658.18,100812.875
600299.SH,20100517,9.77,9.81,9.46,9.46,9.96,-0.5,-5.02,42646.93,40637.056
600299.SH,20100514,9.87,10.18,9.77,9.96,9.89,0.07,0.71,51670.47,51669.644
600299.SH,20100513,9.85,9.98,9.54,9.89,10.04,-0.15,-1.49,78875.81,76953.972
600299.SH,20100512,10.08,10.3,10.04,10.04,10.57,-0.53,-5.01,53415.0,53709.803
600299.SH,20100510,10.95,11.05,10.35,10.57,10.89,-0.32,-2.94,66746.09,70237.788
600299.SH,20100507,11.01,11.33,10.89,10.89,11.46,-0.57,-4.97,64101.34,70626.316
600299.SH,20100506,12.04,12.1,11.46,11.46,12.06,-0.6,-4.98,53172.24,62436.688
600299.SH,20100505,11.7,12.11,11.7,12.06,11.75,0.31,2.64,41163.74,49119.99
600299.SH,20100504,11.7,12.17,11.61,11.75,12.04,-0.29,-2.41,50259.94,59676.844
600299.SH,20100430,12.74,12.74,12.02,12.04,12.65,-0.61,-4.82,92702.85,112411.067
600299.SH,20100429,13.11,13.26,12.6,12.65,12.99,-0.34,-2.62,58832.78,76427.09
600299.SH,20100428,12.89,13.14,12.7,12.99,12.96,0.03,0.23,55664.95,72136.807
600299.SH,20100427,13.7,13.7,12.95,12.96,13.63,-0.67,-4.92,102539.94,134032.017
600299.SH,20100423,13.55,13.83,13.39,13.63,13.59,0.04,0.29,75587.94,102883.136
600299.SH,20100422,13.51,13.95,13.38,13.59,13.47,0.12,0.89,96184.64,131496.949
600299.SH,20100421,13.06,13.59,13.02,13.47,13.06,0.41,3.14,76384.67,101858.442
600299.SH,20100420,13.04,13.2,12.7,13.06,13.16,-0.1,-0.76,96749.48,125421.757
600299.SH,20100419,13.7,14.02,13.16,13.16,13.85,-0.69,-4.98,144223.75,195474.968
600299.SH,20100416,13.3,14.0,13.3,13.85,13.33,0.52,3.9,158903.82,219382.512
600299.SH,20100415,13.52,13.62,13.24,13.33,13.44,-0.11,-0.82,92128.77,123311.776
600299.SH,20100414,13.71,13.95,13.43,13.44,13.59,-0.15,-1.1,132650.5,181344.442
600299.SH,20100413,13.44,13.73,13.16,13.59,13.42,0.17,1.27,128523.33,172975.067
600299.SH,20100412,13.39,13.76,13.3,13.42,13.24,0.18,1.36,170139.37,230042.628
600299.SH,20100409,12.6,13.24,12.6,13.24,12.61,0.63,5.0,100899.56,132499.152
600299.SH,20100408,12.75,12.87,12.5,12.61,12.86,-0.25,-1.94,84132.32,106594.88
600299.SH,20100407,12.34,12.9,12.19,12.86,12.67,0.19,1.5,201624.3,252940.723
600299.SH,20100402,12.62,12.8,12.55,12.67,12.65,0.02,0.16,56762.33,71978.251
600299.SH,20100401,12.4,12.69,12.38,12.65,12.43,0.22,1.77,69065.0,86768.239
600299.SH,20100331,12.41,12.63,12.28,12.43,12.46,-0.03,-0.24,57317.16,71337.283
600299.SH,20100330,12.47,12.62,12.4,12.46,12.44,0.02,0.16,56633.11,70771.377
600299.SH,20100329,12.29,12.48,12.22,12.44,12.26,0.18,1.47,48678.65,60242.714
600299.SH,20100326,12.01,12.3,11.98,12.26,12.05,0.21,1.74,39704.39,48414.375
600299.SH,20100325,12.39,12.41,12.02,12.05,12.35,-0.3,-2.43,68121.05,82502.099
600299.SH,20100324,12.53,12.6,12.32,12.35,12.48,-0.13,-1.04,48844.6,60617.606
600299.SH,20100323,12.52,12.63,12.44,12.48,12.49,-0.01,-0.08,60292.0,75519.752
600299.SH,20100322,12.67,12.7,12.48,12.49,12.65,-0.16,-1.26,61251.8,76941.537
600299.SH,20100319,12.6,12.74,12.51,12.65,12.65,0.0,0.0,35130.61,44346.3
600299.SH,20100318,12.56,12.7,12.47,12.65,12.52,0.13,1.04,42048.03,52892.406
600299.SH,20100317,12.38,12.55,12.3,12.52,12.35,0.17,1.38,34557.08,43084.85
600299.SH,20100316,12.18,12.36,12.11,12.35,12.15,0.2,1.65,27005.91,33003.396
600299.SH,20100315,12.26,12.3,12.02,12.15,12.24,-0.09,-0.74,33202.33,40194.897
600299.SH,20100312,12.44,12.55,12.23,12.24,12.48,-0.24,-1.92,34122.95,42299.043
600299.SH,20100311,12.38,12.58,12.32,12.48,12.41,0.07,0.56,32726.08,40805.291
600299.SH,20100310,12.79,12.85,12.36,12.41,12.83,-0.42,-3.27,58355.12,73186.032
600299.SH,20100309,12.93,13.0,12.6,12.83,12.93,-0.1,-0.77,35892.26,45779.456
600299.SH,20100308,12.85,13.04,12.85,12.93,12.85,0.08,0.62,27261.69,35328.765
600299.SH,20100305,13.0,13.15,12.72,12.85,12.96,-0.11,-0.85,44877.98,58003.021
600299.SH,20100304,13.6,13.72,12.88,12.96,13.65,-0.69,-5.05,61694.19,82015.343
600299.SH,20100303,13.68,13.75,13.4,13.65,13.64,0.01,0.07,73317.88,99493.195
600299.SH,20100302,13.23,13.65,13.11,13.64,13.18,0.46,3.49,102911.14,138380.823
600299.SH,20100301,13.07,13.27,13.07,13.18,13.05,0.13,1.0,65711.86,86430.236
600299.SH,20100226,13.11,13.25,13.0,13.05,13.11,-0.06,-0.46,50274.24,65896.431
600299.SH,20100225,13.09,13.15,12.96,13.11,13.07,0.04,0.31,54244.93,70891.53
600299.SH,20100224,12.54,13.57,12.41,13.07,12.57,0.5,3.98,48274.28,62759.089
600299.SH,20100223,12.76,12.79,12.33,12.57,12.71,-0.14,-1.1,30452.4,38137.069
600299.SH,20100222,12.84,12.85,12.62,12.71,12.85,-0.14,-1.09,24879.52,31708.578
600299.SH,20100212,12.61,12.93,12.61,12.85,12.61,0.24,1.9,18855.96,24200.505
600299.SH,20100211,12.72,12.78,12.5,12.61,12.73,-0.12,-0.94,16359.6,20728.522
600299.SH,20100210,12.61,12.86,12.59,12.73,12.54,0.19,1.52,15689.5,19967.267
600299.SH,20100209,12.48,12.58,12.3,12.54,12.52,0.02,0.16,20838.2,25950.465
600299.SH,20100205,12.5,12.68,12.4,12.52,12.81,-0.29,-2.26,26319.21,32903.728
600299.SH,20100204,12.63,12.92,12.4,12.81,12.63,0.18,1.43,42337.3,54027.061
600299.SH,20100203,12.45,12.67,12.1,12.63,12.52,0.11,0.88,39871.06,49630.679
600299.SH,20100202,12.39,12.78,12.39,12.52,12.61,-0.09,-0.71,67787.36,85568.863
600299.SH,20100201,11.92,12.64,11.66,12.61,11.88,0.73,6.14,89157.42,108587.496
600299.SH,20100129,11.78,12.09,11.6,11.88,11.88,0.0,0.0,42148.54,50182.96
600299.SH,20100128,11.95,12.07,11.71,11.88,12.06,-0.18,-1.49,74070.59,87905.892
600299.SH,20100127,12.82,12.82,11.95,12.06,12.94,-0.88,-6.8,77068.5,94657.252
600299.SH,20100126,13.44,13.45,12.83,12.94,13.35,-0.41,-3.07,37330.1,48574.39
600299.SH,20100125,13.4,13.55,13.31,13.35,13.58,-0.23,-1.69,25538.46,34268.674
600299.SH,20100122,13.24,13.8,12.91,13.58,13.47,0.11,0.82,65670.21,87330.301
600299.SH,20100121,13.52,13.59,13.24,13.47,13.45,0.02,0.15,44598.2,59822.76
600299.SH,20100120,14.18,14.29,13.38,13.45,14.14,-0.69,-4.88,72295.08,99896.261
600299.SH,20100119,14.54,14.54,14.11,14.14,14.47,-0.33,-2.28,73920.28,105312.808
600299.SH,20100118,14.26,14.55,14.17,14.47,14.17,0.3,2.12,79874.0,114813.42
600299.SH,20100115,14.35,14.36,14.09,14.17,14.29,-0.12,-0.84,61607.6,87583.756
600299.SH,20100114,13.92,14.34,13.82,14.29,13.84,0.45,3.25,69946.83,98901.159
600299.SH,20100113,14.11,14.33,13.81,13.84,14.36,-0.52,-3.62,78322.05,110202.288
600299.SH,20100112,14.0,14.37,13.95,14.36,14.03,0.33,2.35,88611.98,125605.314
600299.SH,20100111,13.57,14.08,13.5,14.03,13.55,0.48,3.54,91896.17,127670.792
600299.SH,20100108,13.72,13.75,13.41,13.55,13.74,-0.19,-1.38,73737.37,99928.931
600299.SH,20100107,13.68,14.0,13.55,13.74,13.78,-0.04,-0.29,96890.98,134060.17
600299.SH,20100106,13.83,13.98,13.68,13.78,13.89,-0.11,-0.79,69149.11,95664.69
600299.SH,20100105,13.53,13.94,13.5,13.89,13.49,0.4,2.97,68433.96,93905.899
600299.SH,20100104,13.66,13.74,13.46,13.49,13.58,-0.09,-0.66,67297.1,91630.68
600299.SH,20091231,13.21,13.63,13.21,13.58,13.27,0.31,2.34,62875.8,84420.401
600299.SH,20091230,13.44,13.52,13.18,13.27,13.37,-0.1,-0.75,61393.26,81888.224
600299.SH,20091229,13.2,13.47,13.2,13.37,13.28,0.09,0.68,70552.4,94271.943
600299.SH,20091228,13.02,13.42,13.02,13.28,13.12,0.16,1.22,53142.59,70493.667
600299.SH,20091225,13.11,13.28,12.98,13.12,13.13,-0.01,-0.08,36758.3,48300.789
600299.SH,20091224,12.71,13.2,12.66,13.13,12.68,0.45,3.55,60193.05,78071.157
600299.SH,20091223,12.55,12.75,12.41,12.68,12.52,0.16,1.28,50893.54,64118.915
600299.SH,20091222,13.3,13.3,12.5,12.52,13.31,-0.79,-5.94,58075.45,74594.13
600299.SH,20091221,13.16,13.35,12.88,13.31,13.16,0.15,1.14,35373.18,46398.961
600299.SH,20091218,13.5,13.68,13.09,13.16,13.62,-0.46,-3.38,56250.44,75251.7
600299.SH,20091217,13.68,13.94,13.57,13.62,13.67,-0.05,-0.37,63885.79,87692.816
600299.SH,20091216,13.9,14.05,13.63,13.67,13.98,-0.31,-2.22,61194.63,84664.564
600299.SH,20091215,14.0,14.32,13.9,13.98,14.12,-0.14,-0.99,64312.88,90789.267
600299.SH,20091214,14.58,14.58,13.68,14.12,14.59,-0.47,-3.22,101550.7,142361.031
600299.SH,20091211,14.44,14.8,14.3,14.59,14.38,0.21,1.46,71046.74,103171.508
600299.SH,20091210,14.6,14.78,14.24,14.38,14.59,-0.21,-1.44,51768.3,74830.84
600299.SH,20091209,14.78,14.89,14.47,14.59,15.03,-0.44,-2.93,54901.22,80604.014
600299.SH,20091208,14.75,15.14,14.46,15.03,14.69,0.34,2.31,106182.67,157454.083
600299.SH,20091207,14.59,14.77,14.32,14.69,14.56,0.13,0.89,69328.68,100850.623
600299.SH,20091204,15.32,15.55,14.32,14.56,15.27,-0.71,-4.65,142869.55,212194.798
600299.SH,20091203,15.01,15.3,14.7,15.27,15.0,0.27,1.8,99599.38,150245.041
600299.SH,20091202,15.04,15.26,14.81,15.0,14.9,0.1,0.67,107127.69,160902.236
600299.SH,20091201,14.45,15.07,14.39,14.9,14.57,0.33,2.26,110400.86,162562.617
600299.SH,20091130,14.14,14.6,14.0,14.57,13.9,0.67,4.82,103948.7,149292.955
600299.SH,20091127,14.15,14.51,13.86,13.9,14.4,-0.5,-3.47,107190.12,151636.457
600299.SH,20091126,15.2,15.55,14.32,14.4,15.23,-0.83,-5.45,139169.78,210082.256
600299.SH,20091125,14.77,15.26,14.65,15.23,14.88,0.35,2.35,92742.08,139161.134
600299.SH,20091124,15.4,15.78,14.6,14.88,15.42,-0.54,-3.5,159510.23,244230.962
600299.SH,20091123,15.68,15.69,15.15,15.42,15.65,-0.23,-1.47,134081.94,206156.852
600299.SH,20091120,15.45,15.9,15.37,15.65,15.57,0.08,0.51,81218.82,126528.724
600299.SH,20091119,15.41,15.74,15.25,15.57,15.33,0.24,1.57,91072.63,141207.721
600299.SH,20091118,15.17,15.59,15.12,15.33,15.2,0.13,0.86,82693.28,126762.307
600299.SH,20091117,15.17,15.3,14.84,15.2,15.16,0.04,0.26,93277.35,140411.516
600299.SH,20091116,15.2,15.68,15.0,15.16,15.09,0.07,0.46,189888.47,289036.415
600299.SH,20091113,14.24,15.15,14.13,15.09,14.32,0.77,5.38,128612.21,187213.249
600299.SH,20091112,14.32,14.6,14.1,14.32,14.34,-0.02,-0.14,95956.06,137411.274
600299.SH,20091111,14.34,14.7,14.2,14.34,14.45,-0.11,-0.76,110955.21,159908.592
600299.SH,20091110,14.24,14.75,14.05,14.45,14.11,0.34,2.41,107109.79,154213.497
600299.SH,20091109,14.09,14.29,13.93,14.11,14.11,0.0,0.0,82317.5,115879.34
600299.SH,20091106,14.01,14.45,13.88,14.11,14.0,0.11,0.79,107154.36,151534.805
600299.SH,20091105,13.88,14.2,13.68,14.0,13.86,0.14,1.01,90193.56,125699.18
600299.SH,20091104,13.44,14.25,13.32,13.86,13.4,0.46,3.43,193302.16,267835.684
600299.SH,20091103,12.89,13.48,12.89,13.4,12.88,0.52,4.04,120313.64,159516.352
600299.SH,20091102,12.1,12.95,12.1,12.88,12.58,0.3,2.38,86480.0,108553.591
600299.SH,20091030,12.59,12.93,12.42,12.58,12.38,0.2,1.62,63833.41,80922.134
600299.SH,20091029,12.51,12.7,12.3,12.38,12.77,-0.39,-3.05,52166.92,65135.768
600299.SH,20091028,12.35,12.79,12.35,12.77,12.41,0.36,2.9,67385.16,85125.695
600299.SH,20091027,12.7,12.88,12.4,12.41,12.86,-0.45,-3.5,80505.45,101724.457
600299.SH,20091026,13.05,13.27,12.78,12.86,13.15,-0.29,-2.21,66921.62,86731.019
600299.SH,20091023,13.06,13.33,12.98,13.15,13.06,0.09,0.69,107286.65,141298.252
600299.SH,20091022,12.57,13.24,12.53,13.06,12.62,0.44,3.49,131687.56,170423.077
600299.SH,20091021,12.82,12.88,12.6,12.62,12.88,-0.26,-2.02,85997.57,109387.541
600299.SH,20091020,12.6,13.06,12.46,12.88,12.57,0.31,2.47,124689.46,158732.72
600299.SH,20091019,12.15,12.64,12.1,12.57,12.2,0.37,3.03,70961.52,87889.227
600299.SH,20091016,12.4,12.51,11.98,12.2,12.37,-0.17,-1.37,82220.82,99858.249
600299.SH,20091015,12.52,12.73,12.31,12.37,12.38,-0.01,-0.08,57173.59,71291.598
600299.SH,20091014,12.58,12.76,12.32,12.38,12.58,-0.2,-1.59,72823.81,91472.727
600299.SH,20091013,12.3,12.68,12.3,12.58,12.46,0.12,0.96,51818.89,64933.305
600299.SH,20091012,12.2,12.55,12.05,12.46,12.24,0.22,1.8,84462.14,104571.869
600299.SH,20091009,11.55,12.25,11.42,12.24,11.25,0.99,8.8,70035.83,82795.401
600299.SH,20090930,11.3,11.42,11.16,11.25,11.16,0.09,0.81,32978.83,37196.143
600299.SH,20090929,11.36,11.38,10.98,11.16,11.27,-0.11,-0.98,41396.12,46325.161
600299.SH,20090928,11.64,11.75,11.11,11.27,11.54,-0.27,-2.34,36211.32,41750.417
600299.SH,20090925,11.8,11.9,11.38,11.54,11.77,-0.23,-1.95,47240.7,55040.722
600299.SH,20090924,12.0,12.08,11.5,11.77,12.2,-0.43,-3.52,70714.07,83515.506
600299.SH,20090923,12.81,12.98,12.04,12.2,12.91,-0.71,-5.5,98094.36,121497.273
600299.SH,20090922,12.82,13.25,12.73,12.91,12.88,0.03,0.23,117402.85,152370.133
600299.SH,20090921,12.61,12.89,12.06,12.88,12.81,0.07,0.55,88564.55,111254.173
600299.SH,20090918,13.1,13.46,12.65,12.81,12.99,-0.18,-1.39,167148.44,220444.385
600299.SH,20090917,12.58,13.04,12.56,12.99,12.6,0.39,3.1,105498.88,135917.974
600299.SH,20090916,12.85,12.94,12.41,12.6,12.91,-0.31,-2.4,118217.1,149166.674
600299.SH,20090915,12.65,13.13,12.57,12.91,12.59,0.32,2.54,184048.25,237983.847
600299.SH,20090914,12.14,12.66,12.05,12.59,12.11,0.48,3.96,137111.12,169263.834
600299.SH,20090911,11.8,12.24,11.78,12.11,11.9,0.21,1.76,94995.35,114769.207
600299.SH,20090910,12.09,12.16,11.86,11.9,12.16,-0.26,-2.14,92145.09,110494.343
600299.SH,20090909,12.16,12.25,11.93,12.16,12.29,-0.13,-1.06,149070.26,179944.132
600299.SH,20090908,12.08,12.57,12.02,12.29,12.06,0.23,1.91,224247.8,274361.073
600299.SH,20090907,11.88,12.25,11.7,12.06,11.91,0.15,1.26,136203.16,163774.415
600299.SH,20090904,11.57,12.04,11.48,11.91,11.63,0.28,2.41,138642.18,163406.437
600299.SH,20090903,11.09,11.69,11.01,11.63,11.08,0.55,4.96,109678.18,125640.232
600299.SH,20090902,11.15,11.34,10.81,11.08,11.36,-0.28,-2.46,90695.21,100186.727
600299.SH,20090901,11.3,11.66,11.03,11.36,11.66,-0.3,-2.57,103134.06,116351.834
600299.SH,20090831,12.5,12.5,11.66,11.66,12.95,-1.29,-9.96,140253.58,165234.877
600299.SH,20090828,13.6,13.61,12.88,12.95,13.63,-0.68,-4.99,85750.41,112308.988
600299.SH,20090827,13.23,13.9,13.08,13.63,13.28,0.35,2.64,118689.35,160969.168
600299.SH,20090826,12.72,13.32,12.6,13.28,12.85,0.43,3.35,89288.13,117019.805
600299.SH,20090825,13.4,13.4,12.34,12.85,13.56,-0.71,-5.24,112948.44,145187.043
600299.SH,20090824,13.62,13.75,13.24,13.56,13.58,-0.02,-0.15,108488.11,146696.037
600299.SH,20090821,13.15,13.6,12.97,13.58,13.22,0.36,2.72,136219.86,181499.099
600299.SH,20090820,12.68,13.43,12.68,13.22,12.65,0.57,4.51,93711.14,122391.017
600299.SH,20090819,13.59,13.68,12.42,12.65,13.76,-1.11,-8.07,90328.13,118413.737
600299.SH,20090818,12.8,13.8,12.7,13.76,12.98,0.78,6.01,101168.7,134689.82
600299.SH,20090817,13.82,13.95,12.91,12.98,13.96,-0.98,-7.02,117327.79,156621.599
600299.SH,20090814,14.67,14.8,13.92,13.96,14.65,-0.69,-4.71,109492.15,156309.744
600299.SH,20090813,14.56,14.99,14.39,14.65,14.71,-0.06,-0.41,123491.55,180528.655
600299.SH,20090812,15.88,15.89,14.56,14.71,15.95,-1.24,-7.77,144104.23,217716.18
600299.SH,20090811,16.0,16.3,15.71,15.95,16.06,-0.11,-0.68,90263.3,144511.85
600299.SH,20090810,16.39,16.58,15.34,16.06,16.15,-0.09,-0.56,176691.74,280056.508
600299.SH,20090807,16.85,17.4,15.83,16.15,16.92,-0.77,-4.55,192923.86,321161.371
600299.SH,20090806,16.88,17.78,16.33,16.92,17.17,-0.25,-1.46,212665.36,361867.098
600299.SH,20090805,16.12,17.78,16.12,17.17,16.5,0.67,4.06,347695.97,593978.649
600299.SH,20090804,16.22,17.12,16.1,16.5,15.84,0.66,4.17,391581.68,648796.062
600299.SH,20090803,14.45,15.84,14.4,15.84,14.4,1.44,10.0,366600.47,566826.427
600299.SH,20090731,13.65,14.45,13.35,14.4,13.52,0.88,6.51,222316.51,309281.054
600299.SH,20090730,13.55,13.9,12.9,13.52,13.54,-0.02,-0.15,151140.84,201302.132
600299.SH,20090729,14.11,14.7,12.6,13.54,13.79,-0.25,-1.81,282795.61,393121.238
600299.SH,20090727,13.7,13.9,13.3,13.79,13.61,0.18,1.32,149277.59,204023.726
600299.SH,20090724,13.99,14.34,13.23,13.61,13.92,-0.31,-2.23,167018.01,229878.338
600299.SH,20090723,13.95,14.2,13.65,13.92,13.88,0.04,0.29,161462.69,223867.529
600299.SH,20090722,13.21,14.05,13.12,13.88,13.2,0.68,5.15,236637.72,323541.94
600299.SH,20090721,13.3,13.66,13.11,13.2,13.28,-0.08,-0.6,226663.5,303239.961
600299.SH,20090720,12.6,13.42,12.53,13.28,12.55,0.73,5.82,241034.65,314490.991
600299.SH,20090717,12.5,12.77,12.39,12.55,12.53,0.02,0.16,92163.39,116065.975
600299.SH,20090716,12.86,13.06,12.51,12.53,12.86,-0.33,-2.57,142324.55,181765.299
600299.SH,20090715,12.49,12.97,12.49,12.86,12.59,0.27,2.14,165560.98,210140.427
600299.SH,20090714,12.62,12.66,12.38,12.59,12.72,-0.13,-1.02,197145.96,246597.921
600299.SH,20090713,12.69,13.17,12.55,12.72,12.81,-0.09,-0.7,238576.53,306903.979
600299.SH,20090710,12.26,12.86,12.13,12.81,12.18,0.63,5.17,264476.66,331382.277
600299.SH,20090709,12.11,12.55,12.03,12.18,12.09,0.09,0.74,180046.16,220754.953
600299.SH,20090708,11.66,12.11,11.66,12.09,11.8,0.29,2.46,183040.61,218046.575
600299.SH,20090707,11.52,11.83,11.35,11.8,11.54,0.26,2.25,134291.68,155813.605
600299.SH,20090706,11.5,11.64,11.31,11.54,11.53,0.01,0.09,98488.49,112432.172
600299.SH,20090703,11.6,11.6,11.45,11.53,11.69,-0.16,-1.37,87806.17,101043.839
600299.SH,20090702,11.52,11.7,11.46,11.69,11.51,0.18,1.56,76796.4,88789.702
600299.SH,20090701,11.46,11.57,11.31,11.51,11.53,-0.02,-0.17,69735.11,79925.094
600299.SH,20090630,11.81,11.83,11.51,11.53,11.8,-0.27,-2.29,75721.48,88332.99
600299.SH,20090629,11.94,11.98,11.68,11.8,11.85,-0.05,-0.42,69894.73,82527.414
600299.SH,20090626,11.7,11.88,11.66,11.85,11.68,0.17,1.46,61810.63,72848.017
600299.SH,20090625,11.95,11.98,11.6,11.68,11.9,-0.22,-1.85,52192.73,61312.924
600299.SH,20090624,11.5,11.95,11.42,11.9,11.52,0.38,3.3,87850.11,103602.289
600299.SH,20090623,11.55,11.64,11.45,11.52,11.71,-0.19,-1.62,75674.68,87358.664
600299.SH,20090622,11.73,11.92,11.63,11.71,11.7,0.01,0.09,69309.36,81528.478
600299.SH,20090619,11.77,11.87,11.6,11.7,11.86,-0.16,-1.35,77809.01,90987.277
600299.SH,20090618,11.77,11.87,11.63,11.86,11.69,0.17,1.45,87090.71,102331.554
600299.SH,20090617,11.75,11.75,11.43,11.69,11.76,-0.07,-0.6,93597.78,108372.25
600299.SH,20090616,11.78,11.88,11.62,11.76,11.91,-0.15,-1.26,68633.13,80858.482
600299.SH,20090615,11.76,11.92,11.6,11.91,11.84,0.07,0.59,74431.23,87687.753
600299.SH,20090612,12.39,12.41,11.77,11.84,12.41,-0.57,-4.59,139230.86,167628.815
600299.SH,20090611,12.3,12.66,12.23,12.41,12.19,0.22,1.8,185083.34,230987.088
600299.SH,20090610,12.1,12.38,12.08,12.19,12.1,0.09,0.74,127201.53,155678.462
600299.SH,20090609,12.21,12.35,11.78,12.1,12.27,-0.17,-1.39,99804.32,120136.717
600299.SH,20090608,12.16,12.45,11.93,12.27,12.17,0.1,0.82,153207.93,186768.543
600299.SH,20090605,11.75,12.47,11.62,12.17,11.67,0.5,4.28,272854.7,332337.663
600299.SH,20090604,11.91,11.91,11.5,11.67,12.0,-0.33,-2.75,128474.83,150180.218
600299.SH,20090603,12.0,12.08,11.8,12.0,11.98,0.02,0.17,148834.16,177407.201
600299.SH,20090602,11.74,12.07,11.74,11.98,11.7,0.28,2.39,183194.64,218774.258
600299.SH,20090601,11.7,11.7,11.5,11.7,11.59,0.11,0.95,119362.13,138720.864
600299.SH,20090527,11.76,11.94,11.53,11.59,11.78,-0.19,-1.61,114307.83,133467.815
600299.SH,20090526,11.33,11.85,11.21,11.78,11.31,0.47,4.16,201335.84,234381.768
600299.SH,20090525,11.1,11.33,10.76,11.31,11.15,0.16,1.44,90492.05,99918.733
600299.SH,20090522,11.04,11.34,10.9,11.15,11.06,0.09,0.81,67438.62,75335.454
600299.SH,20090521,11.42,11.48,11.0,11.06,11.52,-0.46,-3.99,119023.42,133282.372
600299.SH,20090520,11.65,11.86,11.5,11.52,11.62,-0.1,-0.86,139042.57,162748.697
600299.SH,20090519,11.73,11.79,11.51,11.62,11.62,0.0,0.0,116332.73,135365.521
600299.SH,20090518,11.49,11.69,11.35,11.62,11.49,0.13,1.13,85894.11,98866.693
600299.SH,20090515,11.68,11.75,11.38,11.49,11.66,-0.17,-1.46,91222.03,105121.244
600299.SH,20090514,11.35,11.75,11.25,11.66,11.45,0.21,1.83,149232.76,173048.504
600299.SH,20090513,11.04,11.58,10.92,11.45,11.05,0.4,3.62,126342.3,142082.271
600299.SH,20090512,10.54,11.1,10.49,11.05,10.7,0.35,3.27,102759.05,111047.91
600299.SH,20090511,11.53,11.59,10.68,10.7,11.52,-0.82,-7.12,168676.07,186920.357
600299.SH,20090507,11.8,11.92,11.4,11.52,11.74,-0.22,-1.87,161131.07,187806.124
600299.SH,20090506,11.52,11.76,11.38,11.74,11.59,0.15,1.29,148368.1,171659.824
600299.SH,20090505,11.68,11.78,11.4,11.59,11.46,0.13,1.13,127530.68,147471.709
600299.SH,20090504,11.15,11.53,11.15,11.46,11.14,0.32,2.87,111031.64,126291.777
600299.SH,20090430,11.18,11.29,10.9,11.14,11.08,0.06,0.54,116317.38,129047.102
600299.SH,20090429,10.82,11.15,10.71,11.08,10.83,0.25,2.31,105051.74,115514.707
600299.SH,20090428,10.53,10.88,10.52,10.83,10.61,0.22,2.07,96410.22,103682.424
600299.SH,20090427,11.25,11.28,10.52,10.61,11.27,-0.66,-5.86,153178.14,165352.21
600299.SH,20090424,11.67,11.69,11.26,11.27,11.6,-0.33,-2.84,123101.0,140161.186
600299.SH,20090423,11.56,11.67,11.25,11.6,11.69,-0.09,-0.77,136407.73,156410.473
600299.SH,20090422,12.8,13.02,11.5,11.69,12.77,-1.08,-8.46,192749.13,238114.141
600299.SH,20090421,13.16,13.22,12.51,12.77,13.28,-0.51,-3.84,180937.04,232865.329
600299.SH,20090420,13.03,13.4,12.88,13.28,13.08,0.2,1.53,194699.08,257808.859
600299.SH,20090417,12.75,13.33,12.74,13.08,12.74,0.34,2.67,255122.62,334091.664
600299.SH,20090416,12.79,12.93,12.52,12.74,12.92,-0.18,-1.39,156184.37,198875.386
600299.SH,20090415,12.76,12.94,12.45,12.92,12.84,0.08,0.62,217005.37,274228.413
600299.SH,20090414,12.9,13.0,12.49,12.84,13.19,-0.35,-2.65,299478.5,381211.982
600299.SH,20090413,13.32,13.58,13.07,13.19,13.28,-0.09,-0.68,208745.83,277877.916
600299.SH,20090410,13.0,13.3,12.67,13.28,12.99,0.29,2.23,189641.97,247632.226
600299.SH,20090409,12.8,13.07,12.37,12.99,12.83,0.16,1.25,152641.99,194461.13
600299.SH,20090408,13.78,13.79,12.78,12.83,13.92,-1.09,-7.83,202798.82,270327.216
600299.SH,20090407,14.23,14.35,13.51,13.92,14.19,-0.27,-1.9,189438.38,261002.308
600299.SH,20090403,14.2,14.73,14.09,14.19,14.04,0.15,1.07,261849.97,377000.579
600299.SH,20090402,14.38,14.45,14.02,14.04,14.29,-0.25,-1.75,205581.02,290829.297
600299.SH,20090401,14.18,14.74,14.18,14.29,14.05,0.24,1.71,226761.78,327698.569
600299.SH,20090331,13.6,14.08,13.46,14.05,13.93,0.12,0.86,151196.47,208147.044
600299.SH,20090330,13.92,14.48,13.7,13.93,13.75,0.18,1.31,183235.75,259081.125
600299.SH,20090327,13.61,14.2,13.4,13.75,13.52,0.23,1.7,216214.1,300302.643
600299.SH,20090326,13.09,13.54,12.93,13.52,13.16,0.36,2.74,138110.07,183464.195
600299.SH,20090325,13.73,13.75,13.15,13.16,13.82,-0.66,-4.78,198776.88,267428.747
600299.SH,20090324,13.88,13.99,13.61,13.82,13.87,-0.05,-0.36,210604.27,289848.753
600299.SH,20090323,13.21,13.95,13.09,13.87,13.05,0.82,6.28,282651.7,384921.789
600299.SH,20090320,13.48,13.55,12.86,13.05,13.48,-0.43,-3.19,212512.83,278679.921
600299.SH,20090319,13.26,13.58,13.18,13.48,13.26,0.22,1.66,193172.0,258613.469
600299.SH,20090318,13.41,13.91,13.24,13.26,13.4,-0.14,-1.04,290161.66,392645.619
600299.SH,20090317,13.01,13.8,12.8,13.4,13.0,0.4,3.08,276608.24,366960.437
600299.SH,20090316,11.87,13.07,11.86,13.0,11.88,1.12,9.43,252386.92,315719.575
600299.SH,20090313,12.08,12.44,11.81,11.88,11.99,-0.11,-0.92,161911.34,196077.612
600299.SH,20090312,12.17,12.25,11.59,11.99,12.31,-0.32,-2.6,205960.71,244909.167
600299.SH,20090311,13.16,13.35,12.29,12.31,12.73,-0.42,-3.3,248969.76,317116.808
600299.SH,20090310,12.01,12.78,11.8,12.73,12.26,0.47,3.83,205016.71,251919.511
600299.SH,20090309,13.52,14.09,12.22,12.26,13.52,-1.26,-9.32,334598.09,439077.287
600299.SH,20090306,13.9,14.1,13.43,13.52,14.28,-0.76,-5.32,373074.86,512322.329
600299.SH,20090305,13.45,14.48,13.18,14.28,13.17,1.11,8.43,608415.49,842263.785
600299.SH,20090304,12.15,13.38,12.08,13.17,12.16,1.01,8.31,671828.33,863696.459
600299.SH,20090303,12.2,12.22,11.58,12.16,12.27,-0.11,-0.9,535416.94,638975.377
600299.SH,20090302,11.8,12.33,11.72,12.27,11.73,0.54,4.6,530098.82,638118.486
600299.SH,20090227,11.9,11.9,11.0,11.73,11.61,0.12,1.03,461102.44,536657.602
600299.SH,20090226,12.35,12.6,11.16,11.61,12.4,-0.79,-6.37,344807.85,414244.081
600299.SH,20090225,12.6,12.6,11.78,12.4,12.12,0.28,2.31,322064.46,392035.322
600299.SH,20090224,11.92,12.62,11.73,12.12,11.89,0.23,1.93,453930.15,551451.245
600299.SH,20090223,11.16,11.97,11.01,11.89,11.29,0.6,5.31,266951.67,308682.057
600299.SH,20090220,10.8,11.37,10.6,11.29,10.77,0.52,4.83,216306.89,237684.152
600299.SH,20090219,10.62,10.87,10.4,10.77,10.57,0.2,1.89,168973.66,179940.238
600299.SH,20090218,10.99,11.25,10.51,10.57,11.36,-0.79,-6.95,208751.22,226856.154
600299.SH,20090217,12.45,12.45,11.3,11.36,12.5,-1.14,-9.12,314279.19,371607.498
600299.SH,20090216,12.62,12.79,12.12,12.5,12.47,0.03,0.24,284244.07,352884.325
600299.SH,20090213,11.71,12.68,11.45,12.47,11.62,0.85,7.32,272630.35,325516.092
600299.SH,20090212,11.2,11.67,10.61,11.62,11.24,0.38,3.38,229651.33,253760.699
600299.SH,20090211,10.95,11.75,10.8,11.24,11.17,0.07,0.63,284148.48,321732.312
600299.SH,20090210,10.47,11.3,10.27,11.17,10.54,0.63,5.98,285831.16,307109.144
600299.SH,20090209,10.25,10.79,10.16,10.54,10.08,0.46,4.56,224907.63,233701.488
600299.SH,20090206,9.71,10.15,9.71,10.08,9.71,0.37,3.81,215893.18,215459.913
600299.SH,20090205,10.2,10.32,9.5,9.71,10.21,-0.5,-4.9,201344.36,200354.899
600299.SH,20090204,10.0,10.23,9.9,10.21,10.1,0.11,1.09,180935.66,182702.359
600299.SH,20090203,9.36,10.39,9.31,10.1,9.45,0.65,6.88,284897.46,281823.618
600299.SH,20090202,9.32,9.57,9.05,9.45,9.3,0.15,1.61,180625.49,168305.682
600299.SH,20090123,9.67,9.78,9.19,9.3,9.47,-0.17,-1.8,341365.82,323168.734
600299.SH,20090122,8.51,9.47,8.42,9.47,8.61,0.86,9.99,395385.74,357952.095
600299.SH,20090121,8.51,8.72,8.18,8.61,9.09,-0.48,-5.28,441630.24,373641.275
600299.SH,20090120,8.76,9.12,8.7,9.09,8.84,0.25,2.83,178521.65,159925.097
600299.SH,20090119,9.13,9.26,8.7,8.84,9.06,-0.22,-2.43,209163.36,187258.121
600299.SH,20090116,8.77,9.31,8.75,9.06,8.76,0.3,3.42,393186.32,351388.745
600299.SH,20090115,8.39,8.99,8.31,8.76,8.46,0.3,3.55,477175.18,418195.357
600299.SH,20090114,7.88,8.49,7.8,8.46,7.94,0.52,6.55,176892.02,144396.337
600299.SH,20090113,8.29,8.35,7.93,7.94,8.37,-0.43,-5.14,137098.05,111481.91
600299.SH,20090112,8.32,8.67,8.18,8.37,8.32,0.05,0.6,213655.79,180562.301
600299.SH,20090109,8.07,8.38,8.01,8.32,8.07,0.25,3.1,157884.84,129345.452
600299.SH,20090108,7.94,8.14,7.76,8.07,8.21,-0.14,-1.71,146463.68,116464.002
600299.SH,20090107,8.1,8.41,7.93,8.21,8.05,0.16,1.99,271738.19,223404.687
600299.SH,20090106,7.6,8.07,7.55,8.05,7.68,0.37,4.82,158285.56,124103.538
600299.SH,20090105,7.45,7.72,7.35,7.68,7.34,0.34,4.63,112003.72,84100.557
600299.SH,20081231,7.51,7.58,7.17,7.34,7.5,-0.16,-2.13,56176.46,41249.627
600299.SH,20081230,7.6,7.65,7.35,7.5,7.59,-0.09,-1.19,37212.36,27980.062
600299.SH,20081229,7.5,7.71,7.22,7.59,7.6,-0.01,-0.13,38010.83,28414.202
600299.SH,20081226,7.58,7.71,7.44,7.6,7.72,-0.12,-1.55,42180.01,31988.793
600299.SH,20081225,7.76,7.89,7.3,7.72,7.72,0.0,0.0,85658.4,64930.086
600299.SH,20081224,8.1,8.1,7.58,7.72,8.02,-0.3,-3.74,99145.03,77112.858
600299.SH,20081223,8.7,8.71,7.92,8.02,8.68,-0.66,-7.6,94066.62,78285.721
600299.SH,20081222,8.48,8.7,8.13,8.68,8.47,0.21,2.48,115163.44,97460.952
600299.SH,20081219,8.37,8.69,8.31,8.47,8.35,0.12,1.44,84342.35,71979.135
600299.SH,20081218,8.1,8.37,8.03,8.35,8.15,0.2,2.45,57818.23,47554.194
600299.SH,20081217,8.1,8.39,7.98,8.15,8.05,0.1,1.24,108049.67,89011.494
600299.SH,20081216,7.87,8.09,7.47,8.05,7.85,0.2,2.55,74157.76,57332.11
600299.SH,20081212,8.21,8.37,7.69,7.85,8.43,-0.58,-6.88,120696.12,96077.769
600299.SH,20081211,8.87,8.98,8.4,8.43,8.99,-0.56,-6.23,98860.74,86082.059
600299.SH,20081210,8.62,9.03,8.45,8.99,8.74,0.25,2.86,128945.46,113114.359
600299.SH,20081209,9.12,9.12,8.57,8.74,9.03,-0.29,-3.21,182496.53,160379.301
600299.SH,20081208,8.69,9.13,8.57,9.03,8.52,0.51,5.99,140916.22,124754.989
600299.SH,20081205,8.18,8.53,8.1,8.52,8.22,0.3,3.65,138617.96,114693.354
600299.SH,20081204,8.45,8.68,8.1,8.22,8.23,-0.01,-0.12,193707.78,163372.887
600299.SH,20081203,7.59,8.23,7.52,8.23,7.48,0.75,10.03,182658.56,145315.599
600299.SH,20081202,7.07,7.76,7.0,7.48,7.21,0.27,3.74,126728.11,93536.961
600299.SH,20081201,6.71,7.22,6.71,7.21,6.82,0.39,5.72,72845.2,51146.637
600299.SH,20081128,7.09,7.12,6.8,6.82,7.17,-0.35,-4.88,47637.08,32991.287
600299.SH,20081127,7.48,7.48,7.1,7.17,6.93,0.24,3.46,133444.32,96512.925
600299.SH,20081126,6.88,7.01,6.76,6.93,6.85,0.08,1.17,41042.92,28393.512
600299.SH,20081125,6.97,7.14,6.7,6.85,6.89,-0.04,-0.58,57565.83,39940.522
600299.SH,20081124,7.35,7.43,6.85,6.89,7.31,-0.42,-5.75,60893.72,43533.258
600299.SH,20081121,7.3,7.59,7.0,7.31,7.65,-0.34,-4.44,121221.27,88467.141
600299.SH,20081120,7.95,8.2,7.6,7.65,8.13,-0.48,-5.9,144002.97,113398.209
600299.SH,20081119,7.55,8.21,7.23,8.13,7.55,0.58,7.68,129442.79,100154.706
600299.SH,20081118,8.09,8.33,7.51,7.55,8.34,-0.79,-9.47,159228.76,124315.261
600299.SH,20081117,7.5,8.34,7.36,8.34,7.58,0.76,10.03,158002.61,123104.758
600299.SH,20081114,7.21,7.65,7.11,7.58,7.17,0.41,5.72,146661.1,108375.066
600299.SH,20081113,6.67,7.44,6.61,7.17,6.8,0.37,5.44,119679.1,84634.068
600299.SH,20081112,6.37,6.85,6.32,6.8,6.56,0.24,3.66,81437.13,53471.95
600299.SH,20081111,6.59,6.8,6.5,6.56,6.63,-0.07,-1.06,93799.25,62448.395
600299.SH,20081110,6.22,6.67,6.22,6.63,6.09,0.54,8.87,96758.84,62523.032
600299.SH,20081107,5.8,6.15,5.75,6.09,5.94,0.15,2.53,51054.24,30610.905
600299.SH,20081106,6.08,6.08,5.73,5.94,6.26,-0.32,-5.11,46437.24,27555.212
600299.SH,20081105,5.95,6.3,5.95,6.26,5.94,0.32,5.39,61314.68,37733.905
600299.SH,20081104,6.1,6.1,5.89,5.94,6.08,-0.14,-2.3,28082.69,16766.323
600299.SH,20081103,5.74,6.24,5.74,6.08,5.93,0.15,2.53,50136.02,30480.389
600299.SH,20081031,6.14,6.2,5.73,5.93,6.34,-0.41,-6.47,53379.98,31870.405
600299.SH,20081030,6.26,6.42,6.16,6.34,6.16,0.18,2.92,51396.83,32414.166
600299.SH,20081029,6.71,6.78,6.15,6.16,6.57,-0.41,-6.24,38422.89,24906.093
600299.SH,20081028,6.15,6.68,6.12,6.57,6.39,0.18,2.82,49154.47,31299.811
600299.SH,20081027,7.1,7.1,6.39,6.39,7.1,-0.71,-10.0,51809.89,34181.751
600299.SH,20081024,7.35,7.49,6.98,7.1,7.37,-0.27,-3.66,44096.04,31685.669
600299.SH,20081023,7.08,7.41,7.03,7.37,7.41,-0.04,-0.54,46626.32,33571.3
600299.SH,20081022,7.68,7.86,7.4,7.41,7.83,-0.42,-5.36,36621.85,27818.149
600299.SH,20081021,7.85,8.3,7.75,7.83,7.78,0.05,0.64,69307.93,55177.818
600299.SH,20081020,7.42,7.88,7.3,7.78,7.51,0.27,3.6,39851.4,30396.78
600299.SH,20081017,7.47,7.8,7.28,7.51,7.47,0.04,0.54,40507.99,30446.374
600299.SH,20081016,7.9,7.9,7.47,7.47,8.3,-0.83,-10.0,59743.58,45910.868
600299.SH,20081015,8.35,8.6,8.12,8.3,8.64,-0.34,-3.94,50073.89,41546.149
600299.SH,20081014,9.5,9.67,8.61,8.64,9.1,-0.46,-5.05,69293.6,64215.47
600299.SH,20081013,8.23,9.12,8.1,9.1,8.49,0.61,7.18,47164.4,41044.122
600299.SH,20081010,8.71,8.89,8.42,8.49,9.32,-0.83,-8.91,54720.41,47191.225
600299.SH,20081009,10.04,10.18,9.22,9.32,9.9,-0.58,-5.86,65625.66,62749.685
600299.SH,20081008,10.5,10.86,9.64,9.9,10.71,-0.81,-7.56,107619.52,110973.348
600299.SH,20081007,9.93,10.88,9.8,10.71,10.38,0.33,3.18,125306.75,129979.358
600299.SH,20081006,10.79,10.79,10.3,10.38,11.11,-0.73,-6.57,78625.31,82838.343
600299.SH,20080926,10.18,11.12,9.9,11.11,10.11,1.0,9.89,134354.25,139671.936
600299.SH,20080925,9.11,10.11,9.11,10.11,9.19,0.92,10.01,132542.07,128825.514
600299.SH,20080924,8.81,9.2,8.73,9.19,9.01,0.18,2.0,37995.93,34030.176
600299.SH,20080923,8.9,9.27,8.75,9.01,9.29,-0.28,-3.01,67296.72,60203.622
600299.SH,20080922,9.18,9.59,8.78,9.29,8.77,0.52,5.93,143570.15,131361.969
600299.SH,20080919,8.7,8.77,8.51,8.77,7.97,0.8,10.04,89593.07,78174.614
600299.SH,20080918,8.01,8.22,7.65,7.97,8.42,-0.45,-5.34,29443.31,23262.572
600299.SH,20080917,8.76,8.9,8.3,8.42,8.79,-0.37,-4.21,18347.6,15728.317
600299.SH,20080916,8.95,9.06,8.72,8.79,9.05,-0.26,-2.87,19299.95,17084.612
600299.SH,20080912,9.15,9.2,8.99,9.05,9.06,-0.01,-0.11,23683.54,21528.503
600299.SH,20080911,9.19,9.32,8.93,9.06,9.24,-0.18,-1.95,14191.52,12865.973
600299.SH,20080910,9.02,9.44,8.92,9.24,9.02,0.22,2.44,30898.18,28459.555
600299.SH,20080909,9.0,9.04,8.83,9.02,8.93,0.09,1.01,18822.43,16891.462
600299.SH,20080908,9.28,9.4,8.86,8.93,9.25,-0.32,-3.46,23549.9,21442.2
600299.SH,20080905,9.5,9.65,9.22,9.25,9.81,-0.56,-5.71,18152.11,17101.902
600299.SH,20080904,9.54,9.88,9.5,9.81,9.54,0.27,2.83,16287.66,15878.228
600299.SH,20080903,9.8,9.88,9.49,9.54,9.82,-0.28,-2.85,18279.23,17581.433
600299.SH,20080902,10.0,10.0,9.54,9.82,10.18,-0.36,-3.54,25496.17,24970.595
600299.SH,20080901,10.86,10.97,10.08,10.18,11.08,-0.9,-8.12,43103.83,44834.534
600299.SH,20080829,10.87,11.2,10.7,11.08,10.78,0.3,2.78,26852.92,29559.302
600299.SH,20080828,10.87,10.97,10.73,10.78,10.89,-0.11,-1.01,12976.63,14066.18
600299.SH,20080827,10.91,11.0,10.46,10.89,10.86,0.03,0.28,20952.04,22568.947
600299.SH,20080826,11.0,11.15,10.56,10.86,11.2,-0.34,-3.04,26866.31,29216.03
600299.SH,20080825,10.81,11.3,10.61,11.2,10.85,0.35,3.23,25968.64,28603.897
600299.SH,20080822,11.82,12.2,10.82,10.85,12.02,-1.17,-9.73,48715.08,54241.599
600299.SH,20080821,11.96,12.25,11.7,12.02,12.29,-0.27,-2.2,32000.88,38201.336
600299.SH,20080820,11.11,12.35,11.03,12.29,11.37,0.92,8.09,42901.72,51540.143
600299.SH,20080819,11.0,11.42,10.45,11.37,11.1,0.27,2.43,37324.85,41614.323
600299.SH,20080818,11.97,12.51,11.0,11.1,11.97,-0.87,-7.27,22023.61,25426.154
600299.SH,20080815,12.08,12.29,11.5,11.97,12.1,-0.13,-1.07,16928.86,20204.073
600299.SH,20080814,11.9,12.23,11.71,12.1,12.02,0.08,0.67,18783.67,22550.793
600299.SH,20080813,12.24,12.35,11.4,12.02,12.18,-0.16,-1.31,31343.5,36882.491
600299.SH,20080812,13.0,13.02,12.05,12.18,13.0,-0.82,-6.31,38077.58,47461.644
600299.SH,20080811,14.17,14.41,13.0,13.0,14.44,-1.44,-9.97,36636.53,50069.563
600299.SH,20080808,15.6,15.6,14.07,14.44,15.63,-1.19,-7.61,31650.59,46872.92
600299.SH,20080807,15.88,15.9,15.36,15.63,15.79,-0.16,-1.01,15062.85,23568.498
600299.SH,20080806,15.68,16.1,15.31,15.79,15.53,0.26,1.67,26184.49,41287.085
600299.SH,20080805,15.74,15.82,14.98,15.53,15.6,-0.07,-0.45,36951.77,56997.015
600299.SH,20080804,16.24,16.24,15.5,15.6,16.49,-0.89,-5.4,27296.21,43349.871
600299.SH,20080801,16.0,16.94,15.65,16.49,16.42,0.07,0.43,50705.09,82009.995
600299.SH,20080731,17.0,17.23,16.12,16.42,17.21,-0.79,-4.59,61422.86,101366.337
600299.SH,20080730,17.82,18.16,17.1,17.21,17.77,-0.56,-3.15,46253.37,81612.381
600299.SH,20080729,17.48,17.9,17.3,17.77,17.76,0.01,0.06,53687.97,94092.803
600299.SH,20080728,17.21,17.98,17.21,17.76,17.19,0.57,3.32,76790.06,135952.649
600299.SH,20080725,16.85,17.48,16.55,17.19,17.03,0.16,0.94,61399.62,104471.787
600299.SH,20080724,16.44,17.18,16.44,17.03,16.43,0.6,3.65,68813.61,116078.9
600299.SH,20080723,17.07,17.47,16.2,16.43,17.0,-0.57,-3.35,82639.98,140712.572
600299.SH,20080722,16.79,17.24,16.56,17.0,16.89,0.11,0.65,65722.7,111707.349
600299.SH,20080721,15.9,17.24,15.51,16.89,16.1,0.79,4.91,75099.74,123705.417
600299.SH,20080718,15.39,16.18,14.75,16.1,15.17,0.93,6.13,71485.63,109968.15
600299.SH,20080717,16.5,16.78,15.0,15.17,16.11,-0.94,-5.83,65863.01,103829.56
600299.SH,20080716,17.6,17.7,16.11,16.11,17.9,-1.79,-10.0,72102.63,121027.929
600299.SH,20080715,18.61,18.85,17.21,17.9,18.53,-0.63,-3.4,97583.58,175140.932
600299.SH,20080714,17.27,18.58,17.27,18.53,17.27,1.26,7.3,116566.46,210271.309
600299.SH,20080711,17.9,18.15,17.0,17.27,18.1,-0.83,-4.59,75380.93,130867.13
600299.SH,20080710,18.35,18.78,18.02,18.1,18.78,-0.68,-3.62,109298.21,200020.981
600299.SH,20080709,18.4,19.1,17.75,18.78,17.82,0.96,5.39,171879.75,315328.896
600299.SH,20080708,16.4,17.82,16.3,17.82,16.2,1.62,10.0,173849.05,294514.866
600299.SH,20080707,14.65,16.2,14.65,16.2,14.73,1.47,9.98,96882.67,154502.585
600299.SH,20080704,15.0,15.49,14.65,14.73,15.28,-0.55,-3.6,35200.83,52772.209
600299.SH,20080703,15.43,16.3,13.84,15.28,15.38,-0.1,-0.65,67255.84,101008.317
600299.SH,20080701,15.8,16.3,15.31,15.38,15.96,-0.58,-3.63,15288.98,24199.166
600299.SH,20080630,16.0,16.28,15.5,15.96,16.02,-0.06,-0.37,11430.93,18227.954
600299.SH,20080627,17.0,17.13,15.9,16.02,17.63,-1.61,-9.13,35027.3,57488.041
600299.SH,20080626,17.12,17.81,16.6,17.63,17.0,0.63,3.71,55369.78,95259.77
600299.SH,20080625,15.88,17.03,15.72,17.0,15.69,1.31,8.35,41550.01,69378.408
600299.SH,20080624,15.88,16.0,15.2,15.69,15.65,0.04,0.26,34614.45,54152.066
600299.SH,20080623,17.05,17.05,15.51,15.65,17.03,-1.38,-8.1,13611.29,22082.546
600299.SH,20080620,17.5,18.6,16.74,17.03,17.69,-0.66,-3.73,20505.93,36075.504
600299.SH,20080619,19.4,19.4,17.69,17.69,19.65,-1.96,-9.97,9602.66,17743.515
600299.SH,20080618,18.55,19.8,17.56,19.65,18.55,1.1,5.93,12198.68,23238.216
600299.SH,20080617,19.7,20.3,18.1,18.55,19.7,-1.15,-5.84,10585.1,20221.435
600299.SH,20080616,20.5,20.87,19.22,19.7,20.87,-1.17,-5.61,10606.52,21134.179
600299.SH,20080613,21.1,21.5,20.4,20.87,21.09,-0.22,-1.04,2619.24,5415.348
600299.SH,20080612,28.92,29.41,27.0,27.42,28.99,-1.57,-5.42,8223.3,22955.281
600299.SH,20080611,29.29,29.78,28.68,28.99,29.4,-0.41,-1.39,8643.76,25154.661
600299.SH,20080610,31.05,31.05,29.15,29.4,32.39,-2.99,-9.23,8553.14,25427.41
600299.SH,20080606,33.0,33.18,32.0,32.39,32.3,0.09,0.28,5732.21,18622.425
600299.SH,20080605,33.4,33.4,32.0,32.3,33.46,-1.16,-3.47,6044.55,19669.975
600299.SH,20080604,34.82,35.5,32.9,33.46,34.82,-1.36,-3.91,5054.83,17124.05
600299.SH,20080603,35.6,36.78,34.5,34.82,35.48,-0.66,-1.86,11880.18,42234.98
600299.SH,20080602,33.99,36.18,33.99,35.48,33.64,1.84,5.47,11535.12,40794.335
600299.SH,20080530,33.01,34.29,32.93,33.64,33.4,0.24,0.72,13091.46,44147.186
600299.SH,20080529,32.91,34.25,32.91,33.4,33.0,0.4,1.21,19693.76,66432.293
600299.SH,20080528,31.2,33.26,31.2,33.0,31.15,1.85,5.94,11655.73,37749.328
600299.SH,20080527,31.56,31.99,30.5,31.15,31.8,-0.65,-2.04,13967.7,43186.059
600299.SH,20080526,34.66,34.66,31.09,31.8,34.54,-2.74,-7.93,13258.63,43437.404
600299.SH,20080523,35.2,36.45,34.5,34.54,36.45,-1.91,-5.24,8523.6,30041.765
600299.SH,20080521,35.8,37.15,33.4,36.45,36.07,0.38,1.05,13151.92,46124.44
600299.SH,20080520,39.09,39.47,35.81,36.07,39.4,-3.33,-8.45,13433.61,50626.433
600299.SH,20080519,36.3,39.66,36.3,39.4,36.96,2.44,6.6,16912.23,64104.111
600299.SH,20080516,36.8,37.2,36.1,36.96,36.63,0.33,0.9,14781.87,54239.611
600299.SH,20080515,37.45,38.05,36.51,36.63,37.08,-0.45,-1.21,14225.01,53263.939
600299.SH,20080514,35.9,37.84,35.9,37.08,34.83,2.25,6.46,33222.69,123127.411
600299.SH,20080513,33.81,36.3,33.7,34.83,35.59,-0.76,-2.14,10639.74,37305.41
600299.SH,20080512,35.98,36.5,34.0,35.59,36.33,-0.74,-2.04,15502.85,54617.311
600299.SH,20080509,35.8,37.27,35.0,36.33,35.52,0.81,2.28,17454.68,63274.809
600299.SH,20080508,34.47,35.68,33.18,35.52,34.97,0.55,1.57,11901.86,41334.473
600299.SH,20080507,36.5,36.5,34.68,34.97,36.71,-1.74,-4.74,24022.54,85254.959
600299.SH,20080506,37.3,37.9,36.11,36.71,37.51,-0.8,-2.13,23334.45,86413.979
600299.SH,20080505,34.81,37.58,34.81,37.51,34.51,3.0,8.69,35832.18,128258.124
600299.SH,20080430,32.0,34.96,31.96,34.51,31.96,2.55,7.98,33599.41,112248.202
600299.SH,20080429,31.28,32.46,30.98,31.96,31.46,0.5,1.59,17429.04,55603.763
600299.SH,20080428,29.77,31.79,29.01,31.46,30.41,1.05,3.45,23649.03,72036.566
600299.SH,20080425,33.31,33.31,30.08,30.41,30.28,0.13,0.43,60960.85,195784.128
600299.SH,20080423,28.39,30.59,27.66,30.28,28.79,1.49,5.18,11669.9,33986.055
600299.SH,20080422,26.2,28.83,26.2,28.79,27.06,1.73,6.39,10168.32,28330.864
600299.SH,20080421,31.4,31.4,26.6,27.06,29.0,-1.94,-6.69,23875.66,67505.616
600299.SH,20080418,31.02,31.02,28.9,29.0,31.87,-2.87,-9.01,10837.59,32093.855
600299.SH,20080417,35.22,35.77,31.8,31.87,35.22,-3.35,-9.51,10789.95,35470.647
600299.SH,20080416,35.3,35.98,33.78,35.22,35.34,-0.12,-0.34,7301.91,25323.567
600299.SH,20080415,34.11,35.65,32.51,35.34,34.48,0.86,2.49,17327.61,58647.372
600299.SH,20080414,37.5,37.7,34.48,34.48,38.31,-3.83,-10.0,13856.0,49519.787
600299.SH,20080411,39.89,39.89,37.8,38.31,38.95,-0.64,-1.64,16843.2,65138.038
600299.SH,20080410,39.89,39.98,37.76,38.95,39.9,-0.95,-2.38,11316.42,43676.331
600299.SH,20080409,41.5,41.89,39.66,39.9,41.92,-2.02,-4.82,6068.14,24654.582
600299.SH,20080408,41.5,43.28,40.5,41.92,41.0,0.92,2.24,7635.2,31978.884
600299.SH,20080407,37.77,41.85,37.77,41.0,38.57,2.43,6.3,10446.85,42265.649
600299.SH,20080403,36.88,38.6,35.98,38.57,36.78,1.79,4.87,8771.84,33022.063
600299.SH,20080402,38.01,38.95,36.05,36.78,37.98,-1.2,-3.16,5342.94,19918.694
600299.SH,20080401,39.65,40.75,36.3,37.98,40.05,-2.07,-5.17,9029.55,34501.637
600299.SH,20080331,39.8,42.15,39.28,40.05,40.86,-0.81,-1.98,16425.68,67424.743
600299.SH,20080328,39.51,42.04,39.51,40.86,40.82,0.04,0.1,16289.19,66561.701
600299.SH,20080327,43.3,43.4,40.7,40.82,43.85,-3.03,-6.91,11089.72,46169.852
600299.SH,20080326,45.3,45.5,42.0,43.85,44.98,-1.13,-2.51,7634.81,33556.042
600299.SH,20080325,45.68,46.0,44.51,44.98,46.15,-1.17,-2.54,5190.4,23455.322
600299.SH,20080324,49.0,49.1,46.0,46.15,48.99,-2.84,-5.8,3769.54,17940.498
600299.SH,20080321,47.01,49.3,47.0,48.99,47.62,1.37,2.88,5455.75,26242.426
600299.SH,20080320,48.0,49.0,45.18,47.62,48.06,-0.44,-0.92,8437.39,40251.488
600299.SH,20080319,48.5,50.3,47.46,48.06,47.46,0.6,1.26,10247.29,50026.205
600299.SH,20080318,45.5,47.9,44.5,47.46,47.97,-0.51,-1.06,8854.02,40766.407
600299.SH,20080317,50.03,50.03,47.01,47.97,50.61,-2.64,-5.22,5592.17,27056.718
600299.SH,20080314,50.97,51.97,49.5,50.61,52.8,-2.19,-4.15,4720.73,23834.875
600299.SH,20080312,55.77,56.8,52.76,52.8,55.78,-2.98,-5.34,5816.0,31339.241
600299.SH,20080311,57.01,57.01,54.0,55.78,57.37,-1.59,-2.77,8987.44,49617.721
600299.SH,20080310,57.25,58.5,56.1,57.37,57.48,-0.11,-0.19,4003.91,22799.925
600299.SH,20080307,57.2,58.5,57.04,57.48,57.5,-0.02,-0.03,3665.6,21200.526
600299.SH,20080306,58.4,59.8,57.48,57.5,58.4,-0.9,-1.54,4085.7,23720.076
600299.SH,20080305,59.01,61.51,58.3,58.4,60.5,-2.1,-3.47,5673.35,33387.262
600299.SH,20080304,61.2,62.28,60.1,60.5,61.15,-0.65,-1.06,6165.65,37702.712
600299.SH,20080303,58.66,62.18,58.5,61.15,59.14,2.01,3.4,7249.0,44272.298
600299.SH,20080229,58.12,60.11,58.11,59.14,58.12,1.02,1.76,9436.87,56078.581
600299.SH,20080228,60.1,60.1,57.98,58.12,59.48,-1.36,-2.29,3167.12,18448.061
600299.SH,20080227,58.0,60.1,57.0,59.48,58.07,1.41,2.43,26489.7,156620.107
600299.SH,20080226,60.13,60.13,55.01,58.07,59.08,-1.01,-1.71,27964.03,160557.057
600299.SH,20080225,58.5,60.56,57.8,59.08,57.99,1.09,1.88,19588.71,116969.127
600299.SH,20080222,57.08,60.24,56.55,57.99,57.92,0.07,0.12,28021.81,165119.94
600299.SH,20080221,55.5,58.1,54.0,57.92,56.06,1.86,3.32,15441.7,86486.481
600299.SH,20080220,56.88,56.88,55.0,56.06,56.35,-0.29,-0.51,6574.89,36739.883
600299.SH,20080219,54.8,57.0,54.8,56.35,55.22,1.13,2.05,4155.28,23262.903
600299.SH,20080218,54.16,56.0,54.16,55.22,53.75,1.47,2.73,4691.78,26037.271
600299.SH,20080215,53.58,53.97,53.0,53.75,53.84,-0.09,-0.17,5637.9,30021.457
600299.SH,20080214,53.97,54.89,53.12,53.84,53.97,-0.13,-0.24,3062.38,16452.452
600299.SH,20080213,53.8,54.95,53.01,53.97,55.3,-1.33,-2.41,3162.6,16961.82
600299.SH,20080205,56.75,56.75,54.1,55.3,56.76,-1.46,-2.57,6764.59,37314.245
600299.SH,20080204,53.99,57.54,53.98,56.76,52.7,4.06,7.7,8909.94,49861.379
600299.SH,20080201,53.01,54.1,49.5,52.7,53.7,-1.0,-1.86,21514.39,110756.92
600299.SH,20080131,54.88,54.97,52.48,53.7,54.75,-1.05,-1.92,13365.34,71132.137
600299.SH,20080130,56.2,58.0,52.01,54.75,56.15,-1.4,-2.49,20427.04,112510.586
600299.SH,20080129,56.5,58.5,56.0,56.15,56.96,-0.81,-1.42,15555.47,88102.422
600299.SH,20080128,60.0,60.0,54.88,56.96,59.99,-3.03,-5.05,21153.91,120941.391
600299.SH,20080125,59.01,62.1,58.02,59.99,60.35,-0.36,-0.6,31994.35,193075.112
600299.SH,20080124,57.0,61.68,56.7,60.35,56.07,4.28,7.63,47610.97,286951.663
600299.SH,20080123,50.33,56.07,50.33,56.07,50.97,5.1,10.01,43881.57,241963.437
600299.SH,20080122,51.0,53.08,48.19,50.97,53.01,-2.04,-3.85,43533.51,225960.537
600299.SH,20080121,52.8,55.4,52.65,53.01,52.93,0.08,0.15,42357.05,231163.157
600299.SH,20080118,49.98,53.1,48.1,52.93,50.28,2.65,5.27,23976.39,122429.201
600299.SH,20080117,50.85,52.2,48.01,50.28,52.69,-2.41,-4.57,29071.01,146435.558
600299.SH,20080116,54.0,54.0,51.7,52.69,54.39,-1.7,-3.13,26907.61,141348.634
600299.SH,20080115,54.4,54.8,53.48,54.39,53.8,0.59,1.1,27947.48,150916.471
600299.SH,20080114,52.9,54.0,51.5,53.8,52.9,0.9,1.7,26722.26,141139.428
600299.SH,20080111,52.05,54.54,51.3,52.9,51.79,1.11,2.14,35392.77,187994.273
600299.SH,20080110,49.85,51.88,48.51,51.79,49.82,1.97,3.95,37112.16,186892.122
600299.SH,20080109,48.09,50.08,48.09,49.82,48.9,0.92,1.88,22100.61,108652.079
600299.SH,20080108,51.61,52.0,47.8,48.9,51.42,-2.52,-4.9,34694.55,173025.093
600299.SH,20080107,50.72,52.5,50.02,51.42,50.7,0.72,1.42,23519.71,121010.758
600299.SH,20080104,51.23,51.25,49.7,50.7,51.04,-0.34,-0.67,16587.98,83619.195
600299.SH,20080103,50.45,51.57,49.0,51.04,50.22,0.82,1.63,26592.59,135356.105
600299.SH,20080102,48.24,50.5,47.5,50.22,47.93,2.29,4.78,41154.81,199157.821
600299.SH,20071228,48.89,48.89,47.19,47.93,48.72,-0.79,-1.62,56851.36,272339.575
600299.SH,20071227,46.28,49.5,46.12,48.72,45.96,2.76,6.01,71146.82,341731.628
600299.SH,20071226,44.9,46.09,44.67,45.96,44.63,1.33,2.98,47862.91,217740.744
600299.SH,20071225,43.4,44.65,43.3,44.63,43.26,1.37,3.17,45789.69,201422.472
600299.SH,20071224,43.85,44.1,43.0,43.26,41.98,1.28,3.05,57484.91,250439.288
600299.SH,20071220,40.88,42.0,40.45,41.98,40.7,1.28,3.15,19708.05,81502.731
600299.SH,20071219,40.0,41.2,39.31,40.7,39.72,0.98,2.47,29571.32,118849.678
600299.SH,20071218,40.98,41.0,39.5,39.72,41.0,-1.28,-3.12,17818.43,71350.903
600299.SH,20071217,43.0,43.0,40.91,41.0,42.63,-1.63,-3.82,24589.04,102195.579
600299.SH,20071214,41.88,42.88,41.5,42.63,42.31,0.32,0.76,12796.94,54062.702
600299.SH,20071213,44.15,44.28,41.61,42.31,44.08,-1.77,-4.02,18171.36,78734.709
600299.SH,20071212,43.19,44.1,42.36,44.08,43.27,0.81,1.87,34220.02,148604.387
600299.SH,20071211,43.18,43.7,42.12,43.27,43.09,0.18,0.42,32199.18,137922.721
600299.SH,20071210,41.0,43.19,40.6,43.09,41.48,1.61,3.88,39874.28,167910.752
600299.SH,20071207,40.1,41.5,39.7,41.48,40.16,1.32,3.29,36603.5,148103.403
600299.SH,20071206,40.44,41.18,39.81,40.16,40.36,-0.2,-0.5,17800.44,71843.053
600299.SH,20071205,39.96,40.6,39.35,40.36,39.96,0.4,1.0,30556.46,122193.025
600299.SH,20071204,39.91,40.2,39.66,39.96,39.91,0.05,0.13,8808.22,35152.057
600299.SH,20071203,40.2,40.6,39.28,39.91,40.8,-0.89,-2.18,13720.22,54428.086
600299.SH,20071130,42.61,42.61,40.7,40.8,42.59,-1.79,-4.2,4419.02,18208.44
600299.SH,20071129,42.87,42.87,39.9,42.59,41.94,0.65,1.55,8532.81,35562.499
600299.SH,20071128,41.88,42.79,41.7,41.94,41.79,0.15,0.36,7077.0,29807.779
600299.SH,20071127,42.4,43.1,41.68,41.79,42.55,-0.76,-1.79,8528.55,35906.194
600299.SH,20071126,43.8,43.85,42.5,42.55,43.19,-0.64,-1.48,2794.47,12040.194
600299.SH,20071123,42.55,43.46,42.01,43.19,42.82,0.37,0.86,4112.75,17592.354
600299.SH,20071122,41.88,43.85,41.83,42.82,44.0,-1.18,-2.68,8616.02,37108.529
600299.SH,20071121,44.88,44.88,43.5,44.0,44.6,-0.6,-1.35,8544.4,37593.223
600299.SH,20071120,43.88,44.88,43.01,44.6,44.17,0.43,0.97,5803.74,25764.43
600299.SH,20071119,42.38,44.27,42.2,44.17,42.4,1.77,4.17,9988.43,43254.999
600299.SH,20071116,43.38,43.38,41.68,42.4,43.98,-1.58,-3.59,27586.66,116422.055
600299.SH,20071115,44.7,45.21,43.05,43.98,44.38,-0.4,-0.9,32478.88,144490.083
600299.SH,20071114,44.81,45.55,42.62,44.38,44.83,-0.45,-1.0,24970.56,109089.406
600299.SH,20071113,47.35,47.89,44.7,44.83,47.32,-2.49,-5.26,14162.04,64683.29
600299.SH,20071112,46.5,47.77,45.7,47.32,47.0,0.32,0.68,15546.7,73207.349
600299.SH,20071109,46.05,47.3,45.2,47.0,46.28,0.72,1.56,13762.07,64399.739
600299.SH,20071108,44.89,46.64,44.0,46.28,44.74,1.54,3.44,18809.51,86500.216
600299.SH,20071107,43.99,45.0,43.2,44.74,43.0,1.74,4.05,12908.72,57095.786
600299.SH,20071106,43.28,44.2,42.51,43.0,42.85,0.15,0.35,17968.32,78201.922
600299.SH,20071105,41.9,43.6,41.5,42.85,42.25,0.6,1.42,13838.6,59656.89
600299.SH,20071102,44.0,44.5,41.6,42.25,44.8,-2.55,-5.69,18285.84,77714.551
600299.SH,20071101,46.6,47.55,44.5,44.8,46.0,-1.2,-2.61,12134.63,56211.962
600299.SH,20071031,44.49,46.29,43.72,46.0,43.11,2.89,6.7,26390.33,119830.639
600299.SH,20071030,44.5,44.5,42.38,43.11,43.97,-0.86,-1.96,16291.75,69604.786
600299.SH,20071029,45.98,45.98,43.01,43.97,45.01,-1.04,-2.31,3306.84,14469.601
600299.SH,20071026,43.0,45.1,42.0,45.01,44.16,0.85,1.92,10447.79,45190.348
600299.SH,20071025,47.6,47.6,43.4,44.16,47.23,-3.07,-6.5,13229.45,59558.78
600299.SH,20071024,49.11,49.39,47.18,47.23,49.08,-1.85,-3.77,10387.26,49757.311
600299.SH,20071023,48.25,49.28,47.3,49.08,48.63,0.45,0.93,4296.38,20784.123
600299.SH,20071022,48.3,48.98,47.0,48.63,48.29,0.34,0.7,7248.04,34690.852
600299.SH,20071019,49.0,50.05,48.01,48.29,49.37,-1.08,-2.19,6999.96,34188.038
600299.SH,20071018,52.2,52.22,48.61,49.37,52.22,-2.85,-5.46,13394.8,66338.99
600299.SH,20071017,48.55,52.79,48.55,52.22,48.43,3.79,7.83,36766.32,188386.535
600299.SH,20071016,48.8,49.47,48.0,48.43,48.79,-0.36,-0.74,12009.67,58086.287
600299.SH,20071015,49.4,49.97,47.55,48.79,49.26,-0.47,-0.95,21988.26,106482.086
600299.SH,20071012,51.49,52.6,46.35,49.26,51.5,-2.24,-4.35,55913.31,266615.182
600299.SH,20071011,54.26,54.36,51.28,51.5,53.0,-1.5,-2.83,23053.69,120934.471
600299.SH,20071010,55.8,55.8,52.26,53.0,52.17,0.83,1.59,37483.68,200425.663
600299.SH,20071009,54.62,54.62,51.8,52.17,54.13,-1.96,-3.62,15153.94,79424.157
600299.SH,20071008,57.0,57.35,53.2,54.13,56.0,-1.87,-3.34,19404.02,105348.097
600299.SH,20070928,53.7,56.1,52.57,56.0,52.76,3.24,6.14,21041.58,116865.978
600299.SH,20070927,52.46,53.8,51.5,52.76,52.15,0.61,1.17,5414.36,28677.833
600299.SH,20070926,53.5,54.38,51.0,52.15,53.18,-1.03,-1.94,8838.32,46527.32
600299.SH,20070925,55.79,55.79,52.2,53.18,55.81,-2.63,-4.71,10906.96,58173.303
600299.SH,20070924,57.33,58.3,55.0,55.81,57.33,-1.52,-2.65,10921.84,61496.461
600299.SH,20070921,55.14,57.5,54.85,57.33,55.14,2.19,3.97,18362.84,102663.673
600299.SH,20070920,54.81,56.65,54.4,55.14,54.81,0.33,0.6,12906.02,71335.612
600299.SH,20070919,55.72,56.7,54.1,54.81,55.68,-0.87,-1.56,9943.36,55137.182
600299.SH,20070918,56.35,56.94,55.1,55.68,56.05,-0.37,-0.66,6155.71,34388.969
600299.SH,20070917,56.27,58.2,54.3,56.05,56.26,-0.21,-0.37,11181.65,62639.985
600299.SH,20070914,57.8,57.8,54.81,56.26,58.2,-1.94,-3.33,19597.61,108481.144
600299.SH,20070913,60.0,60.99,56.3,58.2,62.4,-4.2,-6.73,20154.42,117301.768
600299.SH,20070912,65.06,65.06,58.34,62.4,64.76,-2.36,-3.64,26711.09,165130.63
600299.SH,20070911,64.76,64.76,63.99,64.76,58.87,5.89,10.01,27640.81,178977.474
600299.SH,20070905,57.1,58.96,57.0,58.87,58.85,0.02,0.03,7006.04,40731.724
600299.SH,20070904,57.03,59.15,56.2,58.85,58.01,0.84,1.45,11589.21,67184.722
600299.SH,20070903,56.0,59.2,56.0,58.01,56.0,2.01,3.59,12127.73,70274.288
600299.SH,20070831,55.0,56.6,54.61,56.0,54.91,1.09,1.99,12249.34,68482.088
600299.SH,20070830,56.01,58.7,54.2,54.91,53.36,1.55,2.9,25182.5,143117.088
600299.SH,20070827,54.09,54.1,51.7,53.36,52.91,0.45,0.85,33939.12,179852.616
600299.SH,20070824,52.6,54.97,51.1,52.91,52.68,0.23,0.44,11901.71,62985.586
600299.SH,20070823,51.7,52.8,50.63,52.68,51.16,1.52,2.97,16681.66,86454.272
600299.SH,20070822,49.28,53.98,48.6,51.16,49.8,1.36,2.73,27013.35,140284.3
600299.SH,20070821,45.43,49.8,45.33,49.8,45.27,4.53,10.01,45920.77,219216.29
600299.SH,20070820,46.5,46.8,44.78,45.27,45.52,-0.25,-0.55,24841.15,112777.462
600299.SH,20070817,46.0,46.48,44.81,45.52,45.81,-0.29,-0.63,9198.56,41930.355
600299.SH,20070816,46.02,46.5,44.0,45.81,46.83,-1.02,-2.18,11398.2,51995.384
600299.SH,20070815,47.15,48.0,45.52,46.83,46.96,-0.13,-0.28,12915.33,60753.007
600299.SH,20070814,42.7,46.96,42.7,46.96,42.69,4.27,10.0,18623.99,84533.931
600299.SH,20070813,42.96,42.96,41.88,42.69,43.15,-0.46,-1.07,29238.82,122787.438
600299.SH,20070810,46.81,46.88,42.05,43.15,46.72,-3.57,-7.64,39060.37,168764.523
600299.SH,20070809,47.61,47.61,46.61,46.72,47.97,-1.25,-2.61,9652.66,45350.501
600299.SH,20070808,48.45,48.49,46.5,47.97,48.35,-0.38,-0.79,8529.47,40607.843
600299.SH,20070807,49.24,49.5,48.01,48.35,49.24,-0.89,-1.81,20672.04,100551.568
600299.SH,20070806,49.0,49.58,47.7,49.24,48.56,0.68,1.4,16199.11,78415.109
600299.SH,20070803,47.8,49.0,47.51,48.56,47.11,1.45,3.08,15593.45,75219.706
600299.SH,20070802,46.77,47.2,46.2,47.11,46.67,0.44,0.94,28989.2,135794.888
600299.SH,20070801,48.28,48.35,46.0,46.67,48.13,-1.46,-3.03,15394.26,72032.794
600299.SH,20070731,46.5,48.45,46.01,48.13,46.41,1.72,3.71,13001.7,61656.768
600299.SH,20070730,45.0,46.44,44.61,46.41,44.79,1.62,3.62,21819.87,98684.201
600299.SH,20070727,45.97,46.0,44.41,44.79,45.97,-1.18,-2.57,18352.59,82538.8
600299.SH,20070726,47.02,47.8,45.52,45.97,46.44,-0.47,-1.01,7597.06,34839.183
600299.SH,20070725,45.8,46.5,45.01,46.44,46.0,0.44,0.96,11179.52,51241.624
600299.SH,20070724,44.99,46.7,44.33,46.0,44.04,1.96,4.45,14728.92,66894.975
600299.SH,20070723,43.15,45.15,43.15,44.04,43.22,0.82,1.9,23030.51,101817.845
600299.SH,20070720,42.3,43.28,42.01,43.22,41.99,1.23,2.93,8420.04,36094.536
600299.SH,20070719,42.01,42.16,41.62,41.99,41.99,0.0,0.0,6283.85,26391.411
600299.SH,20070718,42.79,42.79,41.52,41.99,42.2,-0.21,-0.5,4842.87,20369.632
600299.SH,20070717,43.0,43.0,41.6,42.2,43.28,-1.08,-2.5,11346.49,47963.391
600299.SH,20070716,45.5,45.5,43.02,43.28,45.04,-1.76,-3.91,2904.82,12615.279
600299.SH,20070713,42.7,45.1,41.8,45.04,42.99,2.05,4.77,10980.29,47238.413
600299.SH,20070712,43.2,43.6,42.28,42.99,43.1,-0.11,-0.26,7297.39,31306.128
600299.SH,20070711,42.81,44.09,42.8,43.1,43.51,-0.41,-0.94,4252.34,18352.324
600299.SH,20070710,44.51,45.58,42.88,43.51,45.34,-1.83,-4.04,2504.03,10966.529
600299.SH,20070709,45.69,46.5,44.5,45.34,45.15,0.19,0.42,7818.43,35676.451
600299.SH,20070706,43.0,45.21,42.0,45.15,43.03,2.12,4.93,11992.61,52251.995
600299.SH,20070705,45.05,45.1,42.88,43.03,45.72,-2.69,-5.88,9465.94,41720.402
600299.SH,20070704,48.2,49.0,45.7,45.72,47.36,-1.64,-3.46,5742.5,27231.039
600299.SH,20070703,45.68,47.95,45.68,47.36,45.29,2.07,4.57,11016.42,51791.947
600299.SH,20070702,45.2,46.0,42.5,45.29,45.51,-0.22,-0.48,17190.07,76699.565
600299.SH,20070629,46.0,46.8,45.1,45.51,46.58,-1.07,-2.3,15018.48,69467.042
600299.SH,20070628,49.53,49.53,46.51,46.58,49.0,-2.42,-4.94,2709.87,12918.813
600299.SH,20070627,48.0,49.58,47.6,49.0,48.0,1.0,2.08,5039.09,24572.684
600299.SH,20070626,47.1,48.5,46.99,48.0,47.13,0.87,1.85,4483.82,21210.452
600299.SH,20070625,48.89,48.89,47.0,47.13,48.84,-1.71,-3.5,5166.68,24672.002
600299.SH,20070622,49.8,50.3,45.82,48.84,49.67,-0.83,-1.67,12059.41,56885.171
600299.SH,20070621,50.0,51.29,49.31,49.67,50.08,-0.41,-0.82,12845.42,64333.384
600299.SH,20070620,51.2,51.5,49.5,50.08,51.1,-1.02,-2.0,9075.53,45515.221
600299.SH,20070619,53.0,53.0,49.5,51.3,53.0,-1.7,-3.21,17507.5,88169.336
600299.SH,20070618,52.2,54.29,51.55,53.0,51.84,1.16,2.24,20005.88,106037.895
600299.SH,20070615,50.9,55.01,49.5,51.84,50.02,1.82,3.64,10876.86,56849.331
600299.SH,20070614,48.8,51.8,48.6,50.02,48.63,1.39,2.86,17577.71,88100.937
600299.SH,20070613,50.0,51.5,48.0,48.63,51.0,-2.37,-4.65,16802.95,83365.658
600299.SH,20070612,50.01,52.45,47.87,51.0,49.24,1.76,3.57,19631.93,97389.646
600299.SH,20070611,49.9,49.95,47.0,49.24,45.65,3.59,7.86,20228.91,98896.469
600299.SH,20070608,43.39,45.65,42.5,45.65,41.5,4.15,10.0,17075.7,76595.646
600299.SH,20070607,40.12,42.08,40.0,41.5,40.11,1.39,3.47,12720.45,52950.201
600299.SH,20070606,41.5,43.0,39.91,40.11,40.48,-0.37,-0.91,18668.52,77477.704
600299.SH,20070605,39.5,40.95,35.66,40.48,39.62,0.86,2.17,27544.15,103268.131
600299.SH,20070604,42.3,43.5,39.02,39.62,42.3,-2.68,-6.34,18500.02,76089.177
600299.SH,20070601,41.9,44.49,41.79,42.3,41.8,0.5,1.2,17861.16,77176.728
600299.SH,20070531,38.1,42.44,38.1,41.8,38.94,2.86,7.34,19153.25,77801.516
600299.SH,20070530,39.9,42.82,38.7,38.94,43.0,-4.06,-9.44,17745.83,72160.388
600299.SH,20070529,43.0,45.18,42.1,43.0,43.0,0.0,0.0,17047.87,73652.343
600299.SH,20070528,42.83,44.14,42.0,43.0,42.58,0.42,0.99,12371.84,54134.794
600299.SH,20070525,41.97,43.5,41.03,42.58,42.16,0.42,1.0,7768.82,33062.445
600299.SH,20070524,42.98,43.0,41.01,42.16,43.09,-0.93,-2.16,8962.34,37721.479
600299.SH,20070523,42.82,43.1,40.38,43.09,41.63,1.46,3.51,15865.73,67091.058
600299.SH,20070522,41.06,43.88,40.8,41.63,41.02,0.61,1.49,16455.21,69251.049
600299.SH,20070521,38.88,41.1,38.5,41.02,39.99,1.03,2.58,12262.88,49473.063
600299.SH,20070518,40.69,40.69,39.51,39.99,40.87,-0.88,-2.15,8027.42,32043.024
600299.SH,20070517,39.0,41.55,39.0,40.87,39.8,1.07,2.69,23559.26,96910.557
600299.SH,20070516,37.0,39.9,36.6,39.8,37.22,2.58,6.93,29571.34,113046.117
600299.SH,20070515,37.69,37.99,36.4,37.22,37.69,-0.47,-1.25,23356.12,86027.07
600299.SH,20070514,37.4,38.88,37.0,37.69,38.34,-0.65,-1.7,19452.04,74097.992
600299.SH,20070511,37.05,38.45,35.48,38.34,36.99,1.35,3.65,25438.25,93223.576
600299.SH,20070510,38.25,38.95,36.9,36.99,38.4,-1.41,-3.67,23512.01,87887.079
600299.SH,20070509,39.8,39.8,37.5,38.4,39.92,-1.52,-3.81,13356.23,51619.076
600299.SH,20070508,38.5,39.98,38.5,39.92,38.0,1.92,5.05,22171.45,86731.365
600299.SH,20070430,38.0,39.0,37.54,38.0,39.0,-1.0,-2.56,10283.02,39130.367
600299.SH,20070427,38.41,39.77,38.41,39.0,38.51,0.49,1.27,13626.15,53119.679
600299.SH,20070426,40.4,40.46,37.4,38.51,38.99,-0.48,-1.23,17375.32,65836.95
600299.SH,20070425,39.2,40.5,37.38,38.99,41.15,-2.16,-5.25,14063.1,54549.169
600299.SH,20070424,43.4,45.16,41.0,41.15,41.05,0.1,0.24,26382.36,115869.889
600299.SH,20070423,41.05,41.05,39.02,41.05,37.32,3.73,9.99,4919.7,20122.022
600299.SH,20070417,33.93,37.32,33.64,37.32,33.93,3.39,9.99,31395.75,113041.178
600299.SH,20070416,32.98,35.42,32.52,33.93,33.23,0.7,2.11,22462.22,78191.62
600299.SH,20070413,33.0,35.3,32.98,33.23,32.98,0.25,0.76,16749.77,56996.672
600299.SH,20070412,31.99,33.5,31.5,32.98,32.0,0.98,3.06,23292.04,76869.235
600299.SH,20070411,29.8,32.53,29.6,32.0,29.89,2.11,7.06,36835.41,116752.967
600299.SH,20070410,29.4,30.1,28.89,29.89,29.49,0.4,1.36,18827.1,55252.478
600299.SH,20070409,28.9,30.05,28.68,29.49,29.5,-0.01,-0.03,29560.51,86646.712
600299.SH,20070406,30.0,30.15,29.22,29.5,30.41,-0.91,-2.99,28129.55,83384.098
600299.SH,20070405,30.4,31.0,30.0,30.41,30.4,0.01,0.03,18612.8,56660.873
600299.SH,20070404,28.5,31.2,28.0,30.4,28.5,1.9,6.67,41719.81,123048.696
600299.SH,20070403,26.55,28.99,26.36,28.5,26.35,2.15,8.16,44335.06,123862.701
600299.SH,20070402,26.96,26.96,25.88,26.35,26.96,-0.61,-2.26,26055.4,68300.604
600299.SH,20070330,26.83,27.24,26.8,26.96,26.83,0.13,0.48,12714.69,34323.581
600299.SH,20070329,27.0,27.49,26.61,26.83,27.05,-0.22,-0.81,28523.44,77038.389
600299.SH,20070328,28.0,28.3,25.58,27.05,27.95,-0.9,-3.22,52563.36,140511.329
600299.SH,20070327,28.39,28.49,27.51,27.95,28.39,-0.44,-1.55,29588.64,83080.895
600299.SH,20070326,28.61,28.98,28.15,28.39,28.75,-0.36,-1.25,17578.82,49965.195
600299.SH,20070323,29.2,29.3,28.2,28.75,29.75,-1.0,-3.36,9719.82,27959.386
600299.SH,20070322,30.2,30.99,29.05,29.75,29.9,-0.15,-0.5,11057.65,33256.59
600299.SH,20070321,29.18,30.5,28.9,29.9,29.2,0.7,2.4,21988.87,64740.619
600299.SH,20070320,28.5,29.4,28.12,29.2,28.49,0.71,2.49,16306.06,46697.883
600299.SH,20070319,27.33,28.78,26.85,28.49,28.0,0.49,1.75,13474.63,37661.132
600299.SH,20070316,28.35,28.4,27.78,28.0,28.3,-0.3,-1.06,12880.23,35986.666
600299.SH,20070315,28.1,28.5,27.59,28.3,28.1,0.2,0.71,10578.67,29562.603
600299.SH,20070314,28.8,28.8,27.5,28.1,28.84,-0.74,-2.57,7671.01,21562.539
600299.SH,20070313,28.8,29.02,27.62,28.84,28.77,0.07,0.24,8386.85,23552.607
600299.SH,20070312,29.98,30.15,28.3,28.77,29.91,-1.14,-3.81,9048.69,26077.089
600299.SH,20070309,30.0,30.15,29.26,29.91,29.94,-0.03,-0.1,4714.67,14010.004
600299.SH,20070308,29.88,30.45,29.6,29.94,29.8,0.14,0.47,5972.89,17841.114
600299.SH,20070307,29.9,30.5,28.52,29.8,28.9,0.9,3.11,9703.07,29096.211
600299.SH,20070306,28.45,29.18,28.1,28.9,28.82,0.08,0.28,3727.03,10725.37
600299.SH,20070305,29.03,29.64,27.81,28.82,29.25,-0.43,-1.47,8780.04,25620.241
600299.SH,20070302,29.0,30.0,28.98,29.25,29.23,0.02,0.07,6500.05,19104.49
600299.SH,20070301,30.26,30.81,28.95,29.23,30.88,-1.65,-5.34,7924.3,23385.661
600299.SH,20070228,28.59,31.0,27.41,30.88,28.59,2.29,8.01,28465.8,81153.187
600299.SH,20070227,31.59,31.59,28.59,28.59,31.77,-3.18,-10.01,24854.67,72579.334
600299.SH,20070226,31.92,32.16,30.6,31.77,31.95,-0.18,-0.56,10056.6,31406.118
600299.SH,20070216,31.51,32.3,30.51,31.95,32.05,-0.1,-0.31,9318.67,29513.932
600299.SH,20070215,32.2,32.4,31.06,32.05,31.88,0.17,0.53,8426.09,26837.545
600299.SH,20070214,30.1,32.1,30.1,31.88,30.73,1.15,3.74,15565.25,48784.111
600299.SH,20070213,30.0,31.4,30.0,30.73,30.15,0.58,1.92,13833.19,42916.038
600299.SH,20070212,29.2,31.58,29.2,30.15,29.2,0.95,3.25,22846.48,68931.363
600299.SH,20070209,26.84,29.52,26.8,29.2,26.84,2.36,8.79,30441.52,86536.0
600299.SH,20070208,25.5,28.2,25.5,26.84,25.69,1.15,4.48,16470.0,44342.96
600299.SH,20070207,25.6,26.4,24.8,25.69,25.69,0.0,0.0,10878.05,27818.495
600299.SH,20070206,24.55,25.75,24.53,25.69,24.53,1.16,4.73,28076.38,70206.055
600299.SH,20070205,24.9,25.3,23.5,24.53,25.14,-0.61,-2.43,9498.26,23451.602
600299.SH,20070202,27.5,28.18,24.66,25.14,27.4,-2.26,-8.25,11805.71,31540.588
600299.SH,20070201,26.8,27.7,26.0,27.4,26.8,0.6,2.24,24364.09,65878.079
600299.SH,20070131,27.6,27.96,25.9,26.8,27.6,-0.8,-2.9,15640.44,41778.463
600299.SH,20070130,27.29,28.8,27.29,27.6,27.29,0.31,1.14,9680.75,27160.586
600299.SH,20070129,27.45,28.0,26.91,27.29,27.31,-0.02,-0.07,18856.43,51405.82
600299.SH,20070126,24.92,27.6,24.5,27.31,26.59,0.72,2.71,18987.96,48773.017
600299.SH,20070124,25.86,27.01,25.07,26.59,25.83,0.76,2.94,18028.64,47705.076
600299.SH,20070123,27.2,27.5,25.5,25.83,27.27,-1.44,-5.28,24068.58,63622.148
600299.SH,20070122,26.46,27.49,26.02,27.27,26.12,1.15,4.4,37093.37,99782.926
600299.SH,20070119,25.3,26.5,24.62,26.12,25.24,0.88,3.49,26762.52,67529.114
600299.SH,20070118,24.57,26.88,24.57,25.24,24.56,0.68,2.77,25133.61,64144.55
600299.SH,20070117,24.63,25.96,24.2,24.56,24.15,0.41,1.7,39276.65,99156.447
600299.SH,20070116,21.8,24.15,21.8,24.15,21.95,2.2,10.02,34551.25,80942.784
600299.SH,20070115,20.55,22.0,20.26,21.95,20.74,1.21,5.83,25618.51,54073.799
600299.SH,20070112,21.6,21.8,20.58,20.74,21.6,-0.86,-3.98,16339.41,34792.94
600299.SH,20070111,21.5,22.28,21.4,21.6,21.8,-0.2,-0.92,19152.08,41677.832
600299.SH,20070110,21.51,22.0,21.11,21.8,21.67,0.13,0.6,18945.95,40722.722
600299.SH,20070109,21.38,21.98,20.0,21.67,21.37,0.3,1.4,17189.87,36786.182
600299.SH,20070108,20.4,21.49,20.0,21.37,20.54,0.83,4.04,32427.98,67825.461
600299.SH,20070105,18.72,20.58,18.56,20.54,18.72,1.82,9.72,36551.97,72154.138
600299.SH,20070104,18.27,19.0,18.15,18.72,18.28,0.44,2.41,51475.87,96151.472
600299.SH,20061229,18.35,18.51,17.99,18.28,18.43,-0.15,-0.81,54111.41,98342.323
600299.SH,20061228,18.07,18.5,17.66,18.43,18.07,0.36,1.99,33943.62,61431.163
600299.SH,20061227,17.7,18.1,17.61,18.07,17.69,0.38,2.15,24489.33,43450.091
600299.SH,20061226,18.41,18.6,17.5,17.69,18.44,-0.75,-4.07,19020.06,33865.829
600299.SH,20061225,18.36,18.79,18.1,18.44,18.36,0.08,0.44,6445.36,11943.409
600299.SH,20061222,18.2,18.5,17.83,18.36,18.44,-0.08,-0.43,14672.88,26703.905
600299.SH,20061221,18.72,19.04,18.2,18.44,18.69,-0.25,-1.34,20048.18,37359.433
600299.SH,20061220,18.52,19.06,18.52,18.69,18.89,-0.2,-1.06,9088.05,17037.1
600299.SH,20061219,19.42,19.58,18.65,18.89,19.41,-0.52,-2.68,21986.24,41565.132
600299.SH,20061218,18.6,19.45,18.6,19.41,18.72,0.69,3.69,25188.49,48458.828
600299.SH,20061215,17.9,18.8,17.7,18.72,17.9,0.82,4.58,29037.27,53323.707
600299.SH,20061214,17.55,18.4,17.55,17.9,17.45,0.45,2.58,19849.63,35580.407
600299.SH,20061213,16.65,17.5,16.56,17.45,16.56,0.89,5.37,27495.0,46973.273
600299.SH,20061212,16.9,16.9,16.3,16.56,16.76,-0.2,-1.19,15376.04,25458.442
600299.SH,20061211,15.6,16.88,15.6,16.76,15.71,1.05,6.68,11542.06,18674.914
600299.SH,20061208,16.04,16.29,15.41,15.71,16.23,-0.52,-3.2,28543.15,45049.331
600299.SH,20061207,17.0,17.14,16.15,16.23,17.14,-0.91,-5.31,18270.67,30475.382
600299.SH,20061206,17.4,17.68,16.7,17.14,17.59,-0.45,-2.56,39881.38,68336.506
600299.SH,20061205,17.51,17.72,17.2,17.59,17.51,0.08,0.46,22044.3,38615.677
600299.SH,20061204,16.88,17.8,16.6,17.51,16.88,0.63,3.73,42635.65,73286.616
600299.SH,20061201,16.58,17.33,16.58,16.88,16.88,0.0,0.0,17266.88,29465.94
600299.SH,20061130,16.29,17.28,16.16,16.88,16.29,0.59,3.62,42975.67,72516.641
600299.SH,20061129,15.2,16.58,15.02,16.29,15.5,0.79,5.1,35685.32,57591.096
600299.SH,20061128,15.25,15.8,15.1,15.5,15.4,0.1,0.65,11540.34,17870.851
600299.SH,20061124,15.18,15.59,14.9,15.4,15.2,0.2,1.32,18660.91,28320.647
600299.SH,20061123,15.22,15.52,15.2,15.2,15.35,-0.15,-0.98,20954.09,32209.167
600299.SH,20061122,14.85,15.4,14.71,15.35,14.7,0.65,4.42,32437.28,48996.091
600299.SH,20061121,14.3,14.71,14.18,14.7,14.4,0.3,2.08,29978.7,43451.978
600299.SH,20061120,14.09,14.84,14.09,14.4,14.09,0.31,2.2,29083.12,42250.068
600299.SH,20061117,13.8,14.18,13.75,14.09,13.85,0.24,1.73,9163.43,12837.704
600299.SH,20061116,14.3,14.5,13.82,13.85,14.08,-0.23,-1.63,24452.03,34690.701
600299.SH,20061115,13.85,14.28,13.85,14.08,13.81,0.27,1.96,22962.17,32337.095
600299.SH,20061114,12.9,13.81,12.9,13.81,12.81,1.0,7.81,14642.23,19502.809
600299.SH,20061113,13.48,13.6,12.7,12.81,13.51,-0.7,-5.18,19941.7,26077.163
600299.SH,20061110,13.95,14.0,13.5,13.51,13.89,-0.38,-2.74,10441.65,14347.071
600299.SH,20061109,14.0,14.04,13.76,13.89,13.94,-0.05,-0.36,10315.14,14319.117
600299.SH,20061108,13.85,14.02,13.8,13.94,13.82,0.12,0.87,15297.81,21312.05
600299.SH,20061107,14.35,14.35,13.67,13.82,14.2,-0.38,-2.68,24512.18,33920.693
600299.SH,20061106,14.7,14.97,14.19,14.2,14.75,-0.55,-3.73,18806.11,27138.457
600299.SH,20061103,14.55,14.9,14.46,14.75,14.53,0.22,1.51,10129.72,14855.963
600299.SH,20061102,14.6,14.64,14.43,14.53,14.6,-0.07,-0.48,8603.96,12527.754
600299.SH,20061101,15.0,15.1,14.42,14.6,14.93,-0.33,-2.21,17428.69,25567.725
600299.SH,20061031,14.8,14.97,14.4,14.93,14.8,0.13,0.88,16788.09,24610.379
600299.SH,20061030,15.5,15.5,14.74,14.8,15.2,-0.4,-2.63,19562.9,29049.337
600299.SH,20061027,16.15,16.2,14.71,15.2,16.12,-0.92,-5.71,39131.44,59964.985
600299.SH,20061026,15.98,16.54,15.7,16.12,15.8,0.32,2.03,40354.25,65551.884
600299.SH,20061025,15.14,16.0,14.91,15.8,15.15,0.65,4.29,37007.62,56069.293
600299.SH,20061024,14.95,15.21,14.83,15.15,14.88,0.27,1.81,22462.2,33667.611
600299.SH,20061023,15.5,15.5,14.7,14.88,15.5,-0.62,-4.0,22110.35,32956.038
600299.SH,20061020,15.6,15.88,15.49,15.5,15.59,-0.09,-0.58,7149.87,11182.56
600299.SH,20061019,15.63,15.88,15.5,15.59,15.63,-0.04,-0.26,5486.92,8590.681
600299.SH,20061018,15.28,15.68,15.28,15.63,15.39,0.24,1.56,7909.09,12210.106
600299.SH,20061017,15.4,15.85,15.17,15.39,15.53,-0.14,-0.9,9405.94,14660.759
600299.SH,20061016,16.6,16.6,15.41,15.53,16.46,-0.93,-5.65,16214.65,25611.152
600299.SH,20061013,16.21,16.68,16.21,16.46,16.29,0.17,1.04,12227.49,20078.882
600299.SH,20061012,15.75,16.37,15.75,16.29,15.74,0.55,3.49,18927.26,30521.614
600299.SH,20061011,15.7,16.0,15.7,15.74,15.74,0.0,0.0,8909.22,14100.04
600299.SH,20061010,15.99,15.99,15.58,15.74,15.92,-0.18,-1.13,9685.84,15307.625
600299.SH,20061009,15.5,16.4,15.5,15.92,15.35,0.57,3.71,16145.67,25711.7
600299.SH,20060929,14.96,15.45,14.96,15.35,14.96,0.39,2.61,9298.56,14174.174
600299.SH,20060928,14.71,15.1,14.62,14.96,14.7,0.26,1.77,8302.69,12327.631
600299.SH,20060927,14.53,14.89,14.53,14.7,14.56,0.14,0.96,4965.93,7340.552
600299.SH,20060926,14.85,15.05,14.54,14.56,15.08,-0.52,-3.45,9634.58,14125.368
600299.SH,20060925,15.0,15.25,14.86,15.08,15.36,-0.28,-1.82,10636.93,16012.476
600299.SH,20060922,15.29,15.7,14.88,15.36,15.47,-0.11,-0.71,21424.39,32953.898
600299.SH,20060921,16.51,16.51,14.6,15.47,15.01,0.46,3.06,53353.98,80722.573
600299.SH,20060919,14.28,15.2,14.0,15.01,14.28,0.73,5.11,57024.88,84408.004
600299.SH,20060918,13.98,14.28,13.98,14.28,13.96,0.32,2.29,27721.03,39096.909
600299.SH,20060915,13.8,14.04,13.75,13.96,13.82,0.14,1.01,21220.98,29544.949
600299.SH,20060914,13.8,13.97,13.59,13.82,13.79,0.03,0.22,11529.38,15933.449
600299.SH,20060913,13.98,14.07,13.7,13.79,13.95,-0.16,-1.15,16210.83,22407.143
600299.SH,20060912,14.04,14.09,13.8,13.95,14.02,-0.07,-0.5,18302.62,25493.105
600299.SH,20060911,13.56,14.17,13.56,14.02,13.54,0.48,3.55,56963.22,79654.159
600299.SH,20060908,13.0,13.56,12.82,13.54,13.06,0.48,3.68,22824.87,30420.338
600299.SH,20060907,13.45,13.45,12.98,13.06,13.33,-0.27,-2.03,14730.25,19294.275
600299.SH,20060906,13.3,13.57,13.15,13.33,13.44,-0.11,-0.82,10680.78,14221.211
600299.SH,20060905,13.44,13.64,13.25,13.44,13.39,0.05,0.37,17442.4,23393.425
600299.SH,20060904,13.1,13.42,12.92,13.39,13.21,0.18,1.36,21071.44,27856.792
600299.SH,20060901,13.82,13.96,13.12,13.21,13.62,-0.41,-3.01,27329.8,36818.753
600299.SH,20060831,14.0,14.18,13.55,13.62,14.0,-0.38,-2.71,29724.15,40684.563
600299.SH,20060830,14.0,14.1,13.8,14.0,14.01,-0.01,-0.07,19582.97,27345.133
600299.SH,20060829,13.19,14.32,13.16,14.01,13.15,0.86,6.54,63787.16,87883.772
600299.SH,20060828,12.86,13.2,12.8,13.15,12.85,0.3,2.33,27817.22,36284.936
600299.SH,20060825,13.22,13.23,12.61,12.85,13.22,-0.37,-2.8,32764.59,42127.853
600299.SH,20060824,13.45,13.5,13.1,13.22,13.47,-0.25,-1.86,24119.64,31917.657
600299.SH,20060823,13.55,13.58,13.18,13.47,13.55,-0.08,-0.59,15337.41,20598.641
600299.SH,20060822,13.48,13.69,13.36,13.55,13.5,0.05,0.37,19424.52,26304.33
600299.SH,20060821,12.7,13.56,12.55,13.5,13.25,0.25,1.89,24490.82,32731.836
600299.SH,20060818,12.76,13.48,12.76,13.25,12.84,0.41,3.19,35232.11,46391.644
600299.SH,20060817,12.42,13.03,12.42,12.84,12.62,0.22,1.74,19641.85,25076.159
600299.SH,20060816,12.38,12.75,12.35,12.62,12.36,0.26,2.1,18878.15,23675.522
600299.SH,20060815,12.35,12.61,12.11,12.36,12.49,-0.13,-1.04,12729.07,15776.746
600299.SH,20060814,13.04,13.1,12.22,12.49,13.14,-0.65,-4.95,24231.63,30810.99
600299.SH,20060811,12.02,13.5,12.02,13.14,12.32,0.82,6.66,21200.74,27363.569
600299.SH,20060810,18.68,19.15,18.5,18.6,18.78,-0.18,-0.96,17605.17,33049.795
600299.SH,20060809,17.9,18.87,17.6,18.78,17.89,0.89,4.97,30736.51,56681.066
600299.SH,20060808,17.6,18.0,17.4,17.89,17.66,0.23,1.3,9906.28,17528.691
600299.SH,20060807,17.99,18.18,16.81,17.66,18.08,-0.42,-2.32,37667.28,65876.049
600299.SH,20060804,17.7,18.45,17.7,18.08,17.84,0.24,1.35,49230.74,89015.72
600299.SH,20060803,18.45,19.48,17.82,17.84,17.28,0.56,3.24,134900.08,250853.942
600299.SH,20060322,16.85,17.4,16.82,17.28,16.9,0.38,2.25,16431.93,28145.498
600299.SH,20060321,17.16,17.19,16.7,16.9,17.19,-0.29,-1.69,11364.13,19191.526
600299.SH,20060320,17.3,17.39,17.0,17.19,17.39,-0.2,-1.15,12131.99,20804.698
600299.SH,20060317,16.9,17.66,16.71,17.39,16.9,0.49,2.9,26592.28,46389.799
600299.SH,20060316,17.2,17.2,16.79,16.9,16.92,-0.02,-0.12,31239.05,53064.363
600299.SH,20060224,15.95,16.95,15.95,16.92,15.9,1.02,6.42,22000.44,36498.081
600299.SH,20060223,15.81,16.0,15.59,15.9,15.81,0.09,0.57,13706.87,21689.841
600299.SH,20060222,15.1,16.08,15.1,15.81,15.13,0.68,4.49,20863.27,33143.948
600299.SH,20060221,14.95,15.17,14.65,15.13,14.95,0.18,1.2,22003.7,32574.77
600299.SH,20060220,15.3,15.5,14.6,14.95,15.34,-0.39,-2.54,26023.14,38702.39
600299.SH,20060217,15.48,15.6,15.16,15.34,15.54,-0.2,-1.29,11874.06,18222.468
600299.SH,20060216,15.9,15.95,15.41,15.54,15.99,-0.45,-2.81,22436.42,35114.175
600299.SH,20060215,16.0,16.03,15.71,15.99,16.04,-0.05,-0.31,16085.35,25453.791
600299.SH,20060214,16.4,16.47,15.25,16.04,16.39,-0.35,-2.14,18638.57,30021.635
600299.SH,20060213,16.1,16.44,15.82,16.39,16.14,0.25,1.55,9998.73,16075.699
600299.SH,20060210,15.96,16.17,15.67,16.14,15.67,0.47,3.0,7716.02,12298.364
600299.SH,20060209,15.66,16.2,15.38,15.67,15.83,-0.16,-1.01,18164.52,28586.639
600299.SH,20060208,17.16,17.16,15.5,15.83,17.2,-1.37,-7.97,32627.07,52695.549
600299.SH,20060207,17.27,17.64,17.08,17.2,17.37,-0.17,-0.98,22785.67,39515.608
600299.SH,20060206,16.9,17.44,16.25,17.37,16.86,0.51,3.02,17462.39,29666.742
600299.SH,20060125,16.51,17.21,16.46,16.86,16.63,0.23,1.38,23613.9,39803.838
600299.SH,20060124,15.93,16.88,15.63,16.63,16.12,0.51,3.16,24542.22,39939.468
600299.SH,20060123,15.9,16.35,15.82,16.12,16.07,0.05,0.31,13393.15,21625.126
600299.SH,20060120,15.68,16.5,15.31,16.07,15.68,0.39,2.49,16141.12,25444.854
600299.SH,20060119,15.29,15.69,15.0,15.68,15.32,0.36,2.35,20274.36,31197.504
600299.SH,20060118,14.98,15.49,14.91,15.32,14.87,0.45,3.03,15847.88,24149.195
600299.SH,20060117,14.86,15.15,14.68,14.87,14.86,0.01,0.07,8505.8,12615.562
600299.SH,20060116,15.03,15.5,14.8,14.86,15.1,-0.24,-1.59,17241.17,26046.282
600299.SH,20060113,15.55,15.61,14.8,15.1,15.58,-0.48,-3.08,18349.66,27923.391
600299.SH,20060112,15.4,15.66,15.3,15.58,15.44,0.14,0.91,11077.03,17155.478
600299.SH,20060111,14.65,16.08,14.48,15.44,14.71,0.73,4.96,30930.21,47621.839
600299.SH,20060110,14.71,15.0,14.42,14.71,14.79,-0.08,-0.54,19503.45,28687.975
600299.SH,20060109,13.99,14.88,13.75,14.79,13.99,0.8,5.72,53742.15,77416.891
600299.SH,20060106,12.82,14.09,12.65,13.99,12.82,1.17,9.13,45207.67,61001.905
600299.SH,20060105,12.96,13.27,12.7,12.82,12.95,-0.13,-1.0,16089.18,20711.326
600299.SH,20060104,12.98,13.0,12.81,12.95,13.07,-0.12,-0.92,10780.0,13942.52
600299.SH,20051230,13.3,13.35,12.75,13.07,13.34,-0.27,-2.02,26082.39,33848.193
600299.SH,20051229,13.0,13.42,12.85,13.34,13.0,0.34,2.62,20970.33,27735.533
600299.SH,20051228,12.96,13.0,12.73,13.0,12.97,0.03,0.23,6428.43,8261.495
600299.SH,20051227,13.2,13.3,12.85,12.97,13.07,-0.1,-0.77,9716.53,12568.976
600299.SH,20051223,12.63,13.13,12.47,13.07,12.63,0.44,3.48,14232.34,18413.364
600299.SH,20051222,12.5,12.7,12.42,12.63,12.59,0.04,0.32,4117.65,5172.473
600299.SH,20051221,12.83,12.83,12.45,12.59,12.76,-0.17,-1.33,4109.0,5183.524
600299.SH,20051220,12.45,12.8,12.43,12.76,12.47,0.29,2.33,6367.18,8044.288
600299.SH,20051219,12.48,12.57,12.36,12.47,12.56,-0.09,-0.72,2814.9,3510.402
600299.SH,20051216,12.6,12.67,12.31,12.56,12.59,-0.03,-0.24,7154.09,8943.698
600299.SH,20051215,12.4,12.7,12.16,12.59,12.15,0.44,3.62,24593.82,30723.615
600299.SH,20051214,11.67,12.25,11.61,12.15,11.74,0.41,3.49,10978.19,13217.254
600299.SH,20051213,11.71,11.75,11.55,11.74,11.71,0.03,0.26,5639.06,6568.613
600299.SH,20051212,11.41,11.74,11.41,11.71,11.46,0.25,2.18,7690.73,8953.146
600299.SH,20051209,11.29,11.53,11.13,11.46,11.33,0.13,1.15,8743.24,9939.011
600299.SH,20051208,11.08,11.34,10.99,11.33,11.1,0.23,2.07,13155.7,14760.118
600299.SH,20051207,11.0,11.16,10.82,11.1,11.06,0.04,0.36,7870.26,8635.778
600299.SH,20051206,11.3,11.39,11.02,11.06,11.42,-0.36,-3.15,11240.0,12553.526
600299.SH,20051205,11.89,11.89,11.3,11.42,11.89,-0.47,-3.95,4371.6,5062.583
600299.SH,20051202,11.89,11.93,11.61,11.89,11.93,-0.04,-0.34,4597.08,5404.916
600299.SH,20051201,11.9,11.98,11.7,11.93,11.93,0.0,0.0,3576.18,4244.391
600299.SH,20051130,11.7,11.99,11.5,11.93,11.74,0.19,1.62,4838.41,5730.242
600299.SH,20051129,11.93,11.99,11.67,11.74,11.96,-0.22,-1.84,3968.2,4671.134
600299.SH,20051128,12.14,12.14,11.77,11.96,12.14,-0.18,-1.48,5289.69,6317.813
600299.SH,20051125,11.95,12.25,11.95,12.14,12.0,0.14,1.17,4048.76,4913.257
600299.SH,20051124,12.11,12.28,11.98,12.0,12.11,-0.11,-0.91,3725.2,4510.437
600299.SH,20051123,11.97,12.21,11.75,12.11,11.97,0.14,1.17,4860.61,5880.771
600299.SH,20051122,12.17,12.2,11.81,11.97,12.17,-0.2,-1.64,3938.01,4709.776
600299.SH,20051121,12.16,12.49,12.1,12.17,12.18,-0.01,-0.08,5632.3,6887.109
600299.SH,20051118,11.78,12.35,11.77,12.18,11.89,0.29,2.44,10719.84,13035.816
600299.SH,20051117,12.46,12.49,11.85,11.89,12.46,-0.57,-4.57,13171.14,16043.919
600299.SH,20051116,12.25,12.59,12.1,12.46,12.35,0.11,0.89,6276.14,7736.26
600299.SH,20051115,12.96,13.03,12.22,12.35,13.0,-0.65,-5.0,14282.15,17828.3
600299.SH,20051114,12.95,13.08,12.75,13.0,12.92,0.08,0.62,3512.84,4548.339
600299.SH,20051111,12.62,13.13,12.6,12.92,12.78,0.14,1.1,8382.51,10896.841
600299.SH,20051110,12.9,12.93,12.67,12.78,12.99,-0.21,-1.62,8225.72,10513.689
600299.SH,20051109,13.08,13.35,12.8,12.99,13.02,-0.03,-0.23,24771.22,32493.181
600299.SH,20051108,12.47,13.2,12.35,13.02,12.43,0.59,4.75,26544.61,34221.3
600299.SH,20051107,12.02,12.5,11.8,12.43,12.14,0.29,2.39,10614.2,12913.85
600299.SH,20051104,12.0,12.2,11.76,12.14,12.13,0.01,0.08,8439.25,10129.838
600299.SH,20051103,12.5,12.63,11.95,12.13,12.47,-0.34,-2.73,13383.45,16508.882
600299.SH,20051102,11.95,12.75,11.95,12.47,11.97,0.5,4.18,17918.3,22471.257
600299.SH,20051101,12.38,12.39,11.78,11.97,12.44,-0.47,-3.78,16611.25,19923.372
600299.SH,20051031,12.5,12.79,11.9,12.44,12.47,-0.03,-0.24,13905.68,17273.794
600299.SH,20051028,12.96,13.0,12.06,12.47,12.91,-0.44,-3.41,29765.75,37670.269
600299.SH,20051027,12.25,13.09,12.25,12.91,12.34,0.57,4.62,35692.82,45707.237
600299.SH,20051026,12.3,12.65,12.2,12.34,12.48,-0.14,-1.12,14109.48,17482.184
600299.SH,20051025,12.75,12.77,12.35,12.48,12.77,-0.29,-2.27,16613.98,20852.567
600299.SH,20051024,12.68,12.97,12.68,12.77,12.7,0.07,0.55,15264.8,19528.616
600299.SH,20051021,11.9,12.88,11.75,12.7,11.71,0.99,8.45,39403.52,49608.006
600299.SH,20051020,11.6,11.83,11.5,11.71,11.69,0.02,0.17,14207.94,16575.091
600299.SH,20051019,11.91,11.99,11.65,11.69,11.88,-0.19,-1.6,16730.72,19771.422
600299.SH,20051018,11.8,12.1,11.67,11.88,11.83,0.05,0.42,22151.24,26404.668
600299.SH,20051017,11.5,12.06,11.39,11.83,11.56,0.27,2.34,22795.3,27047.149
600299.SH,20051014,11.42,11.83,11.27,11.56,11.46,0.1,0.87,28899.14,33490.422
600299.SH,20051013,11.66,11.89,11.45,11.46,11.62,-0.16,-1.38,27624.95,32165.747
600299.SH,20051012,10.59,11.62,10.59,11.62,10.56,1.06,10.04,59062.23,67078.709
600299.SH,20051011,10.33,10.59,10.3,10.56,10.27,0.29,2.82,14066.77,14774.226
600299.SH,20051010,10.38,10.49,10.13,10.27,10.36,-0.09,-0.87,6156.07,6328.679
600299.SH,20050930,10.05,10.45,10.05,10.36,10.1,0.26,2.57,18396.48,19030.979
600299.SH,20050929,9.8,10.16,9.72,10.1,9.66,0.44,4.55,11959.45,11863.728
600299.SH,20050928,9.73,9.9,9.63,9.66,9.73,-0.07,-0.72,6854.88,6668.094
600299.SH,20050927,10.0,10.02,9.7,9.73,10.03,-0.3,-2.99,8943.19,8757.242
600299.SH,20050926,10.1,10.18,9.9,10.03,10.14,-0.11,-1.08,5173.18,5176.893
600299.SH,20050923,10.0,10.15,9.9,10.14,9.97,0.17,1.71,16527.37,16614.067
600299.SH,20050922,9.91,10.0,9.61,9.97,9.96,0.01,0.1,16644.9,16456.378
600299.SH,20050921,10.06,10.28,9.9,9.96,10.18,-0.22,-2.16,14785.03,14828.34
600299.SH,20050920,10.54,10.54,10.08,10.18,10.54,-0.36,-3.42,19656.67,20044.214
600299.SH,20050919,10.34,10.55,10.16,10.54,10.38,0.16,1.54,11228.74,11586.807
600299.SH,20050916,10.63,10.63,10.33,10.38,10.63,-0.25,-2.35,19215.86,20064.449
600299.SH,20050915,10.61,10.7,10.56,10.63,10.6,0.03,0.28,11220.13,11922.869
600299.SH,20050914,10.69,10.73,10.55,10.6,10.65,-0.05,-0.47,11212.77,11927.089
600299.SH,20050913,10.3,10.67,10.26,10.65,10.36,0.29,2.8,11680.09,12255.949
600299.SH,20050912,10.45,10.51,10.16,10.36,10.51,-0.15,-1.43,9893.6,10207.756
600299.SH,20050908,10.56,10.69,10.3,10.51,10.48,0.03,0.29,13958.38,14655.922
600299.SH,20050907,10.19,10.5,10.15,10.48,10.19,0.29,2.85,13215.25,13606.716
600299.SH,20050906,10.51,10.66,10.15,10.19,10.51,-0.32,-3.04,16915.56,17676.428
600299.SH,20050905,10.5,10.55,10.33,10.51,10.43,0.08,0.77,8821.8,9198.235
600299.SH,20050902,10.52,10.6,10.39,10.43,10.5,-0.07,-0.67,12169.81,12710.191
600299.SH,20050901,10.01,10.53,9.95,10.5,10.03,0.47,4.69,24366.52,25222.269
600299.SH,20050831,9.71,10.06,9.66,10.03,9.78,0.25,2.56,8253.89,8155.618
600299.SH,20050830,9.6,9.89,9.6,9.78,9.69,0.09,0.93,11864.13,11567.815
600299.SH,20050829,10.07,10.08,9.67,9.69,10.13,-0.44,-4.34,23406.23,22924.964
600299.SH,20050826,10.14,10.17,9.95,10.13,10.14,-0.01,-0.1,10562.16,10652.579
600299.SH,20050825,10.22,10.28,10.0,10.14,10.22,-0.08,-0.78,12137.54,12289.807
600299.SH,20050824,9.89,10.33,9.85,10.22,9.89,0.33,3.34,23030.13,23435.374
600299.SH,20050823,9.97,10.04,9.73,9.89,9.98,-0.09,-0.9,9425.42,9294.858
600299.SH,20050822,9.85,9.99,9.71,9.98,9.86,0.12,1.22,11501.87,11304.674
600299.SH,20050819,9.55,9.9,9.5,9.86,9.58,0.28,2.92,18392.31,17814.405
600299.SH,20050818,10.18,10.28,9.52,9.58,10.18,-0.6,-5.89,21637.7,21465.314
600299.SH,20050817,9.8,10.35,9.65,10.18,9.81,0.37,3.77,27040.56,27308.746
600299.SH,20050816,9.75,10.11,9.65,9.81,9.75,0.06,0.62,31590.74,31254.016
600299.SH,20050815,8.96,9.86,8.91,9.75,8.96,0.79,8.82,33251.84,31632.838
600299.SH,20050812,9.2,9.25,8.89,8.96,9.2,-0.24,-2.61,23722.18,21421.995
600299.SH,20050811,9.26,9.36,9.12,9.2,9.26,-0.06,-0.65,19055.98,17608.349
600299.SH,20050810,9.11,9.28,8.97,9.26,9.11,0.15,1.65,18810.93,17177.125
600299.SH,20050809,9.0,9.31,8.9,9.11,9.15,-0.04,-0.44,24855.83,22655.134
600299.SH,20050808,9.1,9.23,9.0,9.15,9.05,0.1,1.11,27384.72,24921.628
600299.SH,20050805,8.43,9.1,8.43,9.05,8.43,0.62,7.35,24567.41,21772.445
600299.SH,20050804,8.5,8.56,8.36,8.43,8.55,-0.12,-1.4,10302.89,8709.419
600299.SH,20050803,8.65,8.68,8.49,8.55,8.61,-0.06,-0.7,15901.87,13635.83
600299.SH,20050802,8.45,8.63,8.45,8.61,8.45,0.16,1.89,12581.03,10766.665
600299.SH,20050801,8.38,8.6,8.38,8.45,8.29,0.16,1.93,10559.96,8991.763
600299.SH,20050729,8.25,8.38,8.2,8.29,8.26,0.03,0.36,4971.93,4124.642
600299.SH,20050728,8.32,8.41,8.22,8.26,8.32,-0.06,-0.72,6305.7,5246.727
600299.SH,20050727,8.13,8.33,8.0,8.32,8.15,0.17,2.09,9891.29,8068.619
600299.SH,20050726,8.05,8.2,7.96,8.15,8.06,0.09,1.12,10326.99,8382.912
600299.SH,20050725,7.78,8.08,7.7,8.06,7.89,0.17,2.15,6375.07,5064.068
600299.SH,20050722,7.83,8.03,7.5,7.89,7.89,0.0,0.0,17600.25,13649.108
600299.SH,20050721,8.53,8.55,7.69,7.89,8.54,-0.65,-7.61,30176.74,24053.388
600299.SH,20050720,8.42,8.65,8.42,8.54,8.53,0.01,0.12,5546.0,4751.478
600299.SH,20050719,8.56,8.65,8.42,8.53,8.57,-0.04,-0.47,3790.73,3223.402
600299.SH,20050718,8.42,8.58,8.32,8.57,8.42,0.15,1.78,6255.03,5314.305
600299.SH,20050715,8.69,8.75,8.26,8.42,8.61,-0.19,-2.21,12211.29,10372.643
600299.SH,20050714,8.69,8.83,8.57,8.61,8.71,-0.1,-1.15,11875.55,10293.171
600299.SH,20050713,8.6,8.81,8.51,8.71,8.61,0.1,1.16,23281.66,20211.882
600299.SH,20050712,8.28,8.77,8.13,8.61,8.26,0.35,4.24,21110.87,18130.694
600299.SH,20050711,8.25,8.55,8.19,8.26,8.2,0.06,0.73,7280.25,6108.461
600299.SH,20050708,8.3,8.4,8.18,8.2,8.43,-0.23,-2.73,3591.57,2956.619
600299.SH,20050707,8.55,8.63,8.33,8.43,8.55,-0.12,-1.4,10374.05,8762.077
600299.SH,20050706,8.32,8.66,8.32,8.55,8.37,0.18,2.15,16853.73,14390.625
600299.SH,20050705,8.35,8.41,8.17,8.37,8.31,0.06,0.72,9589.38,7987.14
600299.SH,20050704,8.36,8.36,7.99,8.31,8.36,-0.05,-0.6,9943.31,8091.533
600299.SH,20050701,8.78,8.79,8.2,8.36,8.6,-0.24,-2.79,12631.05,10606.233
600299.SH,20050630,8.59,8.75,8.45,8.6,8.62,-0.02,-0.23,10462.22,8998.615
600299.SH,20050629,8.64,8.67,8.5,8.62,8.64,-0.02,-0.23,4003.9,3430.331
600299.SH,20050628,8.65,8.68,8.48,8.64,8.73,-0.09,-1.03,9729.58,8391.196
600299.SH,20050627,8.22,8.76,8.22,8.73,8.17,0.56,6.85,20492.05,17695.802
600299.SH,20050624,8.02,8.18,7.95,8.17,8.08,0.09,1.11,4754.5,3831.227
600299.SH,20050623,7.95,8.14,7.91,8.08,8.0,0.08,1.0,10061.24,8112.079
600299.SH,20050622,7.75,8.01,7.75,8.0,7.85,0.15,1.91,6399.16,5067.4
600299.SH,20050621,7.95,8.0,7.73,7.85,8.01,-0.16,-2.0,11410.45,8945.943
600299.SH,20050620,7.27,8.05,7.16,8.01,7.33,0.68,9.28,12482.69,9495.664
600299.SH,20050617,7.35,7.4,7.13,7.33,7.3,0.03,0.41,4761.64,3439.343
600299.SH,20050616,7.17,7.3,7.08,7.3,7.2,0.1,1.39,4919.09,3548.099
600299.SH,20050615,7.56,7.56,7.19,7.2,7.6,-0.4,-5.26,7011.41,5090.424
600299.SH,20050614,7.9,7.93,7.58,7.6,7.76,-0.16,-2.06,8171.71,6312.654
600299.SH,20050613,7.8,7.97,7.58,7.76,7.84,-0.08,-1.02,6521.48,5032.198
600299.SH,20050610,7.98,8.0,7.72,7.84,7.99,-0.15,-1.88,5820.2,4558.267
600299.SH,20050609,7.88,8.15,7.75,7.99,7.9,0.09,1.14,18490.35,14769.745
600299.SH,20050608,7.17,7.92,7.17,7.9,7.2,0.7,9.72,20736.14,16144.487
600299.SH,20050607,7.11,7.6,7.06,7.2,7.11,0.09,1.27,13241.71,9735.158
600299.SH,20050606,6.7,7.13,6.52,7.11,6.81,0.3,4.41,7361.55,5028.005
600299.SH,20050603,7.1,7.17,6.52,6.81,7.18,-0.37,-5.15,18063.19,12228.717
600299.SH,20050602,7.8,7.85,7.08,7.18,7.87,-0.69,-8.77,15918.05,11538.319
600299.SH,20050601,7.91,7.95,7.8,7.87,7.94,-0.07,-0.88,5828.39,4594.776
600299.SH,20050531,8.05,8.06,7.93,7.94,8.0,-0.06,-0.75,3596.71,2874.269
600299.SH,20050530,7.9,8.05,7.81,8.0,7.88,0.12,1.52,6512.29,5163.032
600299.SH,20050527,7.88,7.96,7.8,7.88,7.88,0.0,0.0,7939.54,6278.676
600299.SH,20050526,7.97,7.97,7.8,7.88,7.98,-0.1,-1.25,18637.13,14730.374
600299.SH,20050525,8.85,8.85,7.9,7.98,8.74,-0.76,-8.7,27184.94,22482.103
600299.SH,20050524,8.68,8.99,8.68,8.74,8.69,0.05,0.58,6268.79,5529.182
600299.SH,20050523,8.88,8.88,8.63,8.69,8.89,-0.2,-2.25,5740.0,5023.154
600299.SH,20050520,8.79,8.95,8.7,8.89,8.75,0.14,1.6,5151.48,4568.233
600299.SH,20050519,8.91,8.98,8.65,8.75,8.97,-0.22,-2.45,6930.38,6078.4
600299.SH,20050518,9.0,9.13,8.82,8.97,9.03,-0.06,-0.66,3610.0,3241.442
600299.SH,20050517,9.05,9.08,8.8,9.03,9.02,0.01,0.11,7639.73,6835.856
600299.SH,20050516,8.78,9.08,8.78,9.02,8.82,0.2,2.27,11106.56,9980.228
600299.SH,20050513,8.69,8.88,8.63,8.82,8.82,0.0,0.0,7249.7,6363.542
600299.SH,20050512,8.95,8.99,8.5,8.82,9.03,-0.21,-2.33,16830.53,14606.855
600299.SH,20050511,8.85,9.16,8.82,9.03,8.82,0.21,2.38,17481.14,15831.909
600299.SH,20050509,9.17,9.17,8.7,8.82,9.18,-0.36,-3.92,13652.27,12124.209
600299.SH,20050429,9.38,9.38,9.09,9.18,9.38,-0.2,-2.13,18404.0,16950.172
600299.SH,20050428,9.15,9.39,9.07,9.38,9.21,0.17,1.85,18891.17,17547.246
600299.SH,20050427,9.06,9.39,8.88,9.21,9.06,0.15,1.66,18116.76,16538.7
600299.SH,20050426,9.01,9.2,8.86,9.06,8.98,0.08,0.89,14290.16,12882.27
600299.SH,20050425,9.09,9.43,9.0,9.2,9.08,0.12,1.32,41245.12,38158.099
600299.SH,20050422,9.0,9.35,8.93,9.08,9.07,0.01,0.11,33361.58,30453.832
600299.SH,20050421,8.8,9.08,8.65,9.07,8.85,0.22,2.49,27419.32,24362.829
600299.SH,20050420,8.84,8.92,8.65,8.85,8.82,0.03,0.34,24526.58,21619.394
600299.SH,20050419,8.55,8.84,8.53,8.82,8.57,0.25,2.92,31407.49,27474.226
600299.SH,20050418,8.4,8.66,8.35,8.57,8.4,0.17,2.02,12750.91,10906.035
600299.SH,20050415,8.4,8.47,8.24,8.4,8.48,-0.08,-0.94,7322.83,6118.726
600299.SH,20050414,8.5,8.58,8.41,8.48,8.5,-0.02,-0.24,8498.33,7198.735
600299.SH,20050413,8.54,8.69,8.4,8.5,8.35,0.15,1.8,14890.32,12744.137
600299.SH,20050412,8.46,8.55,8.35,8.35,8.46,-0.11,-1.3,7365.82,6197.607
600299.SH,20050411,8.26,8.66,8.23,8.46,8.26,0.2,2.42,19727.65,16738.075
600299.SH,20050408,8.16,8.29,8.12,8.26,8.15,0.11,1.35,14063.53,11512.499
600299.SH,20050407,8.7,8.7,8.11,8.15,7.99,0.16,2.0,22704.92,18737.986
600299.SH,20050406,7.67,8.06,7.67,7.99,7.77,0.22,2.83,6606.09,5198.947
600299.SH,20050405,7.81,7.93,7.77,7.77,7.93,-0.16,-2.02,2257.92,1771.88
600299.SH,20050404,8.08,8.14,7.92,7.93,8.2,-0.27,-3.29,3980.0,3195.08
600299.SH,20050401,7.98,8.3,7.81,8.2,8.01,0.19,2.37,7997.38,6499.021
600299.SH,20050331,7.86,8.06,7.84,8.01,7.96,0.05,0.63,2736.5,2169.488
600299.SH,20050330,7.94,8.0,7.67,7.96,7.98,-0.02,-0.25,7535.0,5910.597
600299.SH,20050329,8.0,8.11,7.94,7.98,8.0,-0.02,-0.25,12858.02,10311.656
600299.SH,20050328,7.8,8.02,7.74,8.0,7.83,0.17,2.17,5337.0,4198.454
600299.SH,20050325,7.73,7.85,7.67,7.83,7.71,0.12,1.56,4055.01,3149.491
600299.SH,20050324,7.66,7.8,7.51,7.71,7.7,0.01,0.13,5727.9,4360.45
600299.SH,20050323,8.07,8.07,7.68,7.7,8.05,-0.35,-4.35,13592.0,10715.238
600299.SH,20050322,8.18,8.19,7.97,8.05,8.19,-0.14,-1.71,4431.0,3560.462
600299.SH,20050321,8.16,8.19,8.0,8.19,8.21,-0.02,-0.24,3508.01,2848.798
600299.SH,20050318,8.25,8.37,7.92,8.21,8.28,-0.07,-0.85,9414.5,7641.758
600299.SH,20050317,8.7,8.8,8.26,8.28,8.65,-0.37,-4.28,15478.09,13248.542
600299.SH,20050316,8.59,8.7,8.45,8.65,8.59,0.06,0.7,12024.41,10306.584
600299.SH,20050315,8.51,8.88,8.51,8.59,8.58,0.01,0.12,16936.11,14725.5
600299.SH,20050314,8.38,8.78,8.19,8.58,8.39,0.19,2.26,19769.63,16906.366
600299.SH,20050311,8.0,8.4,7.81,8.39,8.16,0.23,2.82,6936.67,5605.429
600299.SH,20050308,7.98,8.18,7.96,8.16,7.96,0.2,2.51,4499.28,3637.536
600299.SH,20050307,8.01,8.03,7.93,7.96,7.95,0.01,0.13,1564.4,1246.291
600299.SH,20050304,8.2,8.2,7.9,7.95,8.18,-0.23,-2.81,2249.0,1808.008
600299.SH,20050303,8.12,8.18,8.01,8.18,8.15,0.03,0.37,2397.5,1941.133
600299.SH,20050302,8.31,8.36,8.12,8.15,8.31,-0.16,-1.93,2694.04,2214.162
600299.SH,20050301,8.4,8.4,8.26,8.31,8.37,-0.06,-0.72,2059.41,1709.983
600299.SH,20050228,8.3,8.4,8.11,8.37,8.35,0.02,0.24,5533.0,4583.62
600299.SH,20050225,8.3,8.41,8.28,8.35,8.32,0.03,0.36,6988.3,5822.149
600299.SH,20050224,8.22,8.37,8.1,8.32,8.23,0.09,1.09,6275.83,5187.069
600299.SH,20050223,8.16,8.26,8.07,8.23,8.22,0.01,0.12,4841.47,3959.302
600299.SH,20050222,7.88,8.28,7.88,8.22,7.98,0.24,3.01,8367.46,6734.675
600299.SH,20050221,7.67,8.0,7.63,7.98,7.67,0.31,4.04,4409.06,3454.778
600299.SH,20050218,7.87,7.87,7.65,7.67,7.87,-0.2,-2.54,2778.45,2141.672
600299.SH,20050217,7.9,7.9,7.7,7.87,7.9,-0.03,-0.38,4711.83,3663.55
600299.SH,20050216,7.95,8.06,7.9,7.9,7.91,-0.01,-0.13,2710.65,2160.489
600299.SH,20050204,8.33,8.33,7.45,7.91,8.27,-0.36,-4.35,11380.31,8942.555
600299.SH,20050203,8.49,8.49,8.25,8.27,8.44,-0.17,-2.01,4647.95,3874.256
600299.SH,20050202,7.93,8.47,7.93,8.44,7.95,0.49,6.16,6224.1,5129.197
600299.SH,20050201,7.99,8.03,7.9,7.95,8.0,-0.05,-0.63,822.4,654.933
600299.SH,20050131,7.91,8.03,7.91,8.0,8.12,-0.12,-1.48,1036.98,825.943
600299.SH,20050128,8.08,8.16,7.88,8.12,8.09,0.03,0.37,2546.59,2033.781
600299.SH,20050127,8.05,8.17,7.95,8.09,8.22,-0.13,-1.58,1535.0,1231.263
600299.SH,20050126,8.17,8.25,8.03,8.22,8.19,0.03,0.37,1239.03,1009.341
600299.SH,20050125,8.08,8.36,7.93,8.19,8.14,0.05,0.61,2227.27,1786.762
600299.SH,20050124,8.15,8.3,8.0,8.14,8.09,0.05,0.62,2598.54,2119.252
600299.SH,20050121,7.78,8.1,7.62,8.09,7.81,0.28,3.59,3297.22,2577.682
600299.SH,20050120,8.0,8.0,7.61,7.81,8.06,-0.25,-3.1,3757.63,2931.793
600299.SH,20050119,8.15,8.15,8.05,8.06,8.1,-0.04,-0.49,622.0,503.622
600299.SH,20050118,8.05,8.12,7.96,8.1,8.04,0.06,0.75,1717.96,1381.462
600299.SH,20050117,8.21,8.21,7.98,8.04,8.29,-0.25,-3.02,2086.24,1679.458
600299.SH,20050114,8.51,8.58,8.28,8.29,8.51,-0.22,-2.59,2275.7,1919.516
600299.SH,20050113,8.47,8.58,8.42,8.51,8.47,0.04,0.47,3029.0,2585.047
600299.SH,20050112,8.32,8.49,8.29,8.47,8.32,0.15,1.8,1721.7,1445.853
600299.SH,20050111,8.26,8.33,8.2,8.32,8.25,0.07,0.85,1355.3,1118.993
600299.SH,20050110,8.26,8.26,8.15,8.25,8.2,0.05,0.61,869.0,713.983
600299.SH,20050107,8.18,8.35,8.17,8.2,8.18,0.02,0.24,1390.46,1147.964
600299.SH,20050106,8.36,8.39,8.15,8.18,8.39,-0.21,-2.5,1794.0,1481.015
600299.SH,20050105,8.34,8.46,8.31,8.39,8.35,0.04,0.48,1511.68,1267.943
600299.SH,20050104,8.43,8.43,8.3,8.35,8.52,-0.17,-2.0,2347.7,1962.025
600299.SH,20041231,8.6,8.7,8.45,8.52,8.61,-0.09,-1.05,4128.85,3529.988
600299.SH,20041230,8.47,8.65,8.33,8.61,8.45,0.16,1.89,6012.86,5100.272
600299.SH,20041229,8.21,8.47,8.2,8.45,8.22,0.23,2.8,6594.91,5497.861
600299.SH,20041228,8.13,8.25,8.07,8.22,8.12,0.1,1.23,2524.37,2059.9
600299.SH,20041227,8.0,8.14,8.0,8.12,8.0,0.12,1.5,1425.25,1155.091
600299.SH,20041224,7.95,8.01,7.86,8.0,7.94,0.06,0.76,697.0,555.695
600299.SH,20041223,8.1,8.12,7.93,7.94,8.12,-0.18,-2.22,1391.0,1113.92
600299.SH,20041222,7.85,8.15,7.85,8.12,7.83,0.29,3.7,1933.66,1552.518
600299.SH,20041221,7.81,7.95,7.81,7.83,7.81,0.02,0.26,984.51,774.463
600299.SH,20041220,7.71,7.84,7.69,7.81,7.8,0.01,0.13,1887.33,1468.347
600299.SH,20041217,7.8,7.88,7.75,7.8,7.81,-0.01,-0.13,1810.54,1412.589
600299.SH,20041216,7.9,7.96,7.78,7.81,7.94,-0.13,-1.64,1612.0,1271.518
600299.SH,20041215,7.81,7.94,7.75,7.94,7.88,0.06,0.76,4044.4,3160.135
600299.SH,20041214,8.2,8.2,7.87,7.88,8.2,-0.32,-3.9,3131.8,2500.416
600299.SH,20041213,8.13,8.2,8.13,8.2,8.2,0.0,0.0,1385.8,1132.656
600299.SH,20041210,8.4,8.42,8.16,8.2,8.4,-0.2,-2.38,2280.67,1884.855
600299.SH,20041209,8.3,8.52,8.28,8.4,8.3,0.1,1.2,2687.69,2250.261
600299.SH,20041208,8.35,8.35,8.2,8.3,8.18,0.12,1.47,2130.84,1764.671
600299.SH,20041207,8.28,8.28,8.17,8.18,8.29,-0.11,-1.33,1739.23,1428.531
600299.SH,20041206,8.33,8.35,8.2,8.29,8.33,-0.04,-0.48,2160.92,1783.498
600299.SH,20041203,8.24,8.37,8.18,8.33,8.25,0.08,0.97,2650.24,2201.515
600299.SH,20041202,8.28,8.33,8.15,8.25,8.3,-0.05,-0.6,2211.53,1819.741
600299.SH,20041201,8.3,8.35,8.26,8.3,8.26,0.04,0.48,1595.67,1324.495
600299.SH,20041130,8.18,8.32,8.17,8.26,8.21,0.05,0.61,3744.29,3080.326
600299.SH,20041129,8.59,8.59,8.2,8.21,8.6,-0.39,-4.53,5694.47,4751.605
600299.SH,20041126,8.68,8.7,8.57,8.6,8.67,-0.07,-0.81,2423.7,2088.007
600299.SH,20041125,8.63,8.69,8.55,8.67,8.69,-0.02,-0.23,3945.85,3400.5
600299.SH,20041124,8.9,8.9,8.67,8.69,8.86,-0.17,-1.92,4002.99,3509.667
600299.SH,20041123,8.92,8.92,8.76,8.86,8.92,-0.06,-0.67,5721.93,5054.487
600299.SH,20041122,8.94,8.96,8.86,8.92,8.95,-0.03,-0.34,7110.33,6329.82
600299.SH,20041119,8.68,9.0,8.68,8.95,8.71,0.24,2.76,14619.5,12994.649
600299.SH,20041118,8.52,8.76,8.5,8.71,8.56,0.15,1.75,6041.85,5212.979
600299.SH,20041117,8.72,8.72,8.45,8.56,8.71,-0.15,-1.72,4681.0,4016.623
600299.SH,20041116,8.72,8.87,8.7,8.71,8.72,-0.01,-0.11,4410.25,3864.079
600299.SH,20041115,8.57,8.82,8.57,8.72,8.55,0.17,1.99,10161.81,8897.484
600299.SH,20041112,8.61,8.71,8.5,8.55,8.65,-0.1,-1.16,6293.0,5408.861
600299.SH,20041111,8.88,8.88,8.63,8.65,8.83,-0.18,-2.04,14741.51,12907.845
600299.SH,20041110,8.58,8.87,8.45,8.83,8.6,0.23,2.67,15905.22,13876.972
600299.SH,20041109,8.6,8.6,8.41,8.6,8.61,-0.01,-0.12,5954.66,5075.207
600299.SH,20041108,8.71,8.71,8.54,8.61,8.65,-0.04,-0.46,8184.43,7037.549
600299.SH,20041105,8.44,8.68,8.43,8.65,8.36,0.29,3.47,23238.17,19895.739
600299.SH,20041104,8.36,8.45,8.25,8.36,8.34,0.02,0.24,9925.4,8311.414
600299.SH,20041103,8.19,8.35,8.09,8.34,8.13,0.21,2.58,4418.01,3632.491
600299.SH,20041102,8.19,8.19,8.06,8.13,8.1,0.03,0.37,2704.76,2195.494
600299.SH,20041101,8.12,8.12,8.01,8.1,8.12,-0.02,-0.25,3032.3,2446.809
600299.SH,20041029,8.01,8.12,7.7,8.12,8.15,-0.03,-0.37,6276.8,5028.139
600299.SH,20041028,8.36,8.4,8.13,8.15,8.35,-0.2,-2.4,5365.87,4458.769
600299.SH,20041027,8.29,8.4,8.25,8.35,8.28,0.07,0.85,5542.39,4618.318
600299.SH,20041026,8.23,8.29,7.93,8.28,8.25,0.03,0.36,5991.67,4892.321
600299.SH,20041025,8.21,8.35,8.2,8.25,8.2,0.05,0.61,8861.49,7343.779
600299.SH,20041022,7.93,8.23,7.7,8.2,7.92,0.28,3.54,5401.36,4341.444
600299.SH,20041021,7.95,8.04,7.81,7.92,7.88,0.04,0.51,4120.19,3257.142
600299.SH,20041020,8.0,8.0,7.75,7.88,7.9,-0.02,-0.25,1831.69,1429.921
600299.SH,20041019,8.1,8.14,7.85,7.9,7.95,-0.05,-0.63,3200.0,2569.701
600299.SH,20041018,8.05,8.14,7.8,7.95,7.98,-0.03,-0.38,2607.98,2071.023
600299.SH,20041015,7.8,8.06,7.55,7.98,7.75,0.23,2.97,7489.1,5897.88
600299.SH,20041014,8.36,8.4,7.71,7.75,8.33,-0.58,-6.96,6039.0,4848.468
600299.SH,20041013,8.35,8.4,8.21,8.33,8.35,-0.02,-0.24,4449.49,3682.212
600299.SH,20041012,8.3,8.44,8.26,8.35,8.33,0.02,0.24,8218.94,6880.636
600299.SH,20041011,8.2,8.5,8.2,8.33,8.2,0.13,1.59,9581.24,8022.028
600299.SH,20041008,8.03,8.2,7.95,8.2,8.03,0.17,2.12,5101.0,4114.997
600299.SH,20040930,8.15,8.18,8.0,8.03,8.19,-0.16,-1.95,4029.0,3247.942
600299.SH,20040929,8.2,8.25,8.13,8.19,8.15,0.04,0.49,4459.39,3638.407
600299.SH,20040928,7.89,8.55,7.89,8.15,7.86,0.29,3.69,12143.89,10082.211
600299.SH,20040927,8.1,8.33,7.81,7.86,8.08,-0.22,-2.72,5711.8,4574.056
600299.SH,20040924,8.49,8.5,8.07,8.08,8.25,-0.17,-2.06,15565.12,12895.053
600299.SH,20040923,8.09,8.25,7.91,8.25,7.92,0.33,4.17,13891.89,11288.052
600299.SH,20040922,7.95,8.01,7.78,7.92,7.97,-0.05,-0.63,9512.1,7529.8
600299.SH,20040921,7.86,8.03,7.72,7.97,7.86,0.11,1.4,12530.04,9915.637
600299.SH,20040920,7.66,7.93,7.63,7.86,7.66,0.2,2.61,11896.12,9243.062
600299.SH,20040917,7.31,7.67,7.31,7.66,7.38,0.28,3.79,10384.38,7854.079
600299.SH,20040916,7.35,7.45,7.3,7.38,7.35,0.03,0.41,5360.9,3948.857
600299.SH,20040915,7.15,7.45,7.06,7.35,7.06,0.29,4.11,6479.99,4756.504
600299.SH,20040914,6.89,7.2,6.89,7.06,6.89,0.17,2.47,1648.0,1158.296
600299.SH,20040913,7.1,7.1,6.88,6.89,7.11,-0.22,-3.09,1199.99,839.77
600299.SH,20040910,6.95,7.18,6.93,7.11,6.98,0.13,1.86,2792.65,1969.568
600299.SH,20040909,7.15,7.19,6.92,6.98,7.15,-0.17,-2.38,3963.99,2790.45
600299.SH,20040908,7.17,7.28,7.15,7.15,7.2,-0.05,-0.69,1199.55,861.274
600299.SH,20040907,7.23,7.27,7.18,7.2,7.31,-0.11,-1.5,826.22,594.834
600299.SH,20040906,7.29,7.33,7.23,7.31,7.29,0.02,0.27,954.6,696.048
600299.SH,20040903,7.3,7.36,7.28,7.29,7.33,-0.04,-0.55,1591.91,1162.785
600299.SH,20040902,7.3,7.33,7.17,7.33,7.28,0.05,0.69,4229.14,3065.375
600299.SH,20040901,7.36,7.36,7.28,7.28,7.38,-0.1,-1.36,880.0,642.124
600299.SH,20040831,7.48,7.89,7.31,7.38,7.31,0.07,0.96,3040.0,2264.128
600299.SH,20040830,7.2,7.31,7.18,7.31,7.21,0.1,1.39,1390.31,1009.262
600299.SH,20040827,7.11,7.25,7.11,7.21,7.11,0.1,1.41,2583.52,1858.674
600299.SH,20040826,7.2,7.22,7.1,7.11,7.2,-0.09,-1.25,6467.79,4631.532
600299.SH,20040825,7.19,7.22,7.12,7.2,7.2,0.0,0.0,3392.99,2436.374
600299.SH,20040824,7.0,7.2,6.9,7.2,7.0,0.2,2.86,8173.01,5823.557
600299.SH,20040823,7.15,7.2,6.85,7.0,7.24,-0.24,-3.31,15975.6,11224.298
600299.SH,20040820,7.3,7.36,7.11,7.24,7.29,-0.05,-0.69,6138.0,4422.615
600299.SH,20040819,7.36,7.36,7.21,7.29,7.35,-0.06,-0.82,5971.11,4350.798
600299.SH,20040818,7.29,7.45,7.29,7.35,7.26,0.09,1.24,4556.4,3355.791
600299.SH,20040817,6.71,7.4,6.71,7.26,7.4,-0.14,-1.89,5895.48,4275.265
600299.SH,20040816,7.36,7.5,7.31,7.4,7.43,-0.03,-0.4,5143.64,3806.368
600299.SH,20040813,7.29,7.45,7.21,7.43,7.24,0.19,2.62,5280.17,3893.089
600299.SH,20040812,7.13,7.27,7.08,7.24,7.18,0.06,0.84,2630.77,1886.64
600299.SH,20040811,7.26,7.26,7.18,7.18,7.25,-0.07,-0.97,1306.0,939.997
600299.SH,20040810,7.2,7.31,7.18,7.25,7.21,0.04,0.55,1719.9,1243.844
600299.SH,20040809,7.21,7.27,7.16,7.21,7.27,-0.06,-0.83,2015.79,1450.673
600299.SH,20040806,7.21,7.33,7.17,7.27,7.27,0.0,0.0,2107.95,1522.472
600299.SH,20040805,7.47,7.47,7.27,7.27,7.47,-0.2,-2.68,2010.0,1478.524
600299.SH,20040804,7.3,7.55,7.25,7.47,7.3,0.17,2.33,3965.34,2949.698
600299.SH,20040803,7.25,7.34,7.21,7.3,7.28,0.02,0.27,1870.0,1359.189
600299.SH,20040802,7.31,7.32,7.2,7.28,7.35,-0.07,-0.95,2059.3,1497.796
600299.SH,20040730,7.57,7.59,7.35,7.35,7.57,-0.22,-2.91,5769.34,4281.608
600299.SH,20040729,7.5,7.59,7.42,7.57,7.47,0.1,1.34,6451.89,4859.442
600299.SH,20040728,7.26,7.58,7.26,7.47,7.26,0.21,2.89,10600.24,7887.325
600299.SH,20040727,7.35,7.39,7.12,7.26,7.35,-0.09,-1.22,5354.74,3876.741
600299.SH,20040726,7.4,7.48,7.28,7.35,7.37,-0.02,-0.27,7439.1,5476.454
600299.SH,20040723,7.08,7.38,7.08,7.37,7.15,0.22,3.08,7314.34,5269.026
600299.SH,20040722,7.35,7.44,7.12,7.15,7.35,-0.2,-2.72,13818.29,10083.839
600299.SH,20040721,7.28,7.37,7.16,7.35,7.31,0.04,0.55,7774.17,5670.163
600299.SH,20040720,7.24,7.37,7.11,7.31,7.24,0.07,0.97,11688.82,8489.696
600299.SH,20040719,7.13,7.36,7.07,7.24,7.19,0.05,0.7,17935.94,12983.232
600299.SH,20040716,6.72,7.2,6.66,7.19,6.6,0.59,8.94,21708.31,15214.18
600299.SH,20040715,6.67,6.75,6.56,6.6,6.58,0.02,0.3,12050.49,8015.567
600299.SH,20040714,6.6,6.8,6.4,6.58,6.35,0.23,3.62,8050.98,5241.749
600299.SH,20040713,6.37,6.4,6.28,6.35,6.36,-0.01,-0.16,3474.94,2203.951
600299.SH,20040712,6.6,6.6,6.3,6.36,6.64,-0.28,-4.22,4499.49,2873.575
600299.SH,20040709,6.73,6.79,6.63,6.64,6.73,-0.09,-1.34,2416.72,1620.549
600299.SH,20040708,6.72,6.78,6.67,6.73,6.72,0.01,0.15,3068.66,2066.334
600299.SH,20040707,6.8,6.88,6.7,6.72,6.9,-0.18,-2.61,5260.0,3564.57
600299.SH,20040706,6.75,6.95,6.71,6.9,6.75,0.15,2.22,15317.12,10486.963
600299.SH,20040705,6.69,6.77,6.66,6.75,6.69,0.06,0.9,3648.02,2449.377
600299.SH,20040702,6.71,6.73,6.62,6.69,6.73,-0.04,-0.59,2087.16,1395.244
600299.SH,20040701,6.5,6.76,6.5,6.73,6.55,0.18,2.75,3529.38,2365.769
600299.SH,20040630,6.7,6.7,6.55,6.55,6.68,-0.13,-1.95,1765.5,1171.939
600299.SH,20040629,6.6,6.74,6.52,6.68,6.6,0.08,1.21,2238.11,1485.515
600299.SH,20040628,6.62,6.69,6.51,6.6,6.69,-0.09,-1.35,1631.1,1073.547
600299.SH,20040625,6.92,6.95,6.68,6.69,6.94,-0.25,-3.6,1897.0,1290.366
600299.SH,20040624,6.94,7.0,6.9,6.94,6.95,-0.01,-0.14,1713.23,1192.981
600299.SH,20040623,6.98,7.03,6.9,6.95,7.02,-0.07,-1.0,1136.0,787.347
600299.SH,20040622,6.72,7.08,6.72,7.02,6.94,0.08,1.15,2408.0,1690.248
600299.SH,20040621,6.7,6.95,6.7,6.94,6.78,0.16,2.36,1968.27,1352.83
600299.SH,20040618,6.92,6.97,6.72,6.78,6.92,-0.14,-2.02,1688.75,1146.373
600299.SH,20040617,6.99,7.1,6.85,6.92,6.99,-0.07,-1.0,1792.29,1249.647
600299.SH,20040616,7.05,7.15,6.98,6.99,7.0,-0.01,-0.14,4096.48,2882.445
600299.SH,20040615,6.9,7.08,6.82,7.0,6.86,0.14,2.04,2619.99,1815.543
600299.SH,20040614,7.18,7.2,6.85,6.86,7.18,-0.32,-4.46,3901.23,2717.68
600299.SH,20040611,7.23,7.3,7.1,7.18,7.12,0.06,0.84,4360.6,3133.369
600299.SH,20040610,7.1,7.15,7.01,7.12,7.11,0.01,0.14,2571.29,1823.067
600299.SH,20040609,7.21,7.29,7.1,7.11,7.27,-0.16,-2.2,3041.5,2192.515
600299.SH,20040608,7.21,7.35,7.16,7.27,7.26,0.01,0.14,2472.9,1793.974
600299.SH,20040607,7.4,7.42,7.19,7.26,7.4,-0.14,-1.89,3855.11,2807.898
600299.SH,20040604,7.32,7.47,7.3,7.4,7.4,0.0,0.0,2852.0,2114.016
600299.SH,20040603,7.6,7.67,7.4,7.4,7.72,-0.32,-4.15,3973.0,2978.126
600299.SH,20040602,7.51,7.8,7.39,7.72,7.53,0.19,2.52,10218.51,7839.06
600299.SH,20040601,7.3,7.56,7.28,7.53,7.28,0.25,3.43,3408.27,2538.394
600299.SH,20040531,7.3,7.34,7.21,7.28,7.32,-0.04,-0.55,867.5,631.117
600299.SH,20040528,7.2,7.4,7.17,7.32,7.17,0.15,2.09,4613.14,3370.168
600299.SH,20040527,7.1,7.24,6.98,7.17,7.02,0.15,2.14,5014.17,3570.263
600299.SH,20040526,7.31,7.4,7.0,7.22,7.31,-0.09,-1.23,7958.0,5704.398
600299.SH,20040525,7.65,7.72,7.3,7.31,7.63,-0.32,-4.19,5291.78,3943.819
600299.SH,20040524,7.9,7.93,7.6,7.63,7.88,-0.25,-3.17,3165.6,2445.831
600299.SH,20040521,7.77,7.89,7.7,7.88,7.76,0.12,1.55,6851.43,5327.933
600299.SH,20040520,7.9,7.96,7.76,7.76,7.91,-0.15,-1.9,1816.14,1426.514
600299.SH,20040519,7.96,8.02,7.88,7.91,7.96,-0.05,-0.63,3377.0,2687.061
600299.SH,20040518,7.75,7.99,7.75,7.96,7.75,0.21,2.71,2880.51,2257.192
600299.SH,20040517,7.74,8.0,7.67,7.75,7.76,-0.01,-0.13,2031.5,1591.148
600299.SH,20040514,8.0,8.0,7.75,7.76,8.0,-0.24,-3.0,4478.0,3530.414
600299.SH,20040513,7.85,8.03,7.78,8.0,7.78,0.22,2.83,8380.88,6629.712
600299.SH,20040512,7.6,7.78,7.55,7.78,7.58,0.2,2.64,3437.67,2654.273
600299.SH,20040511,7.62,7.7,7.49,7.58,7.53,0.05,0.66,2112.5,1598.493
600299.SH,20040510,7.82,7.85,7.5,7.53,7.62,-0.09,-1.18,2060.9,1564.66
600299.SH,20040430,7.56,7.74,7.55,7.62,7.56,0.06,0.79,5026.42,3827.884
600299.SH,20040429,7.87,7.96,7.5,7.56,7.86,-0.3,-3.82,6605.26,5075.933
600299.SH,20040428,7.75,8.0,7.75,7.86,7.9,-0.04,-0.51,7248.75,5691.168
600299.SH,20040427,8.5,8.51,7.88,7.9,8.6,-0.7,-8.14,9821.2,7962.704
600299.SH,20040426,8.48,8.6,8.45,8.6,8.46,0.14,1.65,2425.33,2063.157
600299.SH,20040423,8.59,8.67,8.43,8.46,8.59,-0.13,-1.51,2351.47,2014.957
600299.SH,20040422,8.4,8.59,8.4,8.59,8.41,0.18,2.14,3168.0,2692.443
600299.SH,20040421,8.6,8.8,8.39,8.41,8.6,-0.19,-2.21,5375.58,4581.89
600299.SH,20040420,8.64,8.77,8.55,8.6,8.65,-0.05,-0.58,2493.48,2155.155
600299.SH,20040419,8.68,8.8,8.6,8.65,8.73,-0.08,-0.92,4135.91,3588.177
600299.SH,20040416,8.65,8.8,8.48,8.73,8.65,0.08,0.92,5203.91,4485.023
600299.SH,20040415,8.86,8.9,8.64,8.65,8.8,-0.15,-1.7,4956.0,4351.418
600299.SH,20040414,9.0,9.0,8.76,8.8,9.0,-0.2,-2.22,8233.95,7284.135
600299.SH,20040413,9.22,9.29,8.9,9.0,9.21,-0.21,-2.28,6605.0,6025.819
600299.SH,20040412,9.0,9.25,8.91,9.21,9.1,0.11,1.21,7808.14,7102.838
600299.SH,20040409,9.42,9.46,9.08,9.1,9.41,-0.31,-3.29,10386.0,9588.729
600299.SH,20040408,9.56,9.56,9.28,9.41,9.59,-0.18,-1.88,12842.64,12096.19
600299.SH,20040407,9.67,9.97,9.58,9.59,9.53,0.06,0.63,23196.05,22669.022
600299.SH,20040406,9.52,9.6,9.47,9.53,9.52,0.01,0.11,10334.33,9840.505
600299.SH,20040405,9.25,9.68,9.25,9.52,9.22,0.3,3.25,23755.13,22579.112
600299.SH,20040402,9.29,9.29,9.15,9.22,9.29,-0.07,-0.75,11611.67,10714.086
600299.SH,20040401,9.05,9.35,8.92,9.29,8.99,0.3,3.34,32554.15,29985.408
600299.SH,20040331,8.8,9.0,8.71,8.99,8.77,0.22,2.51,13267.18,11815.076
600299.SH,20040330,8.69,8.8,8.64,8.77,8.71,0.06,0.69,3691.57,3207.181
600299.SH,20040329,8.72,8.84,8.7,8.71,8.77,-0.06,-0.68,4185.9,3666.0
600299.SH,20040326,8.82,8.9,8.7,8.77,8.82,-0.05,-0.57,5161.98,4536.302
600299.SH,20040325,8.81,8.97,8.75,8.82,8.76,0.06,0.68,16902.92,14969.317
600299.SH,20040324,8.51,8.77,8.51,8.76,8.59,0.17,1.98,12697.26,11035.934
600299.SH,20040323,8.55,8.61,8.46,8.59,8.57,0.02,0.23,5059.35,4312.327
600299.SH,20040322,8.63,8.67,8.51,8.57,8.53,0.04,0.47,4034.86,3457.07
600299.SH,20040318,8.6,8.7,8.44,8.53,8.59,-0.06,-0.7,13410.91,11490.256
600299.SH,20040317,8.48,8.69,8.48,8.59,8.52,0.07,0.82,8078.12,6953.535
600299.SH,20040316,8.54,8.62,8.45,8.52,8.54,-0.02,-0.23,7458.82,6351.862
600299.SH,20040315,8.36,8.56,8.32,8.54,8.39,0.15,1.79,6581.79,5558.128
600299.SH,20040312,8.42,8.46,8.22,8.39,8.4,-0.01,-0.12,5919.1,4941.137
600299.SH,20040311,8.37,8.47,8.25,8.4,8.37,0.03,0.36,4693.63,3945.896
600299.SH,20040310,8.12,8.38,8.1,8.37,8.18,0.19,2.32,4326.13,3557.749
600299.SH,20040309,8.68,8.68,8.18,8.18,8.16,0.02,0.25,13422.67,11371.568
600299.SH,20040308,8.25,8.3,8.04,8.16,8.32,-0.16,-1.92,9914.73,8065.086
600299.SH,20040305,8.47,8.56,8.28,8.32,8.42,-0.1,-1.19,3313.0,2789.112
600299.SH,20040304,8.25,8.6,8.25,8.42,8.32,0.1,1.2,6634.97,5602.587
600299.SH,20040303,8.5,8.52,8.32,8.32,8.55,-0.23,-2.69,7561.6,6353.287
600299.SH,20040302,8.58,8.61,8.43,8.55,8.61,-0.06,-0.7,5375.59,4588.603
600299.SH,20040301,8.52,8.65,8.35,8.61,8.55,0.06,0.7,5303.69,4524.091
600299.SH,20040227,8.42,8.66,8.38,8.55,8.42,0.13,1.54,5798.25,4921.409
600299.SH,20040226,8.57,8.63,8.32,8.42,8.61,-0.19,-2.21,10007.79,8444.124
600299.SH,20040225,8.85,8.99,8.55,8.61,8.84,-0.23,-2.6,10984.0,9669.188
600299.SH,20040224,8.99,8.99,8.61,8.84,8.99,-0.15,-1.67,11307.49,9936.154
600299.SH,20040223,9.21,9.28,8.99,8.99,9.19,-0.2,-2.18,13336.37,12160.832
600299.SH,20040220,8.92,9.2,8.81,9.19,8.9,0.29,3.26,20239.97,18299.89
600299.SH,20040219,9.0,9.05,8.84,8.9,9.0,-0.1,-1.11,10550.19,9398.775
600299.SH,20040218,8.9,9.05,8.77,9.0,8.91,0.09,1.01,17374.73,15544.851
600299.SH,20040217,8.65,9.03,8.65,8.91,8.77,0.14,1.6,17071.69,15154.877
600299.SH,20040216,8.4,8.8,8.4,8.77,8.46,0.31,3.66,16032.27,13897.524
600299.SH,20040213,8.7,8.75,8.4,8.46,8.7,-0.24,-2.76,12969.96,11084.54
600299.SH,20040212,8.66,8.89,8.57,8.7,8.69,0.01,0.12,13108.63,11414.62
600299.SH,20040211,8.85,8.85,8.6,8.69,8.89,-0.2,-2.25,10004.23,8691.199
600299.SH,20040210,8.9,9.0,8.71,8.89,8.97,-0.08,-0.89,13559.26,12008.994
600299.SH,20040209,8.76,9.0,8.72,8.97,8.77,0.2,2.28,14934.83,13297.954
600299.SH,20040206,8.95,8.95,8.76,8.77,9.0,-0.23,-2.56,15995.33,14127.391
600299.SH,20040205,8.68,9.01,8.63,9.0,8.73,0.27,3.09,25273.02,22286.386
600299.SH,20040204,8.62,8.85,8.5,8.73,8.67,0.06,0.69,22499.61,19482.105
600299.SH,20040203,8.54,8.97,8.54,8.67,8.4,0.27,3.21,36630.61,32025.525
600299.SH,20040202,8.3,8.5,8.0,8.4,8.08,0.32,3.96,19453.34,15982.728
600299.SH,20040130,8.48,8.48,8.07,8.08,8.44,-0.36,-4.27,15674.6,12881.737
600299.SH,20040129,8.1,8.53,8.05,8.44,8.12,0.32,3.94,16008.68,13329.58
600299.SH,20040116,7.84,8.29,7.8,8.12,7.82,0.3,3.84,24328.38,19689.487
600299.SH,20040115,7.6,7.86,7.6,7.82,7.64,0.18,2.36,8946.97,6949.208
600299.SH,20040114,7.68,7.79,7.62,7.64,7.77,-0.13,-1.67,5605.5,4314.698
600299.SH,20040113,7.75,7.87,7.66,7.77,7.73,0.04,0.52,11062.23,8563.019
600299.SH,20040112,7.58,7.73,7.5,7.73,7.59,0.14,1.84,7552.65,5750.209
600299.SH,20040109,7.9,8.02,7.55,7.59,7.95,-0.36,-4.53,18078.0,14051.039
600299.SH,20040108,7.86,8.06,7.65,7.95,7.86,0.09,1.15,22163.79,17486.87
600299.SH,20040107,7.88,7.97,7.78,7.86,7.89,-0.03,-0.38,22357.98,17604.778
600299.SH,20040106,7.57,7.92,7.51,7.89,7.57,0.32,4.23,32802.05,25435.833
600299.SH,20040105,7.45,7.6,7.33,7.57,7.48,0.09,1.2,18520.96,13860.427
600299.SH,20040102,7.0,7.67,6.99,7.48,7.02,0.46,6.55,27823.28,20529.892
600299.SH,20031231,6.8,7.24,6.7,7.02,6.79,0.23,3.39,14894.44,10516.586
600299.SH,20031230,6.96,6.98,6.75,6.79,6.96,-0.17,-2.44,5451.44,3718.679
600299.SH,20031229,7.0,7.14,6.95,6.96,7.04,-0.08,-1.14,3667.66,2576.292
600299.SH,20031226,6.96,7.15,6.95,7.04,6.94,0.1,1.44,3707.05,2606.95
600299.SH,20031225,7.08,7.08,6.91,6.94,7.1,-0.16,-2.25,5111.9,3573.298
600299.SH,20031224,6.84,7.19,6.8,7.1,6.85,0.25,3.65,8794.26,6162.904
600299.SH,20031223,6.9,6.96,6.81,6.85,6.93,-0.08,-1.15,5884.33,4046.786
600299.SH,20031222,6.55,6.94,6.47,6.93,6.64,0.29,4.37,8600.05,5762.474
600299.SH,20031219,6.9,6.97,6.53,6.64,6.92,-0.28,-4.05,8212.94,5490.835
600299.SH,20031218,7.03,7.08,6.88,6.92,7.05,-0.13,-1.84,5492.48,3822.401
600299.SH,20031217,7.1,7.19,7.05,7.05,7.12,-0.07,-0.98,4168.0,2963.251
600299.SH,20031216,7.28,7.28,7.09,7.12,7.29,-0.17,-2.33,5367.09,3820.397
600299.SH,20031215,7.25,7.35,7.24,7.29,7.2,0.09,1.25,3007.42,2189.538
600299.SH,20031212,7.29,7.29,7.15,7.2,7.28,-0.08,-1.1,3888.0,2800.402
600299.SH,20031211,7.38,7.45,7.22,7.28,7.35,-0.07,-0.95,3552.0,2593.432
600299.SH,20031210,7.25,7.38,7.15,7.35,7.26,0.09,1.24,5642.2,4106.881
600299.SH,20031209,7.18,7.28,7.1,7.26,7.2,0.06,0.83,3453.0,2476.186
600299.SH,20031208,7.42,7.5,7.2,7.2,7.42,-0.22,-2.97,4125.46,3017.603
600299.SH,20031205,7.4,7.45,7.34,7.42,7.39,0.03,0.41,6060.37,4483.984
600299.SH,20031204,7.4,7.47,7.35,7.39,7.41,-0.02,-0.27,6527.74,4829.671
600299.SH,20031203,7.33,7.78,7.32,7.41,7.33,0.08,1.09,15999.57,12050.202
600299.SH,20031202,7.45,7.48,7.31,7.33,7.48,-0.15,-2.01,10394.35,7683.022
600299.SH,20031201,7.11,7.48,7.1,7.48,7.08,0.4,5.65,16171.83,11874.676
600299.SH,20031128,6.96,7.09,6.96,7.08,7.0,0.08,1.14,3575.51,2518.316
600299.SH,20031127,7.18,7.25,6.99,7.0,7.18,-0.18,-2.51,7499.55,5312.221
600299.SH,20031126,7.15,7.24,7.05,7.18,7.17,0.01,0.14,8391.4,5984.737
600299.SH,20031125,7.26,7.33,7.1,7.17,7.23,-0.06,-0.83,13725.22,9889.156
600299.SH,20031124,6.7,7.29,6.7,7.23,6.77,0.46,6.79,12201.57,8632.862
600299.SH,20031121,7.1,7.2,6.76,6.77,7.03,-0.26,-3.7,10202.09,7129.199
600299.SH,20031120,6.7,7.05,6.65,7.03,6.7,0.33,4.93,13762.65,9529.998
600299.SH,20031119,6.35,6.72,6.32,6.7,6.44,0.26,4.04,7086.28,4685.874
600299.SH,20031118,6.56,6.56,6.4,6.44,6.56,-0.12,-1.83,1449.98,936.617
600299.SH,20031117,6.58,6.64,6.55,6.56,6.59,-0.03,-0.46,2060.15,1357.078
600299.SH,20031114,6.46,6.6,6.43,6.59,6.46,0.13,2.01,2401.15,1567.653
600299.SH,20031113,6.39,6.55,6.35,6.46,6.39,0.07,1.1,1124.0,726.03
600299.SH,20031112,6.52,6.52,6.37,6.39,6.56,-0.17,-2.59,1285.0,825.054
600299.SH,20031111,6.43,6.58,6.4,6.56,6.45,0.11,1.71,2293.68,1491.385
600299.SH,20031110,6.42,6.45,6.35,6.45,6.44,0.01,0.16,1402.52,896.909
600299.SH,20031107,6.55,6.55,6.3,6.44,6.55,-0.11,-1.68,4829.03,3092.624
600299.SH,20031106,6.72,6.75,6.54,6.55,6.73,-0.18,-2.67,4592.2,3032.674
600299.SH,20031105,6.95,7.06,6.68,6.73,6.98,-0.25,-3.58,4629.01,3158.515
600299.SH,20031104,6.89,7.09,6.86,6.98,6.88,0.1,1.45,5286.75,3706.468
600299.SH,20031103,6.85,6.9,6.72,6.88,6.82,0.06,0.88,2294.44,1566.623
600299.SH,20031031,6.72,7.09,6.72,6.82,6.75,0.07,1.04,2834.35,1945.924
600299.SH,20031030,6.8,6.82,6.6,6.75,6.8,-0.05,-0.74,2759.6,1859.764
600299.SH,20031029,6.8,6.81,6.55,6.8,6.73,0.07,1.04,4666.35,3102.757
600299.SH,20031028,6.8,6.96,6.72,6.73,6.9,-0.17,-2.46,4350.6,2963.499
600299.SH,20031027,7.1,7.15,6.86,6.9,7.1,-0.2,-2.82,3179.05,2225.929
600299.SH,20031024,7.22,7.22,7.08,7.1,7.23,-0.13,-1.8,1672.51,1192.775
600299.SH,20031023,7.33,7.42,7.2,7.23,7.32,-0.09,-1.23,2721.4,1985.493
600299.SH,20031022,7.17,7.35,7.13,7.32,7.13,0.19,2.66,2997.39,2183.094
600299.SH,20031021,7.05,7.15,7.03,7.13,7.07,0.06,0.85,1510.9,1068.144
600299.SH,20031020,7.18,7.18,7.03,7.07,7.1,-0.03,-0.42,1390.99,984.578
600299.SH,20031017,7.11,7.19,7.1,7.1,7.11,-0.01,-0.14,938.14,669.174
600299.SH,20031016,7.33,7.33,7.1,7.11,7.25,-0.14,-1.93,1603.25,1147.029
600299.SH,20031015,7.33,7.41,7.25,7.25,7.28,-0.03,-0.41,1532.0,1122.271
600299.SH,20031014,7.45,7.47,7.25,7.28,7.46,-0.18,-2.41,2363.87,1732.976
600299.SH,20031013,7.55,7.55,7.44,7.46,7.54,-0.08,-1.06,2965.5,2217.271
600299.SH,20031010,7.38,7.57,7.33,7.54,7.32,0.22,3.01,8982.09,6680.858
600299.SH,20031009,7.12,7.39,7.1,7.32,7.21,0.11,1.53,5062.38,3695.737
600299.SH,20031008,7.15,7.23,7.02,7.21,7.19,0.02,0.28,954.8,682.825
600299.SH,20030930,7.14,7.23,7.06,7.19,7.13,0.06,0.84,1792.0,1279.767
600299.SH,20030929,7.3,7.3,7.1,7.13,7.32,-0.19,-2.6,2018.69,1445.751
600299.SH,20030926,7.33,7.38,7.3,7.32,7.39,-0.07,-0.95,973.47,713.336
600299.SH,20030925,7.56,7.56,7.37,7.39,7.5,-0.11,-1.47,2027.6,1503.578
600299.SH,20030924,7.36,7.56,7.36,7.5,7.38,0.12,1.63,3594.0,2675.268
600299.SH,20030923,7.41,7.41,7.26,7.38,7.41,-0.03,-0.4,4111.94,3014.835
600299.SH,20030922,7.4,7.42,7.33,7.41,7.44,-0.03,-0.4,1128.4,831.137
600299.SH,20030919,7.5,7.5,7.36,7.44,7.48,-0.04,-0.53,1743.6,1295.416
600299.SH,20030918,7.3,7.65,7.3,7.48,7.52,-0.04,-0.53,2248.01,1674.921
600299.SH,20030917,7.58,7.66,7.5,7.52,7.68,-0.16,-2.08,2288.0,1728.091
600299.SH,20030916,7.74,7.78,7.5,7.68,7.75,-0.07,-0.9,4605.37,3511.073
600299.SH,20030915,7.85,7.95,7.74,7.75,7.85,-0.1,-1.27,1526.5,1189.264
600299.SH,20030912,7.99,7.99,7.8,7.85,7.99,-0.14,-1.75,2897.78,2276.771
600299.SH,20030911,7.98,8.07,7.98,7.99,8.0,-0.01,-0.13,1069.5,857.854
600299.SH,20030910,8.04,8.09,7.96,8.0,8.04,-0.04,-0.5,840.89,674.74
600299.SH,20030909,8.05,8.08,7.95,8.04,8.04,0.0,0.0,1460.5,1170.329
600299.SH,20030908,7.92,8.13,7.86,8.04,7.94,0.1,1.26,5282.02,4221.64
600299.SH,20030905,8.11,8.15,7.88,7.94,8.13,-0.19,-2.34,3170.0,2542.618
600299.SH,20030904,8.32,8.32,8.13,8.13,8.3,-0.17,-2.05,3265.79,2681.384
600299.SH,20030903,8.2,8.42,8.2,8.3,8.21,0.09,1.1,5360.88,4454.549
600299.SH,20030902,8.29,8.35,8.13,8.21,8.2,0.01,0.12,6863.2,5659.603
600299.SH,20030901,7.9,8.22,7.84,8.2,7.82,0.38,4.86,5666.29,4588.172
600299.SH,20030829,7.81,7.85,7.74,7.82,7.85,-0.03,-0.38,4220.04,3289.953
600299.SH,20030828,7.95,8.0,7.83,7.85,7.95,-0.1,-1.26,1926.0,1522.657
600299.SH,20030827,8.02,8.13,7.92,7.95,8.0,-0.05,-0.63,2591.9,2073.684
600299.SH,20030826,8.01,8.08,7.92,8.0,8.0,0.0,0.0,3251.39,2597.885
600299.SH,20030825,8.15,8.2,7.98,8.0,8.23,-0.23,-2.79,6572.03,5316.902
600299.SH,20030822,8.3,8.32,8.2,8.23,8.34,-0.11,-1.32,6120.92,5053.16
600299.SH,20030821,8.2,8.37,8.12,8.34,8.18,0.16,1.96,20491.77,16936.105
600299.SH,20030820,8.12,8.19,7.95,8.18,8.14,0.04,0.49,9913.41,7999.46
600299.SH,20030819,8.08,8.19,7.93,8.14,8.03,0.11,1.37,5747.23,4660.746
600299.SH,20030818,7.88,8.05,7.88,8.03,7.88,0.15,1.9,2426.15,1941.593
600299.SH,20030815,7.92,7.98,7.86,7.88,7.9,-0.02,-0.25,3052.0,2412.333
600299.SH,20030814,7.84,8.1,7.83,7.9,7.86,0.04,0.51,4830.61,3858.151
600299.SH,20030813,7.97,7.99,7.85,7.86,7.97,-0.11,-1.38,600.66,474.038
600299.SH,20030812,7.87,7.98,7.85,7.97,7.87,0.1,1.27,1085.3,860.338
600299.SH,20030811,7.8,7.9,7.75,7.87,7.82,0.05,0.64,1948.8,1522.671
600299.SH,20030808,8.03,8.05,7.8,7.82,8.01,-0.19,-2.37,3092.0,2434.172
600299.SH,20030807,8.01,8.1,7.94,8.01,8.01,0.0,0.0,1612.95,1296.315
600299.SH,20030806,8.04,8.08,7.91,8.01,8.08,-0.07,-0.87,2340.46,1865.178
600299.SH,20030805,8.16,8.16,7.97,8.08,8.09,-0.01,-0.12,4273.26,3427.469
600299.SH,20030804,7.94,8.1,7.8,8.09,7.92,0.17,2.15,3585.59,2877.706
600299.SH,20030801,7.9,7.95,7.72,7.92,7.89,0.03,0.38,3743.56,2919.06
600299.SH,20030731,7.93,7.95,7.87,7.89,7.9,-0.01,-0.13,2479.0,1962.444
600299.SH,20030730,7.81,7.91,7.74,7.9,7.81,0.09,1.15,2261.62,1767.367
600299.SH,20030729,7.8,7.87,7.71,7.81,7.78,0.03,0.39,3159.75,2453.367
600299.SH,20030728,7.9,7.9,7.73,7.78,7.92,-0.14,-1.77,4300.01,3341.224
600299.SH,20030725,8.12,8.16,7.88,7.92,8.12,-0.2,-2.46,6330.34,5047.395
600299.SH,20030724,8.25,8.25,8.05,8.12,8.24,-0.12,-1.46,2247.5,1830.746
600299.SH,20030723,8.18,8.26,8.11,8.24,8.18,0.06,0.73,2114.34,1735.187
600299.SH,20030722,8.2,8.23,8.08,8.18,8.12,0.06,0.74,2033.5,1654.645
600299.SH,20030721,8.3,8.31,8.04,8.12,8.35,-0.23,-2.75,4170.8,3390.969
600299.SH,20030718,8.48,8.49,8.29,8.35,8.39,-0.04,-0.48,4868.3,4072.571
600299.SH,20030717,8.47,8.47,8.38,8.39,8.45,-0.06,-0.71,2873.0,2417.757
600299.SH,20030716,8.38,8.46,8.36,8.45,8.36,0.09,1.08,2859.21,2401.67
600299.SH,20030715,8.49,8.56,8.3,8.36,8.5,-0.14,-1.65,5238.06,4407.724
600299.SH,20030714,8.64,8.67,8.49,8.5,8.78,-0.28,-3.19,8265.35,7065.693
600299.SH,20030711,8.89,8.89,8.58,8.78,8.81,-0.03,-0.34,15722.05,13601.299
600299.SH,20030710,8.72,8.87,8.56,8.81,8.71,0.1,1.15,6383.04,5582.597
600299.SH,20030709,8.87,8.87,8.71,8.71,8.81,-0.1,-1.14,1380.0,1212.58
600299.SH,20030708,8.76,8.89,8.76,8.81,8.79,0.02,0.23,2351.55,2074.549
600299.SH,20030707,8.89,8.98,8.75,8.79,8.96,-0.17,-1.9,1606.01,1420.546
600299.SH,20030704,8.9,8.96,8.9,8.96,8.9,0.06,0.67,1577.58,1407.132
600299.SH,20030703,8.9,8.92,8.82,8.9,8.85,0.05,0.57,1224.9,1088.838
600299.SH,20030702,8.76,8.87,8.75,8.85,8.76,0.09,1.03,1355.74,1193.722
600299.SH,20030701,8.9,8.9,8.75,8.76,8.75,0.01,0.11,1867.85,1641.648
600299.SH,20030630,8.87,8.9,8.75,8.75,8.9,-0.15,-1.69,1952.89,1718.301
600299.SH,20030627,9.19,9.19,8.85,8.9,9.0,-0.1,-1.11,1194.4,1070.683
600299.SH,20030626,8.8,9.07,8.8,9.0,8.83,0.17,1.93,2806.95,2495.091
600299.SH,20030625,9.03,9.07,8.82,8.83,9.04,-0.21,-2.32,2975.0,2653.762
600299.SH,20030624,9.15,9.19,8.97,9.04,9.1,-0.06,-0.66,2755.7,2493.841
600299.SH,20030623,9.13,9.21,9.1,9.1,9.2,-0.1,-1.09,2175.0,1988.183
600299.SH,20030620,9.2,9.33,9.2,9.2,9.24,-0.04,-0.43,2807.02,2590.147
600299.SH,20030619,9.38,9.43,9.2,9.24,9.36,-0.12,-1.28,3938.03,3649.953
600299.SH,20030618,9.5,9.55,9.35,9.36,9.44,-0.08,-0.85,2962.0,2800.789
600299.SH,20030617,9.63,9.63,9.41,9.44,9.63,-0.19,-1.97,4298.5,4088.414
600299.SH,20030616,9.72,9.87,9.62,9.63,9.81,-0.18,-1.83,4623.66,4472.757
600299.SH,20030613,9.8,9.88,9.7,9.81,9.8,0.01,0.1,11062.28,10846.13
600299.SH,20030612,9.59,9.81,9.5,9.8,9.61,0.19,1.98,12691.01,12340.142
600299.SH,20030611,9.52,9.64,9.4,9.61,9.52,0.09,0.95,5252.8,4999.112
600299.SH,20030610,9.61,9.61,9.4,9.52,9.61,-0.09,-0.94,5263.99,4988.914
600299.SH,20030609,9.45,9.75,9.45,9.61,9.4,0.21,2.23,25751.44,24751.329
600299.SH,20030606,9.58,9.58,9.2,9.4,9.18,0.22,2.4,8783.72,8236.02
600299.SH,20030605,9.41,9.45,9.16,9.18,9.41,-0.23,-2.44,4923.19,4608.78
600299.SH,20030604,9.23,9.45,9.18,9.41,9.33,0.08,0.86,4442.52,4129.618
600299.SH,20030603,9.6,9.6,9.3,9.33,9.6,-0.27,-2.81,4601.98,4341.45
600299.SH,20030602,9.48,9.62,9.22,9.6,9.41,0.19,2.02,8117.69,7635.231
600299.SH,20030530,9.45,9.48,9.36,9.41,9.43,-0.02,-0.21,8427.14,7937.793
600299.SH,20030529,9.26,9.45,9.18,9.43,9.27,0.16,1.73,8167.49,7598.833
600299.SH,20030528,9.08,9.28,9.0,9.27,9.04,0.23,2.54,8600.12,7903.181
600299.SH,20030527,8.89,9.06,8.76,9.04,8.89,0.15,1.69,4403.85,3940.918
600299.SH,20030526,8.95,9.03,8.8,8.89,8.93,-0.04,-0.45,3520.06,3121.827
600299.SH,20030523,8.95,9.15,8.92,9.03,8.94,0.09,1.01,3069.32,2774.566
600299.SH,20030522,9.0,9.0,8.85,8.94,8.98,-0.04,-0.45,1940.5,1727.871
600299.SH,20030521,8.95,9.04,8.94,8.98,8.92,0.06,0.67,3976.81,3574.738
600299.SH,20030520,9.1,9.14,8.88,8.92,9.1,-0.18,-1.98,5739.57,5157.921
600299.SH,20030519,9.04,9.38,9.04,9.1,9.02,0.08,0.89,4431.25,4057.196
600299.SH,20030516,9.1,9.15,9.0,9.02,9.07,-0.05,-0.55,5234.61,4736.37
600299.SH,20030515,8.6,9.24,8.55,9.07,8.59,0.48,5.59,8708.85,7776.95
600299.SH,20030514,8.3,8.66,8.29,8.59,8.29,0.3,3.62,6054.5,5141.077
600299.SH,20030513,8.8,8.9,8.03,8.29,8.86,-0.57,-6.43,11543.69,9612.887
600299.SH,20030512,9.5,9.55,8.8,8.86,9.55,-0.69,-7.23,8645.9,7834.428
600299.SH,20030430,9.46,9.67,9.42,9.55,9.47,0.08,0.84,4672.6,4457.368
600299.SH,20030429,9.8,9.87,9.46,9.47,9.8,-0.33,-3.37,6485.2,6195.454
600299.SH,20030428,9.82,9.82,9.32,9.8,9.82,-0.02,-0.2,13423.23,12816.11
600299.SH,20030425,9.79,9.98,9.79,9.82,9.79,0.03,0.31,4968.34,4912.907
600299.SH,20030424,10.05,10.15,9.78,9.79,10.05,-0.26,-2.59,8247.28,8171.039
600299.SH,20030423,10.2,10.23,10.02,10.05,10.18,-0.13,-1.28,6024.91,6107.459
600299.SH,20030422,10.2,10.29,10.12,10.18,10.19,-0.01,-0.1,4639.98,4727.12
600299.SH,20030421,10.45,10.45,10.1,10.19,10.51,-0.32,-3.04,8310.42,8496.148
600299.SH,20030418,10.43,10.69,10.02,10.51,10.69,-0.18,-1.68,8462.84,8888.893
600299.SH,20030417,10.73,10.89,10.5,10.69,10.81,-0.12,-1.11,9242.68,9863.068
600299.SH,20030416,11.15,11.16,10.61,10.81,11.16,-0.35,-3.14,14291.13,15686.096
600299.SH,20030415,11.25,11.37,10.98,11.16,11.18,-0.02,-0.18,13985.97,15472.285
600299.SH,20030414,10.89,11.2,10.85,11.18,10.91,0.27,2.47,20263.46,22281.72
600299.SH,20030411,10.55,11.13,10.55,10.91,10.42,0.49,4.7,23685.66,25715.793
600299.SH,20030410,10.52,10.6,10.31,10.42,10.57,-0.15,-1.42,10161.73,10575.235
600299.SH,20030409,10.58,10.65,10.36,10.57,10.63,-0.06,-0.56,7194.75,7544.361
600299.SH,20030408,10.53,10.72,10.45,10.63,10.51,0.12,1.14,9268.33,9871.045
600299.SH,20030407,10.4,10.74,10.35,10.51,10.46,0.05,0.48,12014.71,12715.897
600299.SH,20030404,10.27,10.58,10.2,10.46,10.23,0.23,2.25,11228.3,11707.382
600299.SH,20030403,10.2,10.29,10.15,10.23,10.2,0.03,0.29,7981.23,8149.393
600299.SH,20030402,10.33,10.58,10.19,10.2,10.13,0.07,0.69,15335.39,15920.665
600299.SH,20030331,10.11,10.2,9.99,10.13,10.14,-0.01,-0.1,8628.49,8694.327
600299.SH,20030328,10.23,10.35,10.1,10.14,10.23,-0.09,-0.88,5193.5,5308.623
600299.SH,20030327,9.73,10.3,9.73,10.23,9.74,0.49,5.03,4719.31,4729.165
600299.SH,20030326,9.85,9.85,9.73,9.74,9.8,-0.06,-0.61,2406.58,2353.306
600299.SH,20030325,10.0,10.0,9.8,9.8,10.0,-0.2,-2.0,2145.2,2118.291
600299.SH,20030324,10.1,10.1,9.93,10.0,9.99,0.01,0.1,2036.13,2033.522
600299.SH,20030321,9.83,10.01,9.83,9.99,9.85,0.14,1.42,3394.47,3364.33
600299.SH,20030320,10.0,10.0,9.78,9.85,10.0,-0.15,-1.5,3047.0,3012.886
600299.SH,20030319,9.91,10.08,9.8,10.0,10.0,0.0,0.0,2514.0,2507.546
600299.SH,20030318,10.14,10.2,9.99,10.0,10.12,-0.12,-1.19,2728.58,2761.362
600299.SH,20030317,10.2,10.2,10.0,10.12,10.2,-0.08,-0.78,2366.8,2383.228
600299.SH,20030314,10.19,10.26,10.16,10.2,10.19,0.01,0.1,1533.3,1563.646
600299.SH,20030313,10.28,10.35,10.18,10.19,10.26,-0.07,-0.68,2957.47,3032.432
600299.SH,20030312,10.23,10.3,10.14,10.26,10.23,0.03,0.29,3116.68,3180.604
600299.SH,20030311,10.28,10.35,10.19,10.23,10.26,-0.03,-0.29,2632.7,2700.505
600299.SH,20030310,10.5,10.6,10.25,10.26,10.54,-0.28,-2.66,4056.0,4219.041
600299.SH,20030307,10.65,10.75,10.54,10.54,10.66,-0.12,-1.13,3635.34,3858.572
600299.SH,20030306,10.9,10.92,10.66,10.66,10.85,-0.19,-1.75,4983.0,5345.166
600299.SH,20030305,10.96,10.96,10.79,10.85,10.96,-0.11,-1.0,3657.4,3965.47
600299.SH,20030304,11.06,11.06,10.91,10.96,11.02,-0.06,-0.54,3551.0,3895.701
600299.SH,20030303,10.88,11.05,10.88,11.02,10.97,0.05,0.46,4048.9,4438.066
600299.SH,20030228,10.91,11.15,10.85,10.97,11.07,-0.1,-0.9,3238.58,3545.478
600299.SH,20030227,11.2,11.28,11.0,11.07,11.19,-0.12,-1.07,5802.4,6445.258
600299.SH,20030226,11.27,11.27,11.08,11.19,11.27,-0.08,-0.71,4293.73,4794.148
600299.SH,20030225,10.87,11.28,10.85,11.27,10.9,0.37,3.39,11801.78,13143.439
600299.SH,20030224,10.8,11.18,10.76,10.9,10.76,0.14,1.3,8777.42,9637.262
600299.SH,20030221,11.02,11.02,10.7,10.76,11.07,-0.31,-2.8,4607.19,4984.177
600299.SH,20030220,11.12,11.19,11.0,11.07,11.15,-0.08,-0.72,2932.03,3253.862
600299.SH,20030219,10.97,11.18,10.88,11.15,10.95,0.2,1.83,3175.07,3496.735
600299.SH,20030218,11.0,11.08,10.91,10.95,11.03,-0.08,-0.73,2835.28,3112.694
600299.SH,20030217,11.2,11.38,10.96,11.03,11.09,-0.06,-0.54,8639.19,9636.19
600299.SH,20030214,10.98,11.1,10.94,11.09,11.04,0.05,0.45,3582.64,3951.48
600299.SH,20030213,11.01,11.25,11.0,11.04,11.01,0.03,0.27,7426.91,8265.245
600299.SH,20030212,10.84,11.03,10.76,11.01,10.84,0.17,1.57,4299.21,4687.248
600299.SH,20030211,10.68,10.85,10.66,10.84,10.72,0.12,1.12,2013.71,2173.266
600299.SH,20030210,10.98,10.99,10.68,10.72,11.04,-0.32,-2.9,3854.09,4156.827
600299.SH,20030129,11.0,11.19,10.93,11.04,11.04,0.0,0.0,13887.79,15366.135
600299.SH,20030128,10.9,11.08,10.8,11.04,10.86,0.18,1.66,7203.27,7912.996
600299.SH,20030127,10.71,10.9,10.7,10.86,10.7,0.16,1.5,3811.22,4126.065
600299.SH,20030124,10.6,10.75,10.43,10.7,10.52,0.18,1.71,3853.94,4078.564
600299.SH,20030123,10.6,10.7,10.49,10.52,10.64,-0.12,-1.13,3963.05,4194.182
600299.SH,20030122,10.6,10.7,10.55,10.64,10.63,0.01,0.09,4488.69,4768.445
600299.SH,20030121,11.01,11.09,10.63,10.63,10.96,-0.33,-3.01,5928.0,6414.243
600299.SH,20030120,10.9,11.0,10.63,10.96,10.93,0.03,0.27,7384.31,8014.482
600299.SH,20030117,10.9,11.08,10.71,10.93,10.85,0.08,0.74,16527.28,18097.637
600299.SH,20030116,10.65,10.88,10.51,10.85,10.63,0.22,2.07,10001.97,10734.282
600299.SH,20030115,10.6,10.95,10.45,10.63,10.51,0.12,1.14,15531.93,16613.732
600299.SH,20030114,9.95,10.6,9.95,10.51,9.98,0.53,5.31,12652.43,13145.436
600299.SH,20030113,10.0,10.12,9.93,9.98,10.05,-0.07,-0.7,3469.56,3468.509
600299.SH,20030110,10.2,10.38,10.05,10.05,10.16,-0.11,-1.08,7113.5,7268.78
600299.SH,20030109,10.06,10.28,9.94,10.16,10.0,0.16,1.6,8653.4,8751.633
600299.SH,20030108,9.88,10.0,9.68,10.0,9.69,0.31,3.2,3663.35,3622.952
600299.SH,20030107,9.66,10.03,9.53,9.69,9.66,0.03,0.31,3735.4,3670.7
600299.SH,20030106,9.5,9.7,9.45,9.66,9.56,0.1,1.05,2236.37,2150.064
600299.SH,20030103,9.4,9.7,9.3,9.56,9.41,0.15,1.59,4168.14,3957.806
600299.SH,20030102,9.9,9.9,9.38,9.41,9.81,-0.4,-4.08,7200.14,6978.708
600299.SH,20021231,10.1,10.28,9.8,9.81,10.16,-0.35,-3.44,3749.94,3761.215
600299.SH,20021230,10.3,10.38,10.15,10.16,10.39,-0.23,-2.21,3073.0,3142.686
600299.SH,20021227,10.36,10.5,10.25,10.39,10.43,-0.04,-0.38,3373.75,3496.16
600299.SH,20021226,10.62,10.95,10.38,10.43,10.66,-0.23,-2.16,6674.94,7139.252
600299.SH,20021225,10.79,10.92,10.64,10.66,10.77,-0.11,-1.02,2512.52,2696.222
600299.SH,20021224,10.84,10.84,10.7,10.77,10.85,-0.08,-0.74,3911.96,4201.616
600299.SH,20021223,10.9,11.1,10.84,10.85,10.89,-0.04,-0.37,2951.6,3227.944
600299.SH,20021220,10.77,10.99,10.67,10.89,10.74,0.15,1.4,4691.12,5099.042
600299.SH,20021219,10.73,10.86,10.6,10.74,10.74,0.0,0.0,1582.7,1695.842
600299.SH,20021218,10.9,10.97,10.72,10.74,10.91,-0.17,-1.56,2978.5,3232.338
600299.SH,20021217,10.75,10.92,10.74,10.91,10.74,0.17,1.58,3475.48,3764.778
600299.SH,20021216,10.57,10.77,10.57,10.74,10.58,0.16,1.51,2988.46,3199.995
600299.SH,20021213,10.41,10.68,10.3,10.58,10.48,0.1,0.95,2791.58,2920.466
600299.SH,20021212,10.56,10.74,10.41,10.48,10.46,0.02,0.19,2130.0,2253.613
600299.SH,20021211,10.4,10.51,10.3,10.46,10.51,-0.05,-0.48,1895.0,1972.237
600299.SH,20021210,10.82,10.83,10.51,10.51,10.72,-0.21,-1.96,2461.0,2619.897
600299.SH,20021209,10.79,10.96,10.67,10.72,10.8,-0.08,-0.74,2148.44,2318.028
600299.SH,20021206,10.86,10.95,10.72,10.8,10.92,-0.12,-1.1,2555.79,2772.727
600299.SH,20021205,10.65,10.98,10.61,10.92,10.74,0.18,1.68,8387.45,9056.178
600299.SH,20021204,10.53,11.3,10.42,10.74,10.4,0.34,3.27,12547.05,13718.83
600299.SH,20021203,10.21,10.48,10.2,10.4,10.27,0.13,1.27,2890.4,3006.812
600299.SH,20021202,10.7,10.76,10.26,10.27,10.78,-0.51,-4.73,3037.07,3197.571
600299.SH,20021129,10.65,11.0,10.56,10.78,10.65,0.13,1.22,8195.42,8895.124
600299.SH,20021128,10.25,10.7,10.17,10.65,10.25,0.4,3.9,4052.13,4226.461
600299.SH,20021127,10.18,10.35,10.08,10.25,10.33,-0.08,-0.77,3611.78,3675.838
600299.SH,20021126,10.8,10.87,10.32,10.33,10.71,-0.38,-3.55,2498.39,2636.947
600299.SH,20021125,10.64,10.85,10.6,10.71,10.83,-0.12,-1.11,1489.32,1601.903
600299.SH,20021122,11.0,11.14,10.59,10.83,10.89,-0.06,-0.55,3858.56,4208.921
600299.SH,20021121,11.25,11.25,10.88,10.89,11.29,-0.4,-3.54,4992.13,5527.722
600299.SH,20021120,11.5,11.5,11.28,11.29,11.56,-0.27,-2.34,3031.68,3432.134
600299.SH,20021119,11.35,11.65,11.33,11.56,11.33,0.23,2.03,2406.38,2763.369
600299.SH,20021118,11.5,11.65,11.28,11.33,11.49,-0.16,-1.39,2972.1,3372.399
600299.SH,20021115,11.3,11.7,11.3,11.49,11.5,-0.01,-0.09,3325.7,3838.848
600299.SH,20021114,11.69,11.74,11.5,11.5,11.71,-0.21,-1.79,2829.1,3282.522
600299.SH,20021113,11.6,11.73,11.4,11.71,11.58,0.13,1.12,5009.94,5780.523
600299.SH,20021112,11.9,11.99,11.5,11.58,11.89,-0.31,-2.61,5904.71,6898.098
600299.SH,20021111,12.0,12.24,11.89,11.89,12.06,-0.17,-1.41,2754.99,3314.279
600299.SH,20021108,12.7,12.75,11.91,12.06,12.5,-0.44,-3.52,6954.37,8534.175
600299.SH,20021107,12.5,12.59,12.44,12.5,12.46,0.04,0.32,3243.03,4051.063
600299.SH,20021106,12.51,12.55,12.38,12.46,12.53,-0.07,-0.56,4069.94,5068.242
600299.SH,20021105,12.44,12.74,12.38,12.53,12.44,0.09,0.72,11336.56,14244.562
600299.SH,20021104,12.4,12.49,12.25,12.44,12.23,0.21,1.72,6077.09,7516.485
600299.SH,20021101,12.12,12.26,12.05,12.23,12.12,0.11,0.91,3685.1,4489.515
600299.SH,20021031,12.08,12.31,12.05,12.12,12.09,0.03,0.25,3982.2,4853.704
600299.SH,20021030,11.82,12.29,11.71,12.09,11.9,0.19,1.6,8537.18,10368.319
600299.SH,20021029,11.77,11.98,11.6,11.9,11.77,0.13,1.1,3942.81,4640.805
600299.SH,20021028,11.7,11.8,11.6,11.77,11.73,0.04,0.34,3630.26,4248.129
600299.SH,20021025,12.06,12.19,11.72,11.73,12.08,-0.35,-2.9,4020.61,4798.661
600299.SH,20021024,12.25,12.25,12.08,12.08,12.26,-0.18,-1.47,3194.28,3877.385
600299.SH,20021023,12.1,12.27,12.05,12.26,12.19,0.07,0.57,7904.76,9605.777
600299.SH,20021022,11.62,12.55,11.6,12.19,11.6,0.59,5.09,18562.25,22350.19
600299.SH,20021021,11.6,11.63,11.5,11.6,11.61,-0.01,-0.09,3856.67,4463.82
600299.SH,20021018,11.74,11.9,11.55,11.61,11.77,-0.16,-1.36,3269.07,3812.324
600299.SH,20021017,12.01,12.06,11.75,11.77,12.03,-0.26,-2.16,2355.0,2792.441
600299.SH,20021016,11.95,12.28,11.95,12.03,11.96,0.07,0.59,2086.7,2536.967
600299.SH,20021015,12.0,12.06,11.93,11.96,12.0,-0.04,-0.33,1748.0,2098.492
600299.SH,20021014,12.11,12.11,11.8,12.0,12.15,-0.15,-1.23,3136.65,3762.892
600299.SH,20021011,12.15,12.4,12.14,12.15,12.14,0.01,0.08,2128.95,2595.68
600299.SH,20021010,12.2,12.24,12.13,12.14,12.18,-0.04,-0.33,1498.0,1825.387
600299.SH,20021009,12.3,12.4,12.13,12.18,12.34,-0.16,-1.3,1495.2,1826.533
600299.SH,20021008,12.32,12.38,12.21,12.34,12.39,-0.05,-0.4,810.32,995.93
600299.SH,20020927,12.55,12.58,12.3,12.39,12.55,-0.16,-1.27,3196.22,3958.05
600299.SH,20020926,12.58,12.68,12.5,12.55,12.58,-0.03,-0.24,2617.88,3286.422
600299.SH,20020925,12.65,12.7,12.55,12.58,12.7,-0.12,-0.94,4587.01,5788.023
600299.SH,20020924,12.77,12.77,12.68,12.7,12.77,-0.07,-0.55,951.9,1211.39
600299.SH,20020923,12.62,12.83,12.53,12.77,12.72,0.05,0.39,857.24,1092.138
600299.SH,20020920,12.86,12.88,12.68,12.72,12.84,-0.12,-0.93,1314.6,1683.83
600299.SH,20020919,12.58,12.92,12.55,12.84,12.61,0.23,1.82,1972.77,2518.065
600299.SH,20020918,12.68,12.78,12.56,12.61,12.68,-0.07,-0.55,1207.4,1524.285
600299.SH,20020917,12.72,12.8,12.5,12.68,12.71,-0.03,-0.24,2596.86,3275.517
600299.SH,20020916,12.9,12.95,12.7,12.71,12.97,-0.26,-2.0,2746.88,3502.002
600299.SH,20020913,13.05,13.05,12.89,12.97,12.97,0.0,0.0,1114.0,1443.347
600299.SH,20020912,12.89,13.1,12.8,12.97,12.9,0.07,0.54,2528.12,3266.765
600299.SH,20020911,13.08,13.08,12.8,12.9,13.04,-0.14,-1.07,3259.14,4202.621
600299.SH,20020910,13.27,13.27,13.0,13.04,13.09,-0.05,-0.38,2232.22,2911.745
600299.SH,20020909,13.0,13.22,13.0,13.09,13.16,-0.07,-0.53,1853.03,2421.951
600299.SH,20020906,13.31,13.38,13.11,13.16,13.35,-0.19,-1.42,3571.58,4721.709
600299.SH,20020905,13.55,13.69,13.33,13.35,13.51,-0.16,-1.18,3225.63,4325.835
600299.SH,20020904,13.6,13.65,13.5,13.51,13.61,-0.1,-0.73,1346.99,1826.213
600299.SH,20020903,13.55,13.67,13.52,13.61,13.55,0.06,0.44,1109.1,1510.829
600299.SH,20020902,13.5,13.7,13.4,13.55,13.5,0.05,0.37,3515.8,4748.637
600299.SH,20020830,13.58,13.66,13.48,13.5,13.64,-0.14,-1.03,2563.4,3470.18
600299.SH,20020829,13.72,13.75,13.6,13.64,13.72,-0.08,-0.58,1327.0,1812.741
600299.SH,20020828,13.79,13.98,13.67,13.72,13.65,0.07,0.51,5965.7,8253.317
600299.SH,20020827,13.58,13.78,13.5,13.65,13.6,0.05,0.37,4257.89,5801.226
600299.SH,20020826,13.76,13.77,13.58,13.6,13.76,-0.16,-1.16,2289.48,3118.519
600299.SH,20020823,13.85,13.89,13.73,13.76,13.9,-0.14,-1.01,2040.0,2814.044
600299.SH,20020822,13.73,13.99,13.7,13.9,13.7,0.2,1.46,7971.73,11075.4
600299.SH,20020821,13.66,13.77,13.6,13.7,13.65,0.05,0.37,2383.8,3259.68
600299.SH,20020820,13.55,13.74,13.45,13.65,13.47,0.18,1.34,2360.13,3220.515
600299.SH,20020819,13.49,13.55,13.35,13.47,13.5,-0.03,-0.22,1144.0,1540.302
600299.SH,20020816,13.43,13.58,13.3,13.5,13.41,0.09,0.67,1832.63,2458.563
600299.SH,20020815,13.52,13.64,13.4,13.41,13.5,-0.09,-0.67,1577.1,2120.971
600299.SH,20020814,13.5,13.65,13.42,13.5,13.53,-0.03,-0.22,1711.4,2306.254
600299.SH,20020813,13.41,13.74,13.41,13.53,13.51,0.02,0.15,1019.27,1379.074
600299.SH,20020812,13.6,13.6,13.28,13.51,13.71,-0.2,-1.46,2436.07,3282.874
600299.SH,20020809,13.71,13.75,13.58,13.71,13.75,-0.04,-0.29,2675.58,3648.414
600299.SH,20020808,13.9,13.9,13.73,13.75,13.8,-0.05,-0.36,1314.0,1811.971
600299.SH,20020807,13.79,13.85,13.74,13.8,13.79,0.01,0.07,952.07,1312.798
600299.SH,20020806,13.65,13.97,13.65,13.79,13.63,0.16,1.17,1824.9,2519.276
600299.SH,20020805,13.76,13.8,13.63,13.63,13.85,-0.22,-1.59,1978.14,2712.087
600299.SH,20020802,13.94,13.94,13.75,13.85,13.94,-0.09,-0.65,4061.54,5608.637
600299.SH,20020801,13.81,14.2,13.8,13.94,13.94,0.0,0.0,1562.24,2178.522
600299.SH,20020731,14.17,14.24,13.93,13.94,14.17,-0.23,-1.62,1876.21,2635.74
600299.SH,20020730,14.28,14.29,14.0,14.17,14.29,-0.12,-0.84,2640.61,3726.113
600299.SH,20020729,13.92,14.3,13.82,14.29,13.92,0.37,2.66,3603.09,5081.574
600299.SH,20020725,13.87,14.08,13.81,13.92,13.85,0.07,0.51,2831.65,3942.868
600299.SH,20020724,13.94,13.96,13.84,13.85,13.87,-0.02,-0.14,2408.0,3340.936
600299.SH,20020723,14.0,14.1,13.85,13.87,14.03,-0.16,-1.14,5128.75,7151.481
600299.SH,20020722,14.28,14.3,14.0,14.03,14.28,-0.25,-1.75,3859.04,5446.068
600299.SH,20020719,14.2,14.3,14.1,14.28,14.2,0.08,0.56,6666.17,9471.779
600299.SH,20020718,14.25,14.3,14.12,14.2,14.2,0.0,0.0,4301.4,6122.444
600299.SH,20020717,14.17,14.29,14.0,14.2,14.17,0.03,0.21,3980.46,5603.938
600299.SH,20020716,14.16,14.39,14.14,14.17,14.14,0.03,0.21,2148.71,3053.498
600299.SH,20020715,14.3,14.3,14.1,14.14,14.29,-0.15,-1.05,2749.01,3892.771
600299.SH,20020712,14.37,14.44,14.33,14.39,14.38,0.01,0.07,2768.25,3981.262
600299.SH,20020711,14.48,14.55,14.36,14.38,14.5,-0.12,-0.83,3744.46,5412.057
600299.SH,20020710,14.5,14.69,14.46,14.5,14.52,-0.02,-0.14,6347.9,9223.15
600299.SH,20020709,14.75,14.79,14.5,14.52,14.74,-0.22,-1.49,4853.3,7086.869
600299.SH,20020708,14.6,14.75,14.46,14.74,14.58,0.16,1.1,4643.85,6799.178
600299.SH,20020705,14.61,14.75,14.43,14.58,14.61,-0.03,-0.21,6753.32,9811.676
600299.SH,20020704,14.9,14.91,14.6,14.61,14.84,-0.23,-1.55,6913.01,10179.103
600299.SH,20020703,14.95,15.0,14.72,14.84,14.93,-0.09,-0.6,5213.52,7753.172
600299.SH,20020702,14.7,14.93,14.6,14.93,14.77,0.16,1.08,5954.53,8790.511
600299.SH,20020701,14.95,15.1,14.76,14.77,14.95,-0.18,-1.2,6158.8,9181.964
600299.SH,20020628,15.1,15.2,14.72,14.95,15.02,-0.07,-0.47,16586.21,24783.092
600299.SH,20020627,15.2,15.4,14.89,15.02,15.19,-0.17,-1.12,11614.17,17527.771
600299.SH,20020626,14.8,15.54,14.63,15.19,14.87,0.32,2.15,28525.91,43241.965
600299.SH,20020625,15.3,15.55,14.8,14.87,15.2,-0.33,-2.17,34689.74,52735.542
600299.SH,20020624,15.2,15.2,14.6,15.2,13.82,1.38,9.99,71527.02,107893.365
600299.SH,20020621,13.31,13.95,13.31,13.82,13.28,0.54,4.07,29836.2,40880.256
600299.SH,20020620,13.22,13.57,13.22,13.28,13.12,0.16,1.22,10165.86,13638.538
600299.SH,20020619,13.55,13.55,13.1,13.12,13.45,-0.33,-2.45,8141.97,10838.583
600299.SH,20020618,12.88,13.6,12.88,13.45,12.81,0.64,5.0,18169.56,24219.828
600299.SH,20020617,12.93,12.93,12.68,12.81,12.98,-0.17,-1.31,5573.8,7149.069
600299.SH,20020614,13.2,13.36,12.95,12.98,13.27,-0.29,-2.19,7676.56,10086.743
600299.SH,20020613,13.62,13.62,13.2,13.27,13.65,-0.38,-2.78,9879.41,13200.186
600299.SH,20020612,13.58,14.03,13.55,13.65,13.41,0.24,1.79,24899.38,34420.359
600299.SH,20020611,13.11,13.49,12.98,13.41,13.14,0.27,2.05,8834.83,11772.832
600299.SH,20020610,12.95,13.17,12.76,13.14,13.05,0.09,0.69,5044.85,6528.574
600299.SH,20020607,13.0,13.23,12.72,13.05,12.95,0.1,0.77,8812.87,11500.449
600299.SH,20020606,12.24,13.3,12.15,12.95,12.22,0.73,5.97,8510.95,10825.222
600299.SH,20020605,12.66,12.71,12.1,12.22,12.76,-0.54,-4.23,4931.6,6085.737
600299.SH,20020604,12.61,12.9,12.6,12.76,12.8,-0.04,-0.31,3728.87,4751.143
600299.SH,20020603,13.0,13.0,12.68,12.8,13.09,-0.29,-2.22,3925.01,5022.63
600299.SH,20020531,13.06,13.17,13.01,13.09,13.03,0.06,0.46,2503.57,3280.053
600299.SH,20020530,13.1,13.2,12.91,13.03,13.11,-0.08,-0.61,5850.3,7609.206
600299.SH,20020529,13.44,13.44,13.01,13.11,13.4,-0.29,-2.16,4694.98,6153.855
600299.SH,20020528,13.18,13.5,13.15,13.4,13.14,0.26,1.98,4206.64,5629.585
600299.SH,20020527,13.09,13.35,12.98,13.14,13.09,0.05,0.38,4003.43,5220.952
600299.SH,20020524,13.32,13.38,13.0,13.09,13.39,-0.3,-2.24,5399.09,7071.651
600299.SH,20020523,13.4,13.6,13.3,13.39,13.23,0.16,1.21,4167.08,5593.142
600299.SH,20020522,13.62,13.65,13.15,13.23,13.65,-0.42,-3.08,8181.84,10930.103
600299.SH,20020521,14.0,14.04,13.38,13.65,13.1,0.55,4.2,12748.61,17441.845
600299.SH,20020520,13.48,13.48,12.95,13.1,13.51,-0.41,-3.03,8023.0,10496.727
600299.SH,20020517,13.4,13.8,13.3,13.51,13.4,0.11,0.82,7904.09,10656.062
600299.SH,20020516,14.1,14.18,13.4,13.4,14.19,-0.79,-5.57,12719.35,17437.144
600299.SH,20020515,14.33,14.55,14.18,14.19,14.35,-0.16,-1.12,4850.1,6953.176
600299.SH,20020514,14.31,14.64,14.28,14.35,14.33,0.02,0.14,3172.71,4576.907
600299.SH,20020513,14.55,14.56,14.28,14.33,14.6,-0.27,-1.85,4534.6,6521.997
600299.SH,20020510,14.41,14.76,14.41,14.6,14.49,0.11,0.76,6161.94,9004.769
600299.SH,20020509,14.45,14.72,14.4,14.49,14.46,0.03,0.21,3910.94,5696.744
600299.SH,20020508,14.9,14.91,14.4,14.46,14.87,-0.41,-2.76,5991.05,8711.996
600299.SH,20020429,14.8,14.99,14.55,14.87,14.8,0.07,0.47,9712.72,14393.034
600299.SH,20020426,14.35,14.95,14.35,14.8,14.35,0.45,3.14,7223.75,10616.647
600299.SH,20020425,14.31,14.45,14.2,14.35,14.32,0.03,0.21,4620.39,6611.841
600299.SH,20020424,14.68,14.68,14.3,14.32,14.68,-0.36,-2.45,7562.47,10929.392
600299.SH,20020423,14.7,14.82,14.65,14.68,14.73,-0.05,-0.34,2916.5,4294.829
600299.SH,20020422,14.81,14.89,14.6,14.73,14.91,-0.18,-1.21,3829.69,5647.261
600299.SH,20020419,14.6,14.96,14.57,14.91,14.64,0.27,1.84,8452.5,12431.611
600299.SH,20020418,15.01,15.01,14.61,14.64,14.99,-0.35,-2.33,6936.68,10239.146
600299.SH,20020417,14.9,15.2,14.75,14.99,14.77,0.22,1.49,8022.96,12046.707
600299.SH,20020416,14.87,15.03,14.65,14.77,14.85,-0.08,-0.54,7402.29,10951.432
600299.SH,20020415,15.0,15.22,14.6,14.85,14.99,-0.14,-0.93,10683.08,15850.809
600299.SH,20020412,15.02,15.28,14.95,14.99,15.18,-0.19,-1.25,9935.62,15011.675
600299.SH,20020411,15.55,15.6,15.15,15.18,15.52,-0.34,-2.19,19265.07,29500.733
600299.SH,20020410,15.55,15.6,15.3,15.52,15.48,0.04,0.26,13549.48,20947.573
600299.SH,20020409,14.98,15.63,14.98,15.48,15.03,0.45,2.99,22300.15,34459.781
600299.SH,20020408,14.96,15.24,14.84,15.03,14.91,0.12,0.8,10505.21,15833.696
600299.SH,20020405,15.3,15.38,14.82,14.91,15.21,-0.3,-1.97,18790.48,28329.813
600299.SH,20020404,14.68,15.39,14.32,15.21,14.81,0.4,2.7,26607.7,39920.203
600299.SH,20020403,14.6,14.98,14.5,14.81,14.6,0.21,1.44,17502.89,25819.7
600299.SH,20020402,14.92,15.07,14.46,14.6,15.04,-0.44,-2.93,22828.05,33528.1
600299.SH,20020401,14.98,15.19,14.65,15.04,14.99,0.05,0.33,19367.83,28943.093
600299.SH,20020329,15.6,15.76,14.81,14.99,15.7,-0.71,-4.52,40542.01,61296.99
600299.SH,20020328,15.97,16.0,15.66,15.7,16.0,-0.3,-1.88,19630.6,31025.757
600299.SH,20020327,15.65,16.15,15.6,16.0,15.74,0.26,1.65,35315.37,56242.494
600299.SH,20020326,16.21,16.29,15.58,15.74,16.21,-0.47,-2.9,42159.13,66530.105
600299.SH,20020325,16.38,16.61,16.13,16.21,16.41,-0.2,-1.22,53547.94,87385.706
600299.SH,20020322,15.94,16.65,15.6,16.41,15.95,0.46,2.88,81050.26,130610.272
600299.SH,20020321,15.8,16.25,15.52,15.95,15.86,0.09,0.57,77724.78,123453.157
600299.SH,20020320,15.3,16.28,15.3,15.86,14.8,1.06,7.16,220590.38,348250.001
600299.SH,20020319,13.6,14.8,13.48,14.8,13.45,1.35,10.04,73588.53,106871.875
600299.SH,20020318,13.85,14.01,13.4,13.45,13.61,-0.16,-1.18,8120.06,11040.772
600299.SH,20020315,14.19,14.25,13.6,13.61,14.15,-0.54,-3.82,12795.0,17970.755
600299.SH,20020314,13.58,14.24,13.58,14.15,13.58,0.57,4.2,7362.38,10167.368
600299.SH,20020313,13.7,13.85,13.55,13.58,13.76,-0.18,-1.31,6465.79,8853.633
600299.SH,20020312,14.2,14.23,13.7,13.76,14.19,-0.43,-3.03,10902.34,15214.477
600299.SH,20020311,14.2,14.28,13.9,14.19,14.1,0.09,0.64,12562.73,17728.687
600299.SH,20020308,13.98,14.3,13.8,14.1,13.92,0.18,1.29,17018.22,23885.55
600299.SH,20020307,13.38,13.95,13.37,13.92,13.43,0.49,3.65,15362.36,21035.0
600299.SH,20020306,13.37,13.7,13.3,13.43,13.36,0.07,0.52,14033.2,18991.749
600299.SH,20020305,13.0,13.47,12.95,13.36,12.98,0.38,2.93,13204.71,17549.422
600299.SH,20020304,12.75,12.99,12.7,12.98,12.77,0.21,1.64,2582.03,3322.856
600299.SH,20020301,12.81,12.96,12.75,12.77,12.94,-0.17,-1.31,5428.23,6953.945
600299.SH,20020228,13.2,13.31,12.88,12.94,13.25,-0.31,-2.34,7389.95,9682.756
600299.SH,20020227,13.23,13.32,13.1,13.25,13.24,0.01,0.08,3279.12,4333.412
600299.SH,20020226,13.31,13.31,13.0,13.24,13.3,-0.06,-0.45,3342.5,4389.484
600299.SH,20020225,13.75,13.79,13.25,13.3,13.09,0.21,1.6,12043.94,16217.49
600299.SH,20020208,13.11,13.28,13.09,13.09,13.12,-0.03,-0.23,8562.74,11253.29
600299.SH,20020207,13.29,13.37,13.0,13.12,12.71,0.41,3.23,9337.5,12295.793
600299.SH,20020206,13.02,13.02,12.7,12.71,13.08,-0.37,-2.83,11336.0,14536.609
600299.SH,20020205,13.1,13.23,12.95,13.08,13.13,-0.05,-0.38,9915.54,12981.881
600299.SH,20020204,12.95,13.23,12.76,13.13,12.9,0.23,1.78,12552.09,16282.914
600299.SH,20020201,12.65,13.35,12.6,12.9,12.55,0.35,2.79,37291.23,48651.846
600299.SH,20020131,11.8,12.55,11.68,12.55,11.41,1.14,9.99,32384.84,39844.067
600299.SH,20020130,11.48,11.66,11.33,11.41,11.49,-0.08,-0.7,4506.3,5174.072
600299.SH,20020129,11.0,11.76,11.0,11.49,11.12,0.37,3.33,13814.8,15711.937
600299.SH,20020128,12.08,12.35,11.1,11.12,12.29,-1.17,-9.52,11017.1,12775.066
600299.SH,20020125,12.3,12.54,12.2,12.29,12.49,-0.2,-1.6,5908.16,7314.807
600299.SH,20020124,12.1,12.82,11.71,12.49,12.3,0.19,1.54,15744.36,19717.669
600299.SH,20020123,11.16,12.35,11.11,12.3,11.26,1.04,9.24,7336.9,8560.691
600299.SH,20020122,11.0,11.7,11.0,11.26,11.09,0.17,1.53,5616.55,6353.258
600299.SH,20020121,11.6,11.85,11.05,11.09,11.84,-0.75,-6.33,4961.0,5624.442
600299.SH,20020118,11.7,12.3,11.4,11.84,11.86,-0.02,-0.17,6713.72,7973.56
600299.SH,20020117,12.82,12.82,11.75,11.86,12.82,-0.96,-7.49,6679.09,8099.405
600299.SH,20020116,13.0,13.2,12.56,12.82,12.88,-0.06,-0.47,8227.95,10480.255
600299.SH,20020115,12.9,13.2,12.81,12.88,13.01,-0.13,-1.0,3111.2,4041.806
600299.SH,20020114,13.2,13.4,12.95,13.01,13.51,-0.5,-3.7,4429.85,5817.107
600299.SH,20020111,13.88,13.88,13.51,13.51,13.82,-0.31,-2.24,2103.61,2872.252
600299.SH,20020110,13.55,13.9,13.18,13.82,13.55,0.27,1.99,3907.27,5250.399
600299.SH,20020109,13.5,13.79,13.4,13.55,13.62,-0.07,-0.51,12674.52,17187.327
600299.SH,20020108,13.75,13.9,13.61,13.62,13.76,-0.14,-1.02,2158.0,2961.908
600299.SH,20020107,13.97,13.97,13.7,13.76,14.06,-0.3,-2.13,3293.7,4544.424
600299.SH,20020104,14.26,14.28,14.0,14.06,14.32,-0.26,-1.82,2976.0,4187.39
600299.SH,20011231,14.48,14.58,14.2,14.32,14.28,0.04,0.28,4269.78,6132.912
600299.SH,20011227,14.32,14.5,14.21,14.28,14.3,-0.02,-0.14,6393.94,9194.266
600299.SH,20011226,14.19,14.3,14.04,14.3,14.1,0.2,1.42,3946.31,5612.089
600299.SH,20011225,14.22,14.35,14.0,14.1,14.2,-0.1,-0.7,4919.4,6945.779
600299.SH,20011224,14.53,14.53,14.1,14.2,14.51,-0.31,-2.14,3567.0,5100.631
600299.SH,20011221,14.32,14.53,14.3,14.51,14.3,0.21,1.47,3556.82,5132.065
600299.SH,20011220,14.37,14.4,14.15,14.3,14.37,-0.07,-0.49,4602.97,6566.469
600299.SH,20011219,14.6,14.75,14.31,14.37,14.58,-0.21,-1.44,6254.2,9130.715
600299.SH,20011218,14.02,14.58,13.98,14.58,14.01,0.57,4.07,9360.65,13294.242
600299.SH,20011217,14.5,14.79,14.0,14.01,14.74,-0.73,-4.95,16241.33,23197.403
600299.SH,20011214,15.3,15.5,14.65,14.74,15.39,-0.65,-4.22,11688.0,17667.594
600299.SH,20011213,15.73,16.0,15.37,15.39,15.74,-0.35,-2.22,18714.98,29459.131
600299.SH,20011212,15.2,16.18,15.08,15.74,15.29,0.45,2.94,40912.84,64417.473
600299.SH,20011211,15.5,15.5,15.27,15.29,15.5,-0.21,-1.35,1971.0,3023.822
600299.SH,20011210,15.28,15.53,15.19,15.5,15.37,0.13,0.85,2153.06,3299.2
600299.SH,20011207,15.4,15.55,15.35,15.37,15.48,-0.11,-0.71,2506.1,3864.323
600299.SH,20011206,15.4,15.6,15.32,15.48,15.48,0.0,0.0,3688.58,5691.915
600299.SH,20011205,15.8,15.98,15.46,15.48,15.93,-0.45,-2.82,4601.5,7229.119
600299.SH,20011204,15.95,15.99,15.7,15.93,15.89,0.04,0.25,2966.88,4682.62
600299.SH,20011203,15.72,16.05,15.72,15.89,15.7,0.19,1.21,8941.35,14193.123
600299.SH,20011130,15.44,15.71,15.43,15.7,15.44,0.26,1.68,4629.03,7194.356
600299.SH,20011129,15.48,15.6,15.41,15.44,15.54,-0.1,-0.64,3182.21,4929.054
600299.SH,20011128,15.58,15.89,15.51,15.54,15.45,0.09,0.58,3185.0,4992.926
600299.SH,20011127,15.28,15.45,15.27,15.45,15.28,0.17,1.11,2375.67,3644.982
600299.SH,20011126,15.57,15.57,15.2,15.28,15.57,-0.29,-1.86,2943.5,4505.632
600299.SH,20011123,15.37,15.72,15.35,15.57,15.38,0.19,1.24,9040.2,14064.248
600299.SH,20011122,15.32,15.4,15.15,15.38,15.32,0.06,0.39,5704.24,8720.641
600299.SH,20011121,15.3,15.36,15.15,15.32,15.3,0.02,0.13,6774.24,10336.71
600299.SH,20011120,14.98,15.38,14.82,15.3,14.78,0.52,3.52,11125.72,16873.85
600299.SH,20011119,14.35,14.8,14.35,14.78,14.35,0.43,3.0,6289.62,9189.99
600299.SH,20011116,15.43,15.43,14.3,14.35,14.03,0.32,2.28,22997.06,34448.621
600299.SH,20011115,13.81,14.07,13.81,14.03,13.85,0.18,1.3,1202.54,1678.537
600299.SH,20011114,13.88,14.1,13.78,13.85,13.78,0.07,0.51,1766.9,2453.619
600299.SH,20011113,13.5,13.95,13.5,13.78,13.95,-0.17,-1.22,2385.65,3282.437
600299.SH,20011112,14.3,14.35,13.85,13.95,14.38,-0.43,-2.99,4607.62,6462.418
600299.SH,20011109,14.2,14.65,13.66,14.38,14.2,0.18,1.27,5944.54,8452.457
600299.SH,20011108,13.64,14.26,13.3,14.2,13.85,0.35,2.53,6675.6,9207.795
600299.SH,20011107,15.0,15.0,13.8,13.85,15.08,-1.23,-8.16,9376.0,13473.543
600299.SH,20011106,15.1,15.2,15.03,15.08,15.14,-0.06,-0.4,2302.0,3479.111
600299.SH,20011105,15.19,15.3,15.1,15.14,15.35,-0.21,-1.37,2252.28,3419.998
600299.SH,20011102,15.5,15.6,15.1,15.35,15.59,-0.24,-1.54,4426.61,6836.392
600299.SH,20011101,15.6,15.79,15.37,15.59,15.5,0.09,0.58,5276.2,8240.782
600299.SH,20011031,15.5,15.5,14.9,15.5,15.58,-0.08,-0.51,5710.3,8672.671
600299.SH,20011030,15.86,15.88,15.53,15.58,15.86,-0.28,-1.77,4832.1,7566.314
600299.SH,20011029,15.8,15.89,15.51,15.86,15.7,0.16,1.02,10928.24,17227.173
600299.SH,20011026,15.28,15.78,14.78,15.7,15.38,0.32,2.08,19438.43,29573.417
600299.SH,20011025,15.37,16.18,14.85,15.38,14.83,0.55,3.71,65156.93,101387.34
600299.SH,20011024,14.78,14.83,14.78,14.83,13.48,1.35,10.01,8678.56,12855.62
600299.SH,20011023,13.48,13.48,13.48,13.48,12.25,1.23,10.04,12079.99,16283.827
600299.SH,20011022,13.0,13.1,12.23,12.25,13.59,-1.34,-9.86,14700.43,18434.176
600299.SH,20011019,15.2,15.2,13.59,13.59,15.1,-1.51,-10.0,13653.8,19225.049
600299.SH,20011018,15.69,15.82,15.0,15.1,15.69,-0.59,-3.76,2092.74,3231.123
600299.SH,20011017,15.59,15.9,15.5,15.69,15.6,0.09,0.58,1138.0,1787.43
600299.SH,20011016,16.15,16.28,15.49,15.6,16.15,-0.55,-3.41,1865.77,2931.062
600299.SH,20011015,16.3,16.47,16.07,16.15,16.28,-0.13,-0.8,2231.57,3620.87
600299.SH,20011012,15.58,16.4,15.1,16.28,15.56,0.72,4.63,5145.83,8127.091
600299.SH,20011011,16.2,16.5,15.39,15.56,16.3,-0.74,-4.54,4598.77,7285.23
600299.SH,20011010,16.72,16.98,16.2,16.3,16.98,-0.68,-4.0,5810.68,9547.002
600299.SH,20011009,16.8,17.15,16.8,16.98,16.8,0.18,1.07,1084.2,1839.762
600299.SH,20011008,16.99,17.06,16.7,16.8,16.8,0.0,0.0,1642.5,2760.795
600299.SH,20010928,17.39,17.62,16.59,16.8,17.39,-0.59,-3.39,7881.3,13325.951
600299.SH,20010927,18.05,18.17,17.28,17.39,18.19,-0.8,-4.4,10098.2,17690.627
600299.SH,20010926,18.4,18.4,18.0,18.19,18.2,-0.01,-0.05,4020.6,7291.813
600299.SH,20010925,18.2,18.49,18.15,18.2,18.16,0.04,0.22,2011.04,3671.512
600299.SH,20010924,18.3,18.4,18.1,18.16,18.28,-0.12,-0.66,2743.0,4999.104
600299.SH,20010921,18.18,18.79,18.18,18.28,18.28,0.0,0.0,2941.27,5390.257
600299.SH,20010920,18.57,18.64,18.18,18.28,18.48,-0.2,-1.08,5196.34,9606.029
600299.SH,20010919,18.12,18.55,17.9,18.48,18.1,0.38,2.1,4869.62,8900.846
600299.SH,20010918,17.88,18.34,17.88,18.1,17.85,0.25,1.4,3816.52,6886.161
600299.SH,20010917,17.9,18.16,17.81,17.85,17.99,-0.14,-0.78,4114.68,7362.548
600299.SH,20010914,18.28,18.42,17.85,17.99,18.28,-0.29,-1.59,4645.03,8411.339
600299.SH,20010913,18.48,18.6,18.18,18.28,18.48,-0.2,-1.08,6902.53,12711.207
600299.SH,20010912,17.78,18.56,17.33,18.48,18.0,0.48,2.67,10260.6,18577.27
600299.SH,20010911,17.8,18.25,17.8,18.0,18.01,-0.01,-0.06,2897.59,5240.967
600299.SH,20010910,16.99,18.06,16.8,18.01,17.3,0.71,4.1,4281.48,7564.761
600299.SH,20010907,17.93,17.99,17.2,17.3,17.93,-0.63,-3.51,5170.28,9104.636
600299.SH,20010906,18.11,18.29,17.89,17.93,18.11,-0.18,-0.99,3385.4,6107.271
600299.SH,20010905,17.96,18.68,17.95,18.11,17.87,0.24,1.34,11353.78,20736.437
600299.SH,20010904,17.41,17.87,17.26,17.87,17.46,0.41,2.35,3183.99,5645.04
600299.SH,20010903,17.46,17.72,17.35,17.46,17.43,0.03,0.17,1477.4,2584.666
600299.SH,20010831,17.7,17.83,17.38,17.43,17.68,-0.25,-1.41,1973.6,3473.923
600299.SH,20010830,17.5,18.09,17.5,17.68,17.48,0.2,1.14,13146.21,23494.526
600299.SH,20010829,17.56,17.56,17.3,17.48,17.1,0.38,2.22,3902.57,6790.753
600299.SH,20010828,16.5,17.14,16.4,17.1,16.66,0.44,2.64,2439.52,4069.819
600299.SH,20010827,17.1,17.1,16.65,16.66,17.12,-0.46,-2.69,3262.09,5488.436
600299.SH,20010824,17.39,17.58,17.1,17.12,17.45,-0.33,-1.89,1832.0,3162.555
600299.SH,20010823,17.3,17.48,17.1,17.45,17.5,-0.05,-0.29,2455.93,4253.242
600299.SH,20010822,17.51,17.57,17.2,17.5,17.7,-0.2,-1.13,3432.33,5978.71
600299.SH,20010821,17.41,17.75,17.41,17.7,17.35,0.35,2.02,3049.4,5378.182
600299.SH,20010820,17.2,17.7,17.14,17.35,17.18,0.17,0.99,2639.1,4610.716
600299.SH,20010817,17.18,17.28,17.03,17.18,17.18,0.0,0.0,2053.1,3515.832
600299.SH,20010816,17.52,17.53,17.17,17.18,17.56,-0.38,-2.16,1944.0,3358.727
600299.SH,20010815,17.5,17.58,17.1,17.56,17.45,0.11,0.63,3902.76,6767.023
600299.SH,20010814,17.65,17.65,17.08,17.45,17.65,-0.2,-1.13,5891.2,10229.739
600299.SH,20010813,17.7,17.79,17.3,17.65,17.7,-0.05,-0.28,3349.67,5884.298
600299.SH,20010810,17.18,17.75,17.18,17.7,17.15,0.55,3.21,4692.73,8221.093
600299.SH,20010809,16.8,17.16,16.71,17.15,16.68,0.47,2.82,3697.6,6292.44
600299.SH,20010808,16.95,17.2,16.6,16.68,16.93,-0.25,-1.48,4649.27,7818.138
600299.SH,20010807,16.37,17.0,16.36,16.93,16.65,0.28,1.68,4732.9,7955.799
600299.SH,20010806,17.88,17.88,16.58,16.65,18.0,-1.35,-7.5,5849.4,9969.019
600299.SH,20010803,18.0,18.35,17.56,18.0,18.18,-0.18,-0.99,5298.73,9444.489
600299.SH,20010802,18.4,18.45,17.55,18.18,18.4,-0.22,-1.2,3774.52,6783.189
600299.SH,20010801,18.09,18.49,17.98,18.4,17.98,0.42,2.34,16199.34,29449.283
600299.SH,20010731,18.08,18.95,17.52,17.98,18.34,-0.36,-1.96,13638.12,25160.893
600299.SH,20010730,19.55,19.7,18.05,18.39,19.88,-1.49,-7.5,6644.48,12524.066
600299.SH,20010727,19.63,19.98,19.5,19.88,19.53,0.35,1.79,4763.88,9436.115
600299.SH,20010726,19.48,19.79,19.4,19.53,19.68,-0.15,-0.76,2464.1,4816.737
600299.SH,20010725,19.6,19.85,19.4,19.68,19.72,-0.04,-0.2,2408.0,4727.755
600299.SH,20010724,19.0,19.9,19.0,19.72,19.94,-0.22,-1.1,2126.9,4174.928
600299.SH,20010723,20.0,20.05,19.7,19.94,19.94,0.0,0.0,3616.9,7186.405
600299.SH,20010720,19.51,19.99,19.51,19.94,19.68,0.26,1.32,4296.5,8542.68
600299.SH,20010719,19.4,19.72,19.06,19.68,19.4,0.28,1.44,1832.58,3562.621
600299.SH,20010718,19.38,19.4,18.9,19.4,19.36,0.04,0.21,6519.37,12416.521
600299.SH,20010717,19.85,19.86,18.95,19.36,19.97,-0.61,-3.05,6374.12,12357.137
600299.SH,20010716,20.48,20.5,19.9,19.97,20.27,-0.3,-1.48,5037.6,10205.7
600299.SH,20010713,20.04,20.48,19.99,20.27,19.98,0.29,1.45,10218.38,20722.997
600299.SH,20010712,19.88,20.0,19.65,19.98,19.89,0.09,0.45,6091.45,12112.182
600299.SH,20010711,20.05,20.05,19.7,19.89,20.05,-0.16,-0.8,5008.8,9924.08
600299.SH,20010710,19.78,20.2,19.78,20.05,19.75,0.3,1.52,4821.1,9623.669
600299.SH,20010709,19.8,20.0,19.62,19.75,19.8,-0.05,-0.25,4201.05,8290.159
600299.SH,20010706,20.3,20.35,19.71,19.8,20.35,-0.55,-2.7,8632.65,17277.198
600299.SH,20010705,20.53,20.65,20.2,20.35,20.68,-0.33,-1.6,6043.37,12312.823
600299.SH,20010704,20.9,21.0,20.58,20.68,20.95,-0.27,-1.29,3805.65,7880.329
600299.SH,20010703,20.7,20.95,20.6,20.95,20.7,0.25,1.21,2668.09,5541.544
600299.SH,20010702,20.54,20.8,20.46,20.7,20.54,0.16,0.78,3674.8,7555.386
600299.SH,20010629,20.69,20.9,20.45,20.54,20.6,-0.06,-0.29,5489.0,11270.99
600299.SH,20010628,20.95,21.23,20.4,20.6,20.74,-0.14,-0.68,8163.34,16838.275
600299.SH,20010627,20.98,21.0,20.35,20.74,20.91,-0.17,-0.81,11522.53,23771.021
600299.SH,20010626,21.28,21.6,20.8,20.91,21.28,-0.37,-1.74,12949.47,27412.918
600299.SH,20010625,20.94,21.39,20.7,21.28,20.66,0.62,3.0,11860.74,24925.126
600299.SH,20010621,20.42,20.8,20.4,20.66,20.4,0.26,1.27,3213.2,6618.318
600299.SH,20010620,20.6,20.85,20.38,20.4,20.7,-0.3,-1.45,4496.0,9245.629
600299.SH,20010619,21.13,21.15,20.5,20.7,20.9,-0.2,-0.96,5988.31,12439.968
600299.SH,20010618,21.2,21.31,20.32,20.9,21.3,-0.4,-1.88,11841.98,24601.223
600299.SH,20010615,21.17,21.49,21.0,21.3,21.3,0.0,0.0,10292.08,21814.272
600299.SH,20010614,22.08,22.35,21.29,21.3,22.04,-0.74,-3.36,12932.53,28153.111
600299.SH,20010613,22.27,22.29,21.85,22.04,22.04,0.0,0.0,9334.41,20510.862
600299.SH,20010612,21.98,22.15,21.71,22.04,21.9,0.14,0.64,6390.63,14052.581
600299.SH,20010611,21.6,22.18,21.6,21.9,21.55,0.35,1.62,7875.22,17294.574
600299.SH,20010608,22.0,22.01,21.48,21.55,22.0,-0.45,-2.05,16036.25,34746.153
600299.SH,20010607,22.35,22.4,21.9,22.0,22.36,-0.36,-1.61,9671.0,21398.023
600299.SH,20010606,22.48,22.79,22.02,22.36,22.38,-0.02,-0.09,24060.8,54001.687
600299.SH,20010605,21.0,22.38,20.85,22.38,21.03,1.35,6.42,39019.34,85308.882
600299.SH,20010604,21.0,21.28,20.75,21.03,21.0,0.03,0.14,7139.65,14955.188
600299.SH,20010601,21.56,21.6,20.9,21.0,21.48,-0.48,-2.23,8550.0,18115.435
600299.SH,20010531,21.3,21.5,21.0,21.48,21.31,0.17,0.8,11532.5,24524.98
600299.SH,20010530,21.05,21.51,21.05,21.31,21.02,0.29,1.38,12856.14,27331.812
600299.SH,20010529,20.5,21.12,20.35,21.02,20.49,0.53,2.59,9354.24,19524.974
600299.SH,20010528,20.62,20.91,20.15,20.49,20.62,-0.13,-0.63,11506.55,23674.019
600299.SH,20010525,21.0,21.01,20.58,20.62,21.0,-0.38,-1.81,9911.35,20632.858
600299.SH,20010524,20.88,21.34,20.73,21.0,20.73,0.27,1.3,12335.16,26078.577
600299.SH,20010523,20.68,20.85,20.56,20.73,20.68,0.05,0.24,8986.72,18555.945
600299.SH,20010522,20.88,21.06,20.53,20.68,20.9,-0.22,-1.05,7897.0,16300.428
600299.SH,20010521,21.38,21.45,20.78,20.9,21.25,-0.35,-1.65,15596.64,32892.228
600299.SH,20010518,20.5,21.35,20.44,21.25,20.5,0.75,3.66,14016.14,29295.704
600299.SH,20010517,21.1,21.1,20.42,20.5,21.0,-0.5,-2.38,28319.5,58648.443
600299.SH,20010516,21.55,21.55,20.6,21.0,21.35,-0.35,-1.64,23252.95,48845.424
600299.SH,20010515,21.33,21.75,21.18,21.35,21.28,0.07,0.33,28881.31,62163.664
600299.SH,20010514,21.4,21.5,21.08,21.28,21.2,0.08,0.38,18107.74,38574.138
600299.SH,20010511,20.6,21.3,20.4,21.2,20.58,0.62,3.01,26464.89,55690.322
600299.SH,20010510,20.51,20.65,20.3,20.58,20.49,0.09,0.44,8865.23,18118.22
600299.SH,20010509,20.5,20.95,20.41,20.49,20.5,-0.01,-0.05,14357.97,29595.887
600299.SH,20010508,20.0,20.57,19.96,20.5,19.9,0.6,3.02,14513.55,29614.205
600299.SH,20010430,19.98,20.17,19.7,19.9,19.98,-0.08,-0.4,8419.0,16810.959
600299.SH,20010427,19.7,20.25,19.7,19.98,19.73,0.25,1.27,10536.34,21052.958
600299.SH,20010426,19.52,20.08,19.35,19.73,19.8,-0.07,-0.35,22226.77,43880.448
600299.SH,20010425,20.41,20.65,19.8,19.8,20.41,-0.61,-2.99,26529.4,53285.944
600299.SH,20010424,20.52,20.88,20.28,20.41,20.4,0.01,0.05,15055.09,30883.274
600299.SH,20010423,19.9,20.6,19.85,20.4,20.0,0.4,2.0,42363.63,86053.913
600299.SH,20010420,20.72,21.02,19.9,20.0,20.82,-0.82,-3.94,39460.68,80979.862
600299.SH,20010419,21.2,21.2,20.4,20.82,21.1,-0.28,-1.33,36597.41,75932.179
600299.SH,20010418,21.19,21.45,20.82,21.1,21.11,-0.01,-0.05,33775.66,71258.928
600299.SH,20010417,20.3,21.58,20.3,21.11,20.19,0.92,4.56,86265.33,180462.203
600299.SH,20010416,20.2,20.8,19.98,20.19,19.95,0.24,1.2,77717.91,158813.066
600299.SH,20010413,19.0,20.3,18.88,19.95,19.0,0.95,5.0,117121.02,232169.908
600299.SH,20010412,18.78,19.33,18.5,19.0,18.66,0.34,1.82,80979.88,154405.158
600299.SH,20010411,18.3,18.86,18.28,18.66,18.27,0.39,2.13,27635.39,51482.962
600299.SH,20010410,18.1,18.35,18.0,18.27,18.0,0.27,1.5,10184.87,18466.032
600299.SH,20010409,18.1,18.16,17.95,18.0,18.18,-0.18,-0.99,5799.24,10463.32
600299.SH,20010406,18.1,18.36,18.0,18.18,17.98,0.2,1.11,17497.76,31884.231
600299.SH,20010405,17.7,18.0,17.63,17.98,17.8,0.18,1.01,5052.77,9016.701
600299.SH,20010404,18.2,18.2,17.65,17.8,18.23,-0.43,-2.36,10836.0,19497.237
600299.SH,20010403,18.1,18.25,17.81,18.23,18.08,0.15,0.83,9928.0,17895.352
600299.SH,20010402,17.99,18.26,17.96,18.08,17.9,0.18,1.01,16729.69,30289.55
600299.SH,20010330,17.3,18.05,17.3,17.9,17.3,0.6,3.47,29488.39,52618.319
600299.SH,20010329,17.32,17.44,17.15,17.3,17.32,-0.02,-0.12,5179.84,8944.947
600299.SH,20010328,17.4,17.46,17.16,17.32,17.4,-0.08,-0.46,3735.52,6452.214
600299.SH,20010327,17.22,17.54,17.18,17.4,17.18,0.22,1.28,5819.43,10079.202
600299.SH,20010326,17.02,17.3,17.01,17.18,17.08,0.1,0.59,5402.92,9244.476
600299.SH,20010323,17.59,17.6,17.02,17.08,17.43,-0.35,-2.01,10669.93,18509.645
600299.SH,20010322,17.06,17.49,17.06,17.43,17.09,0.34,1.99,9485.35,16468.99
600299.SH,20010321,16.91,17.1,16.86,17.09,16.9,0.19,1.12,4978.64,8445.738
600299.SH,20010320,16.85,17.14,16.8,16.9,16.84,0.06,0.36,3215.06,5456.336
600299.SH,20010319,16.82,16.84,16.69,16.84,16.9,-0.06,-0.36,4793.9,8028.939
600299.SH,20010316,17.08,17.08,16.85,16.9,17.1,-0.2,-1.17,3452.87,5843.035
600299.SH,20010315,17.09,17.25,17.04,17.1,17.08,0.02,0.12,2430.45,4161.086
600299.SH,20010314,16.98,17.09,16.86,17.08,17.1,-0.02,-0.12,3955.01,6716.722
600299.SH,20010313,17.25,17.3,17.0,17.1,17.14,-0.04,-0.23,3729.6,6407.278
600299.SH,20010312,17.17,17.17,17.03,17.14,17.19,-0.05,-0.29,2411.81,4117.635
600299.SH,20010309,17.25,17.29,17.11,17.19,17.17,0.02,0.12,2374.23,4075.523
600299.SH,20010308,17.1,17.26,17.0,17.17,17.05,0.12,0.7,2368.75,4068.346
600299.SH,20010307,17.1,17.24,17.0,17.05,16.95,0.1,0.59,3646.0,6242.743
600299.SH,20010306,17.07,17.12,16.9,16.95,17.16,-0.21,-1.22,2028.92,3441.66
600299.SH,20010305,17.15,17.28,17.1,17.16,17.15,0.01,0.06,3648.34,6267.575
600299.SH,20010302,16.95,17.48,16.93,17.15,16.9,0.25,1.48,8367.4,14453.724
600299.SH,20010301,16.85,16.96,16.77,16.9,16.83,0.07,0.42,1930.67,3253.759
600299.SH,20010228,16.98,16.98,16.71,16.83,16.86,-0.03,-0.18,1271.3,2135.655
600299.SH,20010227,16.94,16.94,16.7,16.86,16.8,0.06,0.36,2598.89,4373.191
600299.SH,20010226,16.8,16.83,16.51,16.8,16.45,0.35,2.13,3195.25,5348.192
600299.SH,20010223,16.45,16.6,16.28,16.45,16.41,0.04,0.24,4316.71,7076.383
600299.SH,20010222,16.38,16.62,16.38,16.41,16.44,-0.03,-0.18,3608.89,5944.024
600299.SH,20010221,16.66,16.78,16.41,16.44,16.64,-0.2,-1.2,3351.7,5541.716
600299.SH,20010220,16.66,16.95,16.59,16.64,16.6,0.04,0.24,2694.81,4503.681
600299.SH,20010219,16.5,16.72,16.35,16.6,16.4,0.2,1.22,3095.25,5120.294
600299.SH,20010216,16.56,16.68,16.18,16.4,16.56,-0.16,-0.97,5780.87,9489.624
600299.SH,20010215,16.8,17.02,16.51,16.56,16.8,-0.24,-1.43,3491.8,5860.822
600299.SH,20010214,16.64,16.85,16.55,16.8,16.65,0.15,0.9,1555.0,2605.328
600299.SH,20010213,16.85,16.9,16.55,16.65,16.75,-0.1,-0.6,2826.95,4717.945
600299.SH,20010212,16.8,17.0,16.2,16.75,16.69,0.06,0.36,4347.47,7229.454
600299.SH,20010209,16.4,17.0,16.4,16.69,16.22,0.47,2.9,2945.4,4898.773
600299.SH,20010208,16.5,16.57,16.2,16.22,16.49,-0.27,-1.64,5672.18,9297.63
600299.SH,20010207,16.86,16.89,16.45,16.49,16.84,-0.35,-2.08,5181.48,8559.749
600299.SH,20010206,16.8,17.05,16.16,16.84,17.0,-0.16,-0.94,7208.19,11949.629
600299.SH,20010205,17.9,18.0,17.0,17.0,17.83,-0.83,-4.66,6927.68,11991.129
600299.SH,20010119,17.74,17.94,17.74,17.83,17.68,0.15,0.85,3751.46,6695.034
600299.SH,20010118,17.59,17.75,17.55,17.68,17.65,0.03,0.17,3152.58,5572.623
600299.SH,20010117,17.9,17.9,17.6,17.65,17.9,-0.25,-1.4,3538.0,6262.944
600299.SH,20010116,17.65,17.99,17.55,17.9,17.85,0.05,0.28,5320.66,9464.628
600299.SH,20010115,18.2,18.4,17.8,17.85,18.39,-0.54,-2.94,14745.57,26568.959
600299.SH,20010112,18.55,18.72,18.3,18.39,18.54,-0.15,-0.81,7250.0,13351.595
600299.SH,20010111,19.0,19.08,18.5,18.54,18.95,-0.41,-2.16,7743.1,14510.957
600299.SH,20010110,18.53,19.0,18.5,18.95,18.47,0.48,2.6,6624.75,12425.898
600299.SH,20010109,18.7,18.92,18.4,18.47,18.73,-0.26,-1.39,8601.54,15996.259
600299.SH,20010108,19.18,19.45,18.7,18.73,19.16,-0.43,-2.24,11283.32,21321.112
600299.SH,20010105,18.9,19.3,18.9,19.16,18.93,0.23,1.22,10641.21,20359.407
600299.SH,20010104,19.1,19.3,18.82,18.93,19.1,-0.17,-0.89,14190.97,27013.876
600299.SH,20010103,18.6,19.48,18.5,19.1,18.56,0.54,2.91,44830.28,85849.857
600299.SH,20010102,18.29,18.68,18.0,18.56,18.15,0.41,2.26,17418.72,32091.301
600299.SH,20001229,17.96,18.29,17.96,18.15,17.86,0.29,1.62,5571.02,10134.875
600299.SH,20001228,18.0,18.1,17.77,17.86,18.08,-0.22,-1.22,5594.3,10023.777
600299.SH,20001227,18.2,18.25,17.9,18.08,18.1,-0.02,-0.11,4216.51,7596.656
600299.SH,20001226,17.82,18.25,17.7,18.1,17.82,0.28,1.57,4909.55,8857.489
600299.SH,20001225,17.72,18.0,17.6,17.82,17.87,-0.05,-0.28,3597.1,6419.789
600299.SH,20001222,18.1,18.15,17.84,17.87,18.1,-0.23,-1.27,3899.02,6979.149
600299.SH,20001221,18.35,18.46,18.06,18.1,18.26,-0.16,-0.88,6089.96,11121.786
600299.SH,20001220,17.8,18.34,17.69,18.26,17.75,0.51,2.87,8905.37,16093.337
600299.SH,20001219,17.92,18.0,17.75,17.75,17.88,-0.13,-0.73,3105.5,5545.957
600299.SH,20001218,17.42,17.88,17.36,17.88,17.41,0.47,2.7,4895.1,8645.86
600299.SH,20001215,17.7,17.85,17.35,17.41,17.6,-0.19,-1.08,3547.77,6202.485
600299.SH,20001214,17.9,17.9,17.52,17.6,17.83,-0.23,-1.29,3580.7,6326.042
600299.SH,20001213,17.7,17.99,17.68,17.83,17.68,0.15,0.85,2977.74,5302.227
600299.SH,20001212,17.6,17.8,17.5,17.68,17.6,0.08,0.45,4533.6,7978.073
600299.SH,20001211,18.03,18.05,17.55,17.6,17.9,-0.3,-1.68,7768.1,13837.376
600299.SH,20001208,17.99,18.39,17.85,17.9,17.98,-0.08,-0.44,4463.7,8068.915
600299.SH,20001207,17.8,18.05,17.78,17.98,17.88,0.1,0.56,5759.97,10320.551
600299.SH,20001206,18.18,18.25,17.8,17.88,18.2,-0.32,-1.76,8515.0,15355.871
600299.SH,20001205,18.35,18.49,18.18,18.2,18.32,-0.12,-0.66,5933.42,10845.307
600299.SH,20001204,18.55,18.55,18.16,18.32,18.45,-0.13,-0.7,8582.0,15686.282
600299.SH,20001201,18.5,18.78,18.28,18.45,18.46,-0.01,-0.05,6828.72,12649.006
600299.SH,20001130,18.4,18.63,18.2,18.46,18.45,0.01,0.05,6586.01,12120.977
600299.SH,20001129,18.72,18.72,18.16,18.45,18.73,-0.28,-1.49,14884.7,27427.191
600299.SH,20001128,18.65,18.8,18.48,18.73,18.64,0.09,0.48,24901.36,46414.541
600299.SH,20001127,17.45,18.75,17.35,18.64,17.59,1.05,5.97,34890.86,63465.628
600299.SH,20001124,18.1,18.25,17.5,17.59,18.1,-0.51,-2.82,19521.0,34832.954
600299.SH,20001123,17.48,18.38,17.37,18.1,17.4,0.7,4.02,39366.94,71098.806
600299.SH,20001122,17.25,17.64,17.23,17.4,17.24,0.16,0.93,7577.46,13188.301
600299.SH,20001121,17.51,17.76,17.11,17.24,17.49,-0.25,-1.43,7645.51,13307.927
600299.SH,20001120,17.42,17.49,17.15,17.49,17.42,0.07,0.4,6574.85,11342.346
600299.SH,20001117,17.68,17.8,17.3,17.42,17.7,-0.28,-1.58,10706.0,18677.899
600299.SH,20001116,17.49,17.82,17.4,17.7,17.5,0.2,1.14,7016.0,12362.164
600299.SH,20001115,17.69,17.69,17.4,17.5,17.71,-0.21,-1.19,11797.0,20669.501
600299.SH,20001114,17.98,17.98,17.48,17.71,17.92,-0.21,-1.17,16322.0,28804.48
600299.SH,20001113,17.9,18.28,17.8,17.92,17.9,0.02,0.11,12782.0,23058.681
600299.SH,20001110,18.0,18.05,17.78,17.9,17.99,-0.09,-0.5,12033.0,21559.989
600299.SH,20001109,18.02,18.05,17.75,17.99,17.92,0.07,0.39,13677.0,24530.481
600299.SH,20001108,17.75,18.15,17.75,17.92,17.74,0.18,1.01,24663.0,44390.687
600299.SH,20001107,17.4,17.8,17.4,17.74,17.39,0.35,2.01,10828.0,19142.92
600299.SH,20001106,17.4,17.6,17.3,17.39,17.35,0.04,0.23,3971.0,6925.763
600299.SH,20001103,17.2,17.36,17.2,17.35,17.26,0.09,0.52,3885.0,6716.657
600299.SH,20001102,17.5,17.71,17.23,17.26,17.38,-0.12,-0.69,13402.0,23494.219
600299.SH,20001101,16.81,17.5,16.8,17.38,16.89,0.49,2.9,10962.0,18879.859
600299.SH,20001031,17.1,17.2,16.82,16.89,17.11,-0.22,-1.29,4442.0,7573.392
600299.SH,20001030,16.81,17.31,16.8,17.11,16.83,0.28,1.66,6016.0,10327.076
600299.SH,20001027,16.98,17.18,16.7,16.83,17.0,-0.17,-1.0,8404.0,14158.425
600299.SH,20001026,17.21,17.28,16.9,17.0,17.21,-0.21,-1.22,5354.0,9140.292
600299.SH,20001025,17.18,17.64,17.14,17.21,17.18,0.03,0.17,16076.0,28042.329
600299.SH,20001024,17.28,17.28,16.84,17.18,17.28,-0.1,-0.58,7093.0,12090.986
600299.SH,20001023,16.95,17.42,16.62,17.28,16.9,0.38,2.25,18241.0,31086.209
600299.SH,20001020,16.1,17.08,15.52,16.9,16.16,0.74,4.58,35110.0,58338.236
600299.SH,20001019,16.29,16.48,16.16,16.16,16.29,-0.13,-0.8,3924.0,6400.831
600299.SH,20001018,16.1,16.39,15.9,16.29,16.04,0.25,1.56,2596.0,4207.0
600299.SH,20001017,15.82,16.1,15.82,16.04,15.82,0.22,1.39,1210.0,1925.966
600299.SH,20001016,16.0,16.2,15.8,15.82,16.06,-0.24,-1.49,1656.0,2629.097
600299.SH,20001013,16.1,16.28,16.0,16.06,16.15,-0.09,-0.56,3268.0,5254.911
600299.SH,20001012,16.33,16.45,16.1,16.15,16.33,-0.18,-1.1,3516.0,5689.972
600299.SH,20001011,16.26,16.6,16.12,16.33,16.26,0.07,0.43,6065.0,9952.628
600299.SH,20001010,16.0,16.35,15.91,16.26,15.96,0.3,1.88,4012.0,6471.002
600299.SH,20001009,16.18,16.18,15.7,15.96,15.96,0.0,0.0,2535.0,4017.378
600299.SH,20000929,15.55,16.2,15.55,15.96,15.58,0.38,2.44,3625.0,5771.922
600299.SH,20000928,15.79,15.88,15.51,15.58,15.79,-0.21,-1.33,2328.0,3641.014
600299.SH,20000927,15.98,15.98,15.5,15.79,15.7,0.09,0.57,3465.0,5430.828
600299.SH,20000926,15.47,15.8,15.47,15.7,15.45,0.25,1.62,2065.0,3236.821
600299.SH,20000925,15.3,15.8,15.3,15.45,15.31,0.14,0.91,1722.0,2662.076
600299.SH,20000922,15.65,15.65,15.28,15.31,15.68,-0.37,-2.36,3650.0,5652.986
600299.SH,20000921,15.89,15.89,15.5,15.68,15.88,-0.2,-1.26,2519.0,3949.158
600299.SH,20000920,15.6,15.99,15.58,15.88,15.6,0.28,1.79,3094.0,4869.944
600299.SH,20000919,15.9,15.99,15.58,15.6,16.0,-0.4,-2.5,5086.0,7989.685
600299.SH,20000918,16.25,16.25,15.99,16.0,16.22,-0.22,-1.36,5474.0,8771.491
600299.SH,20000915,16.41,16.46,16.08,16.22,16.46,-0.24,-1.46,6826.0,11065.578
600299.SH,20000914,16.66,16.8,16.37,16.46,16.66,-0.2,-1.2,4419.0,7283.474
600299.SH,20000913,16.7,16.74,16.55,16.66,16.7,-0.04,-0.24,2728.0,4535.454
600299.SH,20000912,16.8,16.83,16.51,16.7,16.69,0.01,0.06,2639.0,4397.364
600299.SH,20000911,16.48,16.7,16.4,16.69,16.47,0.22,1.34,2541.0,4196.132
600299.SH,20000908,16.45,16.6,16.38,16.47,16.43,0.04,0.24,2620.0,4316.122
600299.SH,20000907,16.3,16.6,16.3,16.43,16.26,0.17,1.05,3310.0,5430.628
600299.SH,20000906,16.42,16.6,16.25,16.26,16.39,-0.13,-0.79,4730.42,7759.991
600299.SH,20000905,17.0,17.02,16.35,16.39,16.98,-0.59,-3.47,4598.0,7668.675
600299.SH,20000904,16.93,17.0,16.55,16.98,16.93,0.05,0.3,5150.0,8637.213
600299.SH,20000901,17.01,17.1,16.9,16.93,17.07,-0.14,-0.82,8940.0,15196.931
600299.SH,20000831,17.33,17.5,17.07,17.07,17.5,-0.43,-2.46,8581.0,14771.84
600299.SH,20000830,18.0,18.08,17.5,17.5,17.93,-0.43,-2.4,7235.0,12850.153
600299.SH,20000829,17.75,18.08,17.6,17.93,17.74,0.19,1.07,11795.0,21068.336
600299.SH,20000828,17.54,17.97,17.54,17.74,17.54,0.2,1.14,8240.0,14615.477
600299.SH,20000825,17.27,17.7,17.25,17.54,17.24,0.3,1.74,6749.0,11816.905
600299.SH,20000824,17.27,17.4,17.06,17.24,17.27,-0.03,-0.17,8118.0,13963.817
600299.SH,20000823,17.3,17.45,16.7,17.27,17.35,-0.08,-0.46,16125.0,27562.681
600299.SH,20000822,17.85,17.9,17.35,17.35,17.85,-0.5,-2.8,6634.0,11731.494
600299.SH,20000821,17.45,17.95,17.26,17.85,17.45,0.4,2.29,7772.0,13569.635
600299.SH,20000818,17.65,17.8,17.3,17.45,17.65,-0.2,-1.13,6895.0,12080.959
600299.SH,20000817,17.77,17.9,17.63,17.65,17.8,-0.15,-0.84,5317.0,9424.511
600299.SH,20000816,17.98,18.0,17.65,17.8,17.95,-0.15,-0.84,6279.0,11148.914
600299.SH,20000815,18.05,18.15,17.8,17.95,18.04,-0.09,-0.5,10212.0,18340.938
600299.SH,20000814,17.6,18.2,17.51,18.04,17.6,0.44,2.5,15579.0,28049.044
600299.SH,20000811,17.92,17.98,17.5,17.6,17.9,-0.3,-1.68,10175.0,18032.532
600299.SH,20000810,17.35,17.98,17.35,17.9,17.33,0.57,3.29,21833.0,38777.105
600299.SH,20000809,17.11,17.51,17.09,17.33,17.11,0.22,1.29,13475.0,23280.114
600299.SH,20000808,17.2,17.25,17.08,17.11,17.2,-0.09,-0.52,6064.0,10388.738
600299.SH,20000807,17.2,17.2,17.0,17.2,17.31,-0.11,-0.64,5803.0,9937.946
600299.SH,20000804,17.2,17.44,17.04,17.31,17.16,0.15,0.87,10019.0,17268.182
600299.SH,20000803,17.4,17.45,17.1,17.16,17.41,-0.25,-1.44,9178.0,15823.433
600299.SH,20000802,17.51,17.6,17.3,17.41,17.5,-0.09,-0.51,7831.0,13647.772
600299.SH,20000801,17.2,17.5,17.15,17.5,17.14,0.36,2.1,10484.0,18225.942
600299.SH,20000731,17.21,17.3,17.04,17.14,17.21,-0.07,-0.41,10136.0,17342.977
600299.SH,20000728,16.9,17.35,16.82,17.21,16.9,0.31,1.83,14003.0,24060.742
600299.SH,20000727,17.18,17.3,16.81,16.9,17.16,-0.26,-1.52,27636.0,47011.89
600299.SH,20000726,17.48,17.75,17.03,17.16,17.78,-0.62,-3.49,39018.0,67213.802
600299.SH,20000725,17.6,18.05,17.6,17.78,17.65,0.13,0.74,8007.0,14272.401
600299.SH,20000724,18.15,18.16,17.56,17.65,18.22,-0.57,-3.13,18914.0,33592.125
600299.SH,20000721,18.45,18.48,18.2,18.22,18.32,-0.1,-0.55,9153.0,16742.229
600299.SH,20000720,18.08,18.6,18.08,18.32,18.2,0.12,0.66,12096.0,22220.063
600299.SH,20000719,18.32,18.4,18.0,18.2,18.34,-0.14,-0.76,16657.0,30154.149
600299.SH,20000718,18.1,18.68,17.81,18.34,18.25,0.09,0.49,39214.0,71643.321
600299.SH,20000717,18.98,19.2,18.05,18.25,19.62,-1.37,-6.98,67886.0,126206.285
600299.SH,20000714,19.48,20.56,19.3,19.62,18.69,0.93,4.98,156319.0,312623.452
600299.SH,20000713,17.18,18.69,17.1,18.69,16.99,1.7,10.01,58744.0,105202.205
600299.SH,20000712,16.95,17.3,16.78,16.99,16.83,0.16,0.95,16168.0,27610.509
600299.SH,20000711,17.0,17.01,16.68,16.83,16.88,-0.05,-0.3,7875.0,13237.372
600299.SH,20000710,16.87,17.07,16.63,16.88,16.78,0.1,0.6,9382.0,15809.054
600299.SH,20000707,16.57,16.85,16.48,16.78,16.5,0.28,1.7,4257.0,7113.587
600299.SH,20000706,16.47,16.64,16.32,16.5,16.48,0.02,0.12,4583.0,7562.754
600299.SH,20000705,16.6,16.75,16.45,16.48,16.55,-0.07,-0.42,5081.0,8419.779
600299.SH,20000704,16.51,16.58,16.26,16.55,16.59,-0.04,-0.24,11598.0,19025.341
600299.SH,20000703,16.8,16.9,16.57,16.59,16.9,-0.31,-1.83,9987.0,16678.489
600299.SH,20000630,16.92,17.18,16.8,16.9,16.99,-0.09,-0.53,13522.0,22932.469
600299.SH,20000629,17.25,17.4,16.96,16.99,17.39,-0.4,-2.3,9276.0,15795.245
600299.SH,20000627,17.35,17.45,17.1,17.39,17.37,0.02,0.12,11363.0,19662.285
600299.SH,20000626,17.3,17.65,17.28,17.37,17.0,0.37,2.18,22752.0,39684.213
600299.SH,20000623,16.65,17.17,16.65,17.0,16.61,0.39,2.35,12906.0,21922.117
600299.SH,20000622,16.79,16.95,16.52,16.61,16.69,-0.08,-0.48,8265.0,13801.339
600299.SH,20000621,16.55,17.0,16.51,16.69,16.56,0.13,0.79,8976.0,15084.69
600299.SH,20000620,17.0,17.01,16.51,16.56,17.0,-0.44,-2.59,13042.0,21752.316
600299.SH,20000619,17.03,17.21,16.9,17.0,16.99,0.01,0.06,8412.0,14323.5
600299.SH,20000616,16.92,17.3,16.9,16.99,16.91,0.08,0.47,15124.0,25799.536
600299.SH,20000615,17.0,17.1,16.81,16.91,17.0,-0.09,-0.53,8739.0,14801.706
600299.SH,20000614,17.1,17.2,16.75,17.0,17.08,-0.08,-0.47,13988.0,23649.355
600299.SH,20000613,17.0,17.34,16.96,17.08,17.01,0.07,0.41,11529.0,19711.846
600299.SH,20000612,16.8,17.12,16.68,17.01,16.95,0.06,0.35,14208.0,24007.918
600299.SH,20000609,17.47,17.8,16.9,16.95,17.49,-0.54,-3.09,23619.0,40772.026
600299.SH,20000608,17.16,17.75,16.91,17.49,17.2,0.29,1.69,25187.0,43621.634
600299.SH,20000607,17.5,17.58,17.06,17.2,17.37,-0.17,-0.98,23582.0,40633.496
600299.SH,20000606,17.1,17.99,17.1,17.37,16.99,0.38,2.24,76259.0,133948.272
600299.SH,20000605,16.03,17.28,16.03,16.99,16.0,0.99,6.19,70862.0,119327.221
600299.SH,20000602,16.18,16.2,15.9,16.0,16.12,-0.12,-0.74,20320.0,32526.49
600299.SH,20000601,16.35,16.45,16.03,16.12,16.35,-0.23,-1.41,18945.0,30620.702
600299.SH,20000531,16.2,16.5,16.17,16.35,16.21,0.14,0.86,17169.0,28001.686
600299.SH,20000530,16.4,16.77,16.16,16.21,16.38,-0.17,-1.04,19680.0,32245.756
600299.SH,20000529,16.31,16.49,16.15,16.38,16.3,0.08,0.49,29090.0,47406.399
600299.SH,20000526,16.8,16.97,16.23,16.3,16.75,-0.45,-2.69,21651.0,35675.72
600299.SH,20000525,16.6,17.18,16.6,16.75,16.45,0.3,1.82,34066.0,57301.23
600299.SH,20000524,16.69,16.78,16.36,16.45,16.68,-0.23,-1.38,36258.0,59934.865
600299.SH,20000523,16.38,17.08,16.17,16.68,16.27,0.41,2.52,81372.0,135969.216
600299.SH,20000522,15.88,16.28,15.77,16.27,15.8,0.47,2.97,37056.0,59322.859
600299.SH,20000519,15.67,16.24,15.48,15.8,15.62,0.18,1.15,39289.0,62382.469
600299.SH,20000518,15.25,15.63,15.11,15.62,15.25,0.37,2.43,15272.0,23525.416
600299.SH,20000517,15.51,15.7,15.08,15.25,15.5,-0.25,-1.61,12937.0,19965.821
600299.SH,20000516,15.5,15.77,15.36,15.5,15.31,0.19,1.24,17704.0,27449.829
600299.SH,20000515,15.3,15.49,15.01,15.31,15.22,0.09,0.59,13567.0,20756.081
600299.SH,20000512,15.0,15.53,14.81,15.22,14.83,0.39,2.63,31895.0,48574.845
600299.SH,20000511,15.35,15.5,14.65,14.83,15.4,-0.57,-3.7,25521.0,38170.738
600299.SH,20000510,15.8,15.85,15.33,15.4,15.84,-0.44,-2.78,32357.0,50405.758
600299.SH,20000509,15.75,16.57,15.4,15.84,15.69,0.15,0.96,84619.0,136179.301
600299.SH,20000508,15.28,15.87,14.99,15.69,15.2,0.49,3.22,47009.0,72843.962
600299.SH,20000428,14.69,15.45,14.55,15.2,14.63,0.57,3.9,45942.0,69454.418
600299.SH,20000427,14.7,14.93,14.5,14.63,14.77,-0.14,-0.95,21817.0,31904.741
600299.SH,20000426,15.0,15.26,14.68,14.77,15.05,-0.28,-1.86,21276.0,31674.77
600299.SH,20000425,14.53,15.44,14.51,15.05,14.53,0.52,3.58,53992.0,81554.676
600299.SH,20000424,14.7,15.1,14.36,14.53,14.88,-0.35,-2.35,44795.0,65689.733
600299.SH,20000421,15.39,15.39,14.6,14.88,15.52,-0.64,-4.12,92589.0,138952.111
600299.SH,20000420,17.5,17.5,15.5,15.52,6.41,9.11,142.12,384493.0,619266.98
